from	to	label	distance	angle
1	235	1	0.24407357	0.25819785
1	390	2	0.56113589	-0.0097065471
1	405	3	0.3764999	-2.2818145
1	470	4	0.96439214	-2.334103
2	28	5	1.6966127	0.31862798
2	78	6	0.64730615	-3.0613657
2	125	7	0.88664818	-2.5919255
2	188	8	0.94953916	0.4658315
2	229	9	0.98329272	0.0045535381
3	64	10	1.1979188	-0.86667588
3	93	11	0.32315738	-0.49550516
3	277	12	0.36023449	2.728329
3	397	13	1.0523076	-0.82370103
3	448	14	0.69047817	2.4252162
4	20	15	0.84492183	-1.6560622
4	48	16	0.23805885	-0.96591537
4	165	17	0.43253426	-1.6461958
4	206	18	0.91983039	1.5836029
4	260	19	0.34959474	-0.27934305
4	289	20	0.75663755	1.1807013
4	393	21	0.86245263	-1.3315992
4	426	22	0.41267866	1.595773
5	18	23	0.21120318	-3.0049083
5	141	24	0.96461746	2.6702281
5	373	25	0.89484798	-0.34211027
5	433	26	0.36377967	2.7455193
5	438	27	0.72800193	-0.32609782
5	467	28	0.16934978	-2.3416701
6	129	29	0.90627396	-1.8477992
6	140	30	0.87588409	0.82940149
6	151	31	0.34796035	-0.5729857
6	258	32	0.47182532	0.8942721
6	322	33	0.58179392	-1.7186538
7	101	34	0.79051914	-2.8526555
7	105	35	0.91348562	-2.5682224
7	321	36	0.25548579	-0.37530737
7	420	37	0.32384011	1.7665025
8	74	38	0.18449742	-2.2648932
8	309	39	0.75234006	0.088219689
8	370	40	0.78757533	0.95141545
9	91	41	0.47730513	0.2792687
9	160	42	0.53082581	0.6538688
9	242	43	0.37509675	-1.5970504
9	441	44	0.18853335	2.2309236
10	69	45	1.0808969	1.8277826
10	215	46	0.30193496	-1.9879513
10	225	47	0.42745159	-1.8616539
10	312	48	0.82556473	2.0749564
11	32	49	0.39921441	-1.9119513
11	60	50	0.5010905	0.75900784
11	98	51	0.30744687	-0.92870718
11	115	52	0.90872235	-2.4179233
11	227	53	0.56174292	-3.1340637
11	386	54	1.5013657	1.037541
12	160	55	0.23562985	2.2085081
12	248	56	0.22018037	-1.8284035
12	425	57	0.29369042	-0.5717214
12	482	58	0.51382719	-2.7752315
13	236	59	0.8569997	-1.459774
13	260	60	1.0972727	-1.6984626
13	263	61	0.26159541	2.2345051
13	268	62	0.87379142	1.6934818
13	289	63	0.34742798	-2.1426203
13	400	64	0.45653723	1.1544858
13	401	65	0.62624734	-0.52535119
14	63	66	0.87680595	0.29893046
14	88	67	0.86995783	2.3065437
14	136	68	0.95970565	-2.7739714
14	251	69	0.58356194	-0.15185243
14	311	70	0.61063644	-1.7577081
14	384	71	0.98095506	0.94315422
14	427	72	0.67668363	-0.53637069
15	45	73	0.54583412	0.39206794
15	170	74	0.24682652	1.8113702
15	255	75	0.45548049	-1.5685707
15	297	76	1.0251529	-2.6119687
15	406	77	0.50700013	1.0284506
15	442	78	0.4995062	-3.1202826
16	139	79	0.33865438	0.64209974
16	370	80	0.11924	2.4934581
16	381	81	0.8989924	-0.28942664
16	486	82	0.61672784	-3.0556184
17	67	83	0.57684444	-1.3251322
17	154	84	1.3203455	2.0721657
17	193	85	0.71848693	-0.53930726
17	325	86	0.23379079	1.0954237
17	372	87	0.90991273	-1.9574251
17	398	88	1.1854185	2.1951197
18	168	89	1.3941594	2.5399364
18	359	90	0.77701026	0.78767146
18	467	91	0.13006466	-0.79333457
18	485	92	0.57678171	-0.085628123
19	36	93	0.093900648	1.8140144
19	61	94	0.79202487	0.058031606
19	202	95	0.5334203	-0.068075807
19	371	96	0.17288691	-2.8439529
19	373	97	0.52996589	2.8325654
19	438	98	0.69664004	2.807913
20	165	99	0.41243071	1.4751831
20	293	100	0.59671843	-0.52560389
20	393	101	0.27631867	0.01431361
21	68	102	0.98581761	-3.1293571
21	287	103	1.0229559	-2.4169897
21	302	104	0.48066898	0.093062048
21	309	105	0.56531662	2.4817348
22	288	106	0.73481739	-1.8216943
22	357	107	1.8161604	0.3445685
22	418	108	1.1923861	3.088973
22	435	109	0.58274296	-3.1383021
22	464	110	0.86749882	-2.8241763
23	36	111	0.38204041	0.023878934
23	350	112	0.31052573	2.4655553
23	371	113	0.27360389	-0.5064419
23	438	114	0.29276014	2.618902
23	440	115	0.69424267	0.22793188
24	77	116	1.2557125	2.6374279
24	230	117	1.0864583	3.1379182
24	234	118	0.57794149	2.0705088
24	294	119	0.76872463	-1.0722475
24	345	120	0.60234642	1.0229806
24	434	121	0.99746112	-0.74535165
25	108	122	1.1674837	-0.16369617
25	117	123	0.50287268	1.6585421
25	121	124	0.68968809	-3.1300781
25	363	125	1.0407587	-1.528414
26	31	126	0.93564984	2.0626467
26	124	127	0.76989588	-0.61757054
26	153	128	0.18364733	-2.7395295
26	417	129	0.36853719	-0.28080118
26	440	130	0.54521122	-0.91236954
27	111	131	1.3101958	1.0700287
27	227	132	1.0465212	-1.8254946
27	296	133	0.058895527	1.347888
28	131	134	0.23825315	1.6412675
28	188	135	0.7700419	-3.0048274
28	209	136	0.30966059	0.85652385
28	210	137	0.57574028	-1.2080931
28	229	138	0.81978022	-2.4433566
29	61	139	0.44070802	-0.58700218
29	288	140	0.61591922	0.1384849
29	445	141	0.51729786	-2.2853684
29	464	142	0.52703009	1.6309892
29	500	143	0.73181914	2.9252643
30	96	144	0.74211889	1.5818359
30	178	145	0.97332939	1.8345469
30	226	146	0.52093254	2.3507051
30	312	147	1.2797834	-1.0047323
30	439	148	0.34778679	-0.47131625
30	499	149	0.44256912	-1.0302361
31	136	150	1.247359	-0.46996318
31	153	151	0.93720447	-1.2753695
31	199	152	0.79758515	0.5766865
31	359	153	0.7189768	-2.3498929
31	417	154	1.2217432	-0.86123085
31	434	155	1.5778169	2.3404224
31	459	156	0.38453743	2.3686684
31	484	157	0.25043367	0.74554567
32	98	158	0.34325357	0.38838934
32	115	159	0.59203631	-2.7508478
32	122	160	0.81831786	-2.6355621
32	299	161	0.72932928	-1.8358118
33	128	162	1.0941885	3.0137614
33	139	163	0.65753517	-2.8625852
33	149	164	0.74637775	2.8502474
33	242	165	0.82029227	-0.75041675
33	342	166	0.38461397	1.6835577
33	381	167	0.64183092	-1.6358353
33	441	168	0.49547383	-0.071710923
34	155	169	0.81305251	1.0158269
34	357	170	1.1852856	-2.0131625
35	38	171	0.39193978	-2.3275993
35	115	172	0.54963166	-0.074602449
35	122	173	0.43497839	-0.50940017
35	169	174	0.49922896	-1.6788505
35	184	175	0.18593505	1.6569717
35	227	176	0.86894257	0.69507058
35	237	177	1.1911206	1.2024531
35	420	178	0.74075482	-2.3813686
36	185	179	0.65374935	-0.41181334
36	202	180	0.56924321	-0.22575726
36	371	181	0.20117984	-2.359122
36	440	182	0.32935615	0.4652064
37	72	183	0.6781964	-2.1676478
37	112	184	0.92937278	0.71435774
37	191	185	0.46721558	-2.7779613
37	330	186	0.8085842	2.3261929
37	384	187	0.50291786	-1.1093681
37	494	188	1.111041	1.1385274
38	63	189	0.72092201	2.6585842
38	184	190	0.53399262	1.0769887
38	251	191	0.89960012	-3.1286266
38	420	192	0.35001589	-2.4415857
38	427	193	0.93433217	-2.8493434
39	103	194	0.46505436	-1.0291153
39	118	195	0.87283763	1.9853172
39	319	196	0.71250368	2.8689098
39	407	197	1.0477622	-2.3140705
39	416	198	0.91452206	-1.7471227
40	59	199	0.98563693	-1.8752803
40	84	200	0.99973239	-2.3343978
40	123	201	0.68790878	-0.84333436
40	151	202	0.59231093	2.5601382
40	208	203	0.72041733	0.85919314
40	413	204	1.0481212	1.5727404
41	42	205	0.39522984	1.5825248
41	149	206	0.29651576	3.030049
41	181	207	0.67140059	-2.8456344
41	218	208	0.60036779	-1.1008424
41	290	209	0.86054964	-2.7367265
41	339	210	0.59122212	-0.28092893
42	149	211	0.46401332	-2.246009
42	342	212	0.42827872	-0.47118973
43	70	213	0.60637852	2.435942
43	113	214	0.67157127	0.75844443
43	195	215	0.76941528	-2.7750313
43	217	216	0.49044137	-1.0875045
44	50	217	0.34705818	-2.5155352
44	125	218	0.86704377	0.95734616
44	208	219	1.154738	-2.0286282
45	166	220	1.0201133	0.50751634
45	197	221	0.92720681	0.88135629
45	255	222	0.83328705	-2.2194539
45	406	223	0.33143712	2.3925736
45	473	224	0.5485253	-0.5797655
46	331	225	0.57979565	0.20165976
46	379	226	0.97668673	2.2646003
46	433	227	0.17982136	-0.091111993
46	456	228	0.51880065	-0.096258468
46	498	229	0.88155706	2.0539326
47	283	230	0.8620156	2.3839015
47	418	231	0.60121052	1.0370127
47	464	232	0.69721134	0.26722578
47	500	233	0.18519413	-1.6280236
48	182	234	0.18438256	0.70289285
48	236	235	0.54994016	0.6574018
48	260	236	0.22394987	0.46003069
48	292	237	0.94822076	-0.95571853
49	129	238	0.21019553	2.0060741
49	148	239	0.55028425	-1.4544045
49	151	240	0.98348967	1.0937264
49	157	241	0.3222025	-1.3715857
50	125	242	1.2005492	0.86317942
50	208	243	0.86342126	-1.8394279
50	382	244	0.78370518	-2.7515176
51	90	245	0.60905488	0.18932896
51	152	246	0.82741535	2.2581284
51	280	247	0.56617324	0.71223702
51	284	248	0.82570899	-0.12334825
51	399	249	0.59409249	-3.0555673
51	436	250	0.45012259	1.4413292
51	448	251	1.0892935	-1.3321357
52	190	252	0.95109921	-1.7771223
52	225	253	0.84416191	1.1994793
52	318	254	0.65825554	-2.0182151
52	332	255	0.47600628	-0.5503023
52	351	256	0.8552114	-1.5390716
52	366	257	0.91703477	1.6703805
52	451	258	0.092771757	-2.0436412
53	235	259	0.41874902	0.26330186
53	316	260	0.70850463	0.41038394
53	405	261	0.25083769	-1.8843628
53	431	262	0.47899767	-1.4471252
54	355	263	0.65572552	-1.9299967
54	390	264	0.76231095	0.2122871
54	442	265	0.41588779	-0.68404861
54	480	266	1.4855936	-2.3028002
55	113	267	1.4564405	-2.7718982
55	201	268	1.3374972	1.4728588
55	216	269	0.84011918	1.3595568
55	264	270	0.69735715	0.78257069
55	291	271	0.94427829	-2.5883905
55	365	272	0.89346813	2.0387138
55	450	273	0.57508377	-1.7570072
55	497	274	0.59499258	-0.727391
56	203	275	0.43280969	-2.3128712
56	243	276	0.52442002	-2.0068961
56	455	277	0.71569451	1.2648654
56	458	278	0.91415289	-2.0420415
56	461	279	0.44878405	1.1879132
57	95	280	1.1495259	-1.6590036
57	150	281	0.85446668	0.78160907
57	266	282	0.59646282	-3.1289774
57	272	283	0.89977652	-0.765891
57	279	284	0.5881047	1.6580225
58	69	285	0.73303661	-0.68896731
58	231	286	1.0441098	-1.3030285
58	325	287	0.68048266	-2.2308129
58	369	288	0.63378858	1.8036509
58	429	289	1.0751049	2.2352448
58	439	290	0.14874981	1.1166479
59	84	291	0.45197507	2.6379228
59	123	292	0.86535467	0.5154082
59	148	293	0.60718788	-2.8841106
59	150	294	1.4305402	-1.262194
59	388	295	0.85876934	-1.8065841
60	98	296	0.61770375	-1.865524
60	214	297	1.5495838	1.1858443
60	222	298	0.10079199	0.80518564
60	317	299	0.13247916	-2.1591883
60	386	300	1.0288536	1.1718534
61	82	301	0.14693405	-0.038432485
61	185	302	0.30454727	-2.3509349
61	202	303	0.27126775	-2.8336471
61	288	304	0.40915678	0.93462896
61	343	305	0.62540274	0.19275828
61	373	306	1.3006684	3.0528734
61	421	307	1.0944531	0.37506272
61	445	308	0.72099173	-2.9367497
62	75	309	0.36983987	1.7718344
62	76	310	1.3017575	1.5633091
62	214	311	0.73129647	-2.1286492
62	298	312	0.23798112	-2.4776759
62	335	313	0.11842135	1.6499101
62	344	314	0.93074778	-1.9766318
63	184	315	0.90177114	0.15068521
63	262	316	1.216108	0.82940972
63	384	317	0.59635238	2.02541
64	159	318	0.69474688	-0.65735419
64	167	319	0.99433762	-1.2298692
64	194	320	1.2469174	-1.1183955
64	397	321	0.15339607	1.9757546
64	447	322	0.60662947	1.1159327
65	78	323	1.117989	-2.7315938
65	131	324	1.2710298	0.29981088
65	188	325	0.46939976	0.069798045
65	228	326	1.0956911	0.46640847
65	390	327	1.167268	-2.7768488
65	394	328	0.33064573	-2.6931661
66	146	329	0.51999139	-2.3798613
66	183	330	0.77862644	1.8649488
66	314	331	0.80350478	1.7081848
67	106	332	0.88727729	-1.5709975
67	193	333	0.51292789	0.3806232
67	362	334	0.56639954	-0.72358688
67	372	335	0.56024912	-2.6115966
68	74	336	0.3611893	2.7117802
68	110	337	0.8492263	-2.1728014
68	287	338	0.70132368	-1.2520283
68	309	339	0.64747506	0.58697994
69	225	340	1.4628322	-1.4665999
69	231	341	0.61352294	-2.0623547
69	439	342	0.78115857	2.2663538
70	71	343	0.83278217	2.6175206
70	113	344	0.95154673	0.072206165
70	195	345	0.71658631	-1.937209
70	463	346	1.4370316	1.5401461
71	134	347	1.2444067	1.7269233
71	162	348	0.38258294	-1.4449975
71	195	349	1.1808528	-1.166713
71	430	350	1.2139602	2.1368591
71	453	351	0.68336632	2.2275454
71	463	352	1.2747305	0.92708582
72	88	353	0.55616246	-3.072398
72	191	354	0.39864875	1.7104469
72	384	355	0.61511577	0.18082158
73	249	356	0.29789305	1.9221111
73	297	357	0.77102274	0.41111026
73	355	358	0.71162582	0.71087338
73	455	359	0.60026649	-2.605745
73	480	360	0.22475183	-3.0219307
74	110	361	0.86401994	-1.7483165
74	166	362	0.67653611	2.9135355
74	309	363	0.89204744	0.23544812
74	473	364	1.2671185	-2.6090707
74	486	365	0.66050657	1.4861496
75	135	366	0.19586351	2.5220574
75	220	367	1.2833173	1.6391769
75	298	368	0.52155381	-1.7903243
76	215	369	1.0348663	1.9100927
76	220	370	0.38159054	2.0362956
76	238	371	0.099902971	-1.0414822
76	270	372	0.13588255	1.3856174
76	335	373	1.1838242	-1.5869358
77	221	374	0.55593795	1.9686412
77	230	375	0.60275347	-1.5491877
77	261	376	0.96439326	2.8867584
77	423	377	0.7225969	-2.8915387
77	469	378	0.8514204	1.3904379
78	125	379	0.42597984	-1.8339757
78	235	380	0.40215578	2.8979098
78	316	381	0.30705748	2.0622977
78	390	382	0.071418532	2.7194172
79	95	383	0.44154335	-0.86473325
79	247	384	0.84680646	2.2242205
79	266	385	0.82826582	1.8254616
79	389	386	0.10157103	-2.7749017
80	87	387	0.46534331	-2.1062609
80	126	388	0.57896708	-0.51480727
80	144	389	0.30834585	1.0050022
80	282	390	0.46319784	1.442439
80	329	391	0.18802875	2.0363364
80	488	392	0.18453217	1.3260164
81	224	393	0.92685423	-0.98320195
81	233	394	0.30000136	2.8999333
81	248	395	0.1065059	0.20592312
81	274	396	0.48209061	-2.3763572
81	346	397	0.88622165	-0.43858712
82	105	398	1.0773348	0.1109872
82	124	399	0.41474969	2.6818746
82	185	400	0.41808837	-2.6130506
82	415	401	0.49291348	0.28588212
83	346	402	0.30297282	3.1333589
83	354	403	0.19012742	0.46798113
84	148	404	0.41899333	-2.0449971
84	151	405	1.0657252	1.3854788
84	157	406	0.2383937	-2.5033573
84	479	407	0.67215263	1.4430268
85	90	408	0.6379139	2.3631022
85	178	409	0.18092777	-0.22375628
85	226	410	0.61278053	-1.4664257
85	284	411	0.3285549	2.3587416
86	95	412	1.2297708	2.4748402
86	272	413	1.3000574	1.7381876
86	356	414	0.49575785	-3.058886
86	379	415	1.26006	-0.90259184
86	454	416	0.64431986	-0.28813619
86	476	417	0.9523393	0.89917489
86	487	418	0.91614626	-1.1734571
87	126	419	0.75025154	0.15408506
87	244	420	0.57403581	1.5767748
87	273	421	0.52220978	-2.1690555
87	313	422	0.17394372	0.60344427
87	321	423	0.17715116	-2.0272489
87	326	424	0.93574615	-2.675817
87	421	425	1.3112162	-2.9313502
87	443	426	0.63718014	0.33893245
88	136	427	1.0377629	-1.8758822
88	145	428	0.65758451	1.4438308
88	199	429	0.75531486	3.1284675
88	310	430	0.23175178	0.79253821
88	338	431	0.98870203	2.2611924
89	100	432	0.76504886	2.2885521
89	168	433	1.3837299	-0.69796912
89	175	434	0.15301431	0.84164912
89	269	435	0.10077798	-1.5707863
89	300	436	0.30691046	-0.78644374
89	315	437	0.076370408	-0.56007276
89	340	438	1.1102953	2.2098677
90	178	439	0.79742467	-0.6586972
90	280	440	0.30659072	2.1571066
90	354	441	0.39355655	0.97097403
91	160	442	0.19494685	1.7642438
91	212	443	0.40548914	-0.65615786
91	334	444	1.0215941	-0.47991806
91	404	445	0.43807636	-3.0157901
92	169	446	0.19023755	0.47423452
92	321	447	0.33881157	-1.609331
92	420	448	0.32205336	2.913736
92	492	449	0.24759361	0.76853498
93	172	450	0.44515341	-2.0104645
93	277	451	0.68281587	2.6894405
93	397	452	0.75363203	-0.96236249
94	298	453	0.71121701	1.2419819
94	344	454	0.060970272	-0.61920036
94	460	455	0.28072955	-1.7583879
95	100	456	0.43276676	-1.6530079
95	266	457	1.2406264	1.9813457
95	272	458	0.91323319	0.60758213
95	356	459	0.93031564	-1.038269
95	389	460	0.48490882	2.4756839
96	127	461	0.24084815	-0.57301206
96	178	462	0.31518748	2.4640005
96	354	463	1.2037065	2.1451776
96	439	464	0.95453848	-1.2310915
97	385	465	0.67104347	-0.56315211
97	391	466	0.86912083	1.746987
97	475	467	0.71138178	-2.5620649
98	299	468	0.97678565	-2.1185927
98	317	469	0.49239162	1.354028
98	323	470	0.37569367	-2.1024914
98	341	471	0.9793383	-2.2478195
99	165	472	0.59279165	1.9568235
99	247	473	0.50437687	1.659141
99	293	474	0.30027428	-0.56500291
99	389	475	0.42844204	-0.50258248
99	410	476	0.87173216	1.73058
99	462	477	0.36156518	-0.59517024
100	269	478	0.84357183	-0.93169288
100	340	479	0.3527767	2.0385683
100	356	480	0.62846731	-0.62985901
100	389	481	0.80853468	2.0126914
100	462	482	0.84704686	2.0921002
101	105	483	0.27046202	-1.6064789
101	311	484	0.67350446	2.7692782
101	415	485	0.65711355	-2.7503016
101	420	486	0.88173602	0.66330102
102	156	487	0.37792217	2.0120239
102	176	488	0.67488041	0.10852628
102	337	489	0.74457065	-2.627802
102	444	490	0.6555842	-1.8717943
103	111	491	1.347714	-1.8713406
103	118	492	1.3354401	2.0294946
103	146	493	0.38232587	-0.65351415
103	167	494	1.2972256	1.797208
103	192	495	0.06467149	0.18607712
103	194	496	1.0826068	1.6434735
103	271	497	1.0034658	-1.3803613
103	416	498	0.64188796	-2.2439566
104	278	499	0.6716117	-2.0060913
104	304	500	0.64497204	-0.64075045
104	380	501	0.60019237	0.96655431
105	273	502	0.79961057	0.16252905
105	326	503	0.2843376	0.51740539
105	415	504	0.59812231	3.1086863
106	161	505	0.67777121	-1.2504603
106	362	506	0.66540423	0.87864302
106	372	507	0.77354592	2.2455028
106	472	508	1.1394134	-1.6597201
107	206	509	0.34202539	-2.2085682
107	219	510	0.41796821	1.3104879
107	263	511	0.12277817	0.028238934
107	289	512	0.50395521	-1.3794014
107	437	513	0.30225667	1.7580226
108	177	514	0.60615527	-0.083337745
108	295	515	0.87360608	1.8776786
108	308	516	1.3177443	-1.4594378
109	154	517	1.6969251	-0.62429504
109	224	518	0.88260036	0.18411134
109	274	519	0.59906382	1.560481
109	361	520	0.48175209	-2.4783231
110	121	521	0.80341692	-0.89550301
110	287	522	0.70152782	0.048400855
110	376	523	0.60518307	-2.2729543
110	473	524	0.96165177	2.9245169
111	271	525	0.66182866	0.47380864
111	296	526	1.2536633	-2.0844504
111	327	527	1.0378987	-2.2842718
111	416	528	0.78544083	1.5723419
112	239	529	0.7065154	0.095508418
112	262	530	0.92365784	-0.85678354
112	384	531	1.1621466	-1.9949127
112	450	532	1.0127227	1.9198826
112	494	533	0.46477378	2.1051532
112	497	534	1.1396539	1.3903921
113	217	535	0.93301355	-1.8527465
113	291	536	0.55542154	0.054253924
113	365	537	1.6322632	0.94577541
113	395	538	0.40553746	-0.8653149
113	396	539	1.3479065	1.6131508
114	230	540	0.57955754	-0.11784109
114	259	541	0.89207795	-0.77543706
114	423	542	0.38135686	1.9399651
115	122	543	0.24007343	-2.3479403
115	227	544	0.609256	1.37379
116	253	545	0.63279812	-2.1910654
116	286	546	0.27540696	2.5394504
116	317	547	0.18535588	0.47836027
116	323	548	0.73135232	-1.7520366
117	121	549	0.8220243	-2.4740522
117	250	550	0.18619976	3.007575
117	257	551	0.52954939	1.3712614
117	295	552	0.94273265	0.1507647
118	167	553	0.30743179	0.21877413
118	397	554	1.1485757	1.6516792
118	495	555	0.73685045	2.2463755
119	130	556	0.78943063	2.6781794
119	409	557	0.55466951	0.9660422
119	459	558	0.43421519	-2.2776169
119	484	559	0.46400488	-1.1787435
120	292	560	0.19787238	1.2732252
120	293	561	0.18120069	3.041048
120	393	562	0.52908297	2.4883977
120	412	563	0.10794154	0.15984414
120	423	564	0.51088451	0.59592342
120	462	565	0.13657917	-2.9668048
121	147	566	1.0335536	-2.4014402
121	250	567	0.70530832	0.85836313
121	257	568	1.2727649	0.94012025
121	287	569	0.69017894	1.279116
121	363	570	1.2661575	-0.9526807
121	376	571	0.90822917	2.9588402
121	378	572	1.3123042	-1.6239744
122	169	573	0.51843043	-2.5613937
122	299	574	0.60805435	-0.52967481
122	496	575	0.29512355	-1.8765415
123	150	576	1.8175979	-1.7469055
123	208	577	1.0594382	1.5585021
123	471	578	1.7292369	1.1529157
124	185	579	0.39499764	-1.5438257
124	198	580	0.34256655	0.48699669
124	415	581	0.84579609	-0.053251967
124	417	582	0.43927811	2.2431164
124	440	583	0.29444739	3.092073
125	265	584	1.1127753	-0.0939953
125	431	585	0.62928913	-3.0205527
125	471	586	1.2650414	-1.8271907
126	144	587	0.64193721	2.1264586
126	253	588	0.93431678	1.1243214
126	323	589	0.90346821	0.78450642
126	341	590	0.29380614	0.74305007
126	443	591	0.17050749	2.5385444
127	369	592	0.30200347	-1.8936713
127	439	593	0.77805798	-1.4215617
128	139	594	0.55508308	-0.61569981
128	149	595	0.37783471	0.19955508
128	228	596	0.72011439	-2.441419
129	148	597	0.75277276	-1.3667518
129	322	598	0.33774114	1.0700839
129	437	599	0.79359667	-2.0209915
129	466	600	0.32038456	-2.6914594
130	205	601	0.98379554	2.1254377
130	211	602	0.83894723	1.0577555
130	409	603	1.0267551	0.10089207
130	434	604	0.43790697	2.7140373
130	459	605	0.80406142	-1.0150814
131	181	606	0.54479309	0.90194092
131	188	607	0.82099729	-2.711058
131	209	608	0.21965581	-0.016806758
131	228	609	0.26326256	2.6796777
131	303	610	0.13540367	0.89255782
132	268	611	0.57807076	2.9196062
132	377	612	0.7612033	1.5850267
132	400	613	0.42203449	-2.2721994
132	428	614	0.97505777	-1.2296562
132	444	615	0.96661397	0.91870393
133	137	616	0.42713723	-0.3658801
133	218	617	0.375607	-2.5001957
133	274	618	0.70806444	-0.76495521
133	339	619	0.1467128	1.6034346
133	353	620	0.7180122	-2.2824817
134	275	621	1.0138317	0.70992222
134	385	622	0.96723779	1.5369415
134	430	623	0.50125256	-2.7209933
134	463	624	0.98120733	-0.21532187
135	158	625	0.39700337	-1.7970069
135	220	626	1.1687947	1.5093471
135	298	627	0.6244542	-1.4972519
135	332	628	0.63245883	1.574249
136	198	629	0.60424688	-1.1256758
136	199	630	1.0937219	1.9883495
136	311	631	0.82265824	-0.31527212
136	417	632	0.48062191	-2.2886976
137	233	633	0.18164912	0.38500895
137	248	634	0.56418497	0.032272158
137	274	635	0.35559979	-1.2505514
137	339	636	0.50259997	2.5033238
137	441	637	0.253043	1.7990023
137	482	638	0.14794097	0.32369472
138	446	639	0.52411041	-0.27801925
138	454	640	0.60357801	-3.0321029
138	468	641	0.92782732	-1.0256751
138	476	642	1.0653326	2.1978808
138	498	643	0.87093227	-1.8285321
139	381	644	0.74806497	-0.66124677
139	486	645	0.92185052	-2.8604506
140	180	646	0.76288771	0.94583942
140	258	647	0.40620435	-2.3875599
140	382	648	0.18844556	-0.43800142
140	413	649	0.22377221	-0.52333214
140	461	650	0.43081902	-2.5493197
140	470	651	1.0086954	1.0592981
140	480	652	0.30576745	1.6249936
141	433	653	0.60249011	-0.51679759
141	487	654	0.93556286	2.4259007
142	173	655	0.44213964	-2.2277577
142	281	656	0.6965127	2.8320229
142	319	657	0.95003394	-0.77900601
142	392	658	1.3283972	-1.226462
142	495	659	0.75310585	0.75220065
143	148	660	1.2224626	1.3365951
143	247	661	0.78475341	-1.8333291
143	266	662	0.63697648	-1.4092437
143	279	663	0.64860116	-0.054434816
143	349	664	0.49580236	1.0432882
143	410	665	0.49843578	-2.2112891
143	426	666	0.38377178	2.7883844
143	437	667	1.2305031	1.7457382
144	174	668	0.92197941	1.0497246
144	253	669	0.7994203	0.38114559
144	282	670	0.22555672	2.0600702
145	191	671	0.47022329	-0.48463667
145	217	672	0.71729948	2.0063846
145	310	673	0.49368445	-1.4091964
145	330	674	0.61324485	1.0626261
145	338	675	0.72134911	2.9885149
146	192	676	0.34253994	2.3470747
146	238	677	0.54081067	0.84424086
146	241	678	0.33653413	-0.48367596
146	271	679	0.76140164	-1.7205624
147	232	680	0.96036967	2.6235878
147	256	681	0.59131074	2.0993795
147	376	682	0.87182912	1.7204245
147	378	683	0.92578115	-0.72428127
147	385	684	1.2822185	-1.9283546
147	391	685	1.1685896	3.130655
148	157	686	0.2307308	1.57141
148	349	687	0.76144894	-1.6156131
148	388	688	0.78253101	-1.0541343
148	437	689	0.49837638	3.0961654
149	181	690	0.41610409	-2.5593232
149	228	691	1.0671059	-2.6121923
149	342	692	0.6922856	0.24479572
150	272	693	1.226333	-1.5365059
150	279	694	0.65791277	-3.1172152
150	388	695	0.8258928	2.4480696
150	476	696	1.9568449	-1.1207478
151	258	697	0.55656003	1.565375
151	413	698	0.87488462	0.97226541
151	479	699	0.39657414	-1.853753
152	242	700	0.38579988	-2.653768
152	399	701	0.6938224	-1.6673967
152	436	702	0.61425996	-0.31993579
153	350	703	0.52596005	-2.4828582
153	440	704	0.61786629	-0.62073891
154	224	705	1.2608531	1.9864864
154	325	706	1.205161	-0.90796999
154	398	707	0.20454123	-1.8600416
154	429	708	0.65896384	0.7189238
155	307	709	0.97963978	-1.6717685
155	357	710	1.9952817	-2.058966
155	375	711	1.1342836	0.87078997
155	403	712	0.59734257	-0.30962075
155	472	713	1.7692921	1.3360877
156	213	714	0.37409339	1.6079808
156	305	715	0.58959418	-0.20374868
156	336	716	0.74344386	0.21187018
156	337	717	0.85907613	-2.1735845
156	493	718	0.49733474	-2.8222608
157	479	719	0.8548643	1.2406728
158	298	720	0.27174086	-1.0512054
158	332	721	1.023038	1.4857913
158	351	722	0.50605168	2.1852532
158	368	723	0.69051509	-2.5036096
158	432	724	0.52466426	-1.6287315
159	194	725	0.69698766	-1.5778404
159	223	726	0.1723489	0.57947104
159	348	727	0.65159729	-0.99231978
159	447	728	1.0100443	1.8552514
160	334	729	1.1532801	-0.6124464
160	347	730	0.758423	-0.90186616
160	425	731	0.52080822	-0.73236835
160	441	732	0.56442319	-2.8282911
160	482	733	0.5046154	-2.3086188
161	318	734	0.55247573	-1.001973
161	362	735	1.1747184	1.3899925
161	451	736	0.54202723	0.083836647
161	472	737	0.58366683	-2.1400689
162	195	738	0.81975357	-1.0381523
162	211	739	0.91896648	-1.7123477
162	276	740	0.58517361	-2.9952245
162	453	741	1.0316297	2.0386414
163	259	742	0.8984395	3.126974
163	434	743	0.86672343	-0.12845019
164	186	744	0.25461941	-2.7583814
164	244	745	0.47682557	0.18652569
164	357	746	0.58139782	1.0161216
164	421	747	1.110466	-2.3887453
165	293	748	0.85519342	-0.97938282
165	410	749	0.32271641	1.3058815
165	426	750	0.84414925	1.5444049
166	197	751	0.37321386	2.5123399
167	194	752	0.28140282	-0.71441925
167	397	753	1.1474613	1.9202776
168	175	754	1.3874154	2.3331653
169	313	755	0.1721858	-1.3422607
169	420	756	0.4831791	-3.1123555
169	477	757	0.46506451	-0.27104535
169	492	758	0.085673544	1.4683805
169	496	759	0.34476887	0.0080112375
170	390	760	0.17397199	1.672755
170	406	761	0.37491086	0.54552074
170	442	762	0.50674972	-2.6248457
171	361	763	1.7297642	2.3058204
171	372	764	1.6686004	-1.0096471
171	387	765	0.94696714	-0.98593705
171	398	766	0.66566967	0.62937044
172	277	767	0.81974881	2.115442
172	397	768	0.65663277	-0.33450274
172	424	769	0.66602376	-3.0014409
172	474	770	0.9134957	-2.0522456
172	495	771	0.82490909	-1.2600297
173	281	772	0.68624518	2.1812508
173	367	773	0.39537769	-2.3639176
173	392	774	1.1518371	-0.89727666
174	253	775	0.57653205	-1.0575482
174	282	776	0.82452018	-2.3257038
174	286	777	0.4562508	0.37866391
174	307	778	0.3614994	2.1256094
175	204	779	1.3102901	2.1028712
175	259	780	0.60897488	1.046177
175	340	781	1.0898654	2.3478314
176	189	782	1.3775893	0.63376753
176	278	783	0.94170299	-1.8003969
176	305	784	0.29542338	2.6116582
176	336	785	0.43786226	1.8140907
176	380	786	0.45006648	0.42582238
176	444	787	1.1124704	-2.4619454
177	295	788	1.2383368	2.3474631
177	308	789	1.3397034	-1.9193912
177	358	790	0.61500482	1.4020575
177	424	791	0.59116384	-0.68528155
177	448	792	0.88472702	0.96795302
178	226	793	0.58032338	-1.7660245
178	354	794	0.90978302	2.036371
179	190	795	0.1831712	1.6308718
179	351	796	0.33404332	0.88720178
179	478	797	0.41819723	-1.8407362
180	382	798	0.75104427	-1.9466457
180	405	799	0.81950535	0.96239133
180	431	800	0.74545459	0.62426879
180	470	801	0.26517308	1.3910652
181	228	802	0.65195415	-2.6459262
181	290	803	0.20645463	-2.3754443
181	303	804	0.40939735	-2.2365484
182	236	805	0.36584445	0.63448058
182	246	806	0.45318599	-1.2475382
182	292	807	0.98172626	-1.1439185
183	192	808	0.94420753	-1.9972132
183	314	809	0.12634195	0.41336188
183	348	810	0.39834139	2.0159703
184	237	811	1.0273114	1.1229085
184	262	812	0.76478771	1.6628489
185	440	813	0.51038966	2.2106402
186	288	814	1.5370796	-2.642375
186	357	815	0.80098612	0.82697021
186	421	816	0.87787665	-2.283768
187	196	817	0.4140947	2.8610874
187	367	818	0.98473903	2.3236865
187	392	819	0.34057187	0.28475611
187	402	820	0.3117318	-1.9310101
187	407	821	0.60306407	-0.49162748
187	457	822	0.94390033	-1.1057056
189	232	823	0.51428869	-0.57774337
189	255	824	0.55676989	2.3104437
189	336	825	1.2768291	-2.8305129
189	376	826	1.1401412	0.092833972
189	380	827	0.94181307	-2.4090077
189	391	828	0.74987253	-1.441513
189	473	829	0.97208894	0.92244779
190	318	830	0.349245	1.8312597
190	351	831	0.23467116	0.33045936
190	375	832	0.66351877	-2.185882
190	478	833	0.59445498	-1.7407167
191	310	834	0.43040558	-2.4689055
193	231	835	0.21307588	0.52886871
193	325	836	0.76964012	2.2942934
194	348	837	0.39161532	0.39691914
195	211	838	0.58265287	-2.7846521
195	217	839	0.95939038	-0.16597745
195	338	840	0.88068978	-0.91655265
195	409	841	0.83355349	-1.4941505
196	254	842	0.95633561	-1.111056
196	264	843	0.64123556	-2.5093607
196	367	844	0.663772	1.9986405
196	402	845	0.49809068	-0.9541854
196	408	846	0.85205734	-1.7677506
197	406	847	0.96590172	-2.6098434
197	452	848	0.62088272	0.38459446
197	486	849	1.0559318	0.27381953
198	311	850	0.59723355	0.50755859
198	417	851	0.60479256	2.8335496
199	338	852	0.76278196	1.4053796
199	409	853	0.71035252	2.0803865
199	484	854	0.55231925	-2.6411812
200	241	855	0.92982412	1.1282264
200	271	856	0.24422542	1.6253945
201	216	857	0.51165833	-1.4820117
201	264	858	0.91479244	-1.1619026
201	308	859	1.0994922	1.6799733
201	365	860	0.75478029	-2.3562905
201	367	861	0.62237123	0.2326618
201	489	862	1.1977289	2.4932257
203	322	863	0.28292384	-1.0515461
203	360	864	0.78933151	-1.7780306
203	458	865	0.51042633	-1.8131998
203	461	866	0.86741885	1.011607
204	340	867	0.3658547	-1.8460603
204	374	868	0.13727059	2.7232593
204	412	869	0.16263485	2.411196
204	423	870	0.42544626	1.0943768
205	211	871	0.93583579	-0.11284062
205	245	872	0.95424774	1.7414862
205	276	873	0.86488643	0.98159555
205	345	874	0.61404977	2.0805822
206	426	875	0.50720715	-1.5678916
206	437	876	0.59045613	1.3185186
207	278	877	0.99433384	0.77061536
207	352	878	1.1359682	-1.2799694
207	428	879	0.80155388	-1.8202831
207	444	880	0.91255213	1.5022925
207	465	881	0.95767332	-0.30542892
208	382	882	0.72891756	2.3185722
208	413	883	0.689785	2.3254051
208	471	884	0.86364889	0.64769113
209	210	885	0.77225485	-1.5689503
209	218	886	1.0363383	0.088538612
209	290	887	0.28956922	1.6765757
209	303	888	0.17333405	2.460581
209	353	889	0.89369963	-0.25722581
210	229	890	0.83228375	3.1280473
210	265	891	1.5674392	-2.7756789
210	353	892	1.0205192	0.56325539
210	361	893	1.4868661	-0.20135015
211	276	894	0.93889719	2.0697508
211	409	895	0.87497661	-0.79975759
212	280	896	0.61269509	-0.60378482
212	334	897	0.62643329	-0.36618296
212	404	898	0.78000549	2.8923371
212	436	899	0.30275997	-1.1125198
213	249	900	0.50674549	1.7977374
213	336	901	0.77199857	-0.28559916
213	455	902	0.53566654	-2.9681847
213	493	903	0.70063338	-2.2837897
214	271	904	0.67928074	1.6084204
214	335	905	0.82949143	1.097956
214	344	906	0.23554185	-1.4871607
214	386	907	0.52102977	-1.9281185
215	220	908	0.65806566	-1.3045517
215	223	909	0.66708656	1.8712457
215	225	910	0.1334555	-1.5726672
215	312	911	1.0364467	1.8408185
215	419	912	0.011530738	-1.5173535
216	365	913	0.57962695	-3.1001472
217	330	914	0.61187379	-0.18835042
217	338	915	0.67842632	-2.220203
217	395	916	0.78621478	0.84379698
218	290	917	1.0808304	2.9589457
218	339	918	0.47500564	0.89756999
218	353	919	0.36051916	-2.0555
219	263	920	0.40070709	-1.5329713
219	268	921	0.26981236	1.310755
219	360	922	0.37928443	1.4629645
220	225	923	0.53055754	1.9037266
220	270	924	0.28559012	-0.81294857
220	332	925	0.53922982	-1.7083887
220	383	926	0.10678248	1.7700941
221	261	927	0.76674902	-2.7825636
221	469	928	0.49111661	0.72340954
222	317	929	0.23237289	-2.2357301
222	344	930	1.2477597	1.1305736
222	460	931	0.98684766	1.1202651
222	481	932	0.3200205	2.1241948
223	312	933	0.37022557	1.7859746
223	348	934	0.674171	-1.2508352
223	419	935	0.67827319	-1.2745036
223	447	936	0.97399398	2.0253769
223	499	937	1.1906867	2.0393068
224	274	938	0.96620587	2.6717432
224	346	939	0.48920289	0.93998563
224	429	940	1.2360352	-0.62131172
225	231	941	1.0151616	2.0209812
225	332	942	1.0403204	-1.4750705
226	284	943	0.89198757	1.9099501
226	447	944	1.1721587	-0.92646036
226	448	945	0.86643258	-3.0077153
226	499	946	0.95665603	-0.90078212
227	296	947	1.1053885	1.3177915
228	452	948	0.36256333	-2.6693278
228	486	949	0.1630614	-0.7600403
229	265	950	0.85208688	-2.4054709
230	423	951	0.82957017	2.6053973
231	325	952	0.83736484	2.5466181
231	362	953	0.71313961	-1.9076471
231	366	954	0.78940052	-1.5146994
232	256	955	0.53732018	0.06534318
232	376	956	0.80351068	0.5019004
232	391	957	0.57077354	-2.1961939
233	248	958	0.39868957	-0.1257854
233	274	959	0.40964442	-1.7089377
234	345	960	0.59069111	0.011733226
234	469	961	1.1517423	2.1914452
235	316	962	0.3006077	0.61597788
235	405	963	0.59400854	-2.516506
236	246	964	0.6638979	-1.7997629
236	252	965	0.44137144	0.9881671
236	260	966	0.33324438	-2.3520268
236	261	967	0.63919598	-1.1799687
236	364	968	0.24760214	-2.8039849
237	239	969	0.73136052	2.1771323
237	262	970	0.54079575	-2.8326465
237	296	971	0.72877235	0.78570314
237	327	972	0.93856581	1.0684575
237	414	973	0.82137487	1.4303907
238	241	974	0.56408271	-1.6797354
238	314	975	0.75632224	1.6940953
238	335	976	1.0996401	-1.6340871
238	419	977	1.1221263	1.9298072
239	262	978	0.77172228	-1.6986751
239	328	979	0.55092252	1.3425893
239	414	980	0.57253745	0.37988113
239	497	981	1.1658777	2.0128993
240	328	982	0.56544124	-2.8009787
240	414	983	0.52844093	-1.8113032
240	457	984	0.67729972	1.2208147
241	335	985	0.53676256	-1.5861136
242	302	986	0.73567103	-2.1150325
242	381	987	0.64678251	-3.0159017
242	399	988	0.57867613	-1.0777801
242	404	989	0.45285365	1.4955457
242	441	990	0.53446215	1.7700022
243	268	991	0.76055841	-1.8434859
243	301	992	0.65141708	-1.7599447
243	360	993	0.65883926	-1.9329023
243	377	994	0.36190965	-0.27593799
243	455	995	1.2375514	1.2098334
243	458	996	0.39049174	-2.0892487
243	493	997	0.88047492	0.95798752
244	282	998	0.4143038	0.76049636
244	329	999	0.15656913	-0.037033425
244	357	1000	0.43707601	1.9513665
244	488	1001	0.28563658	0.018261409
245	276	1002	0.67974668	-0.33164818
245	345	1003	0.42716301	-1.8986702
245	449	1004	0.68802316	2.0535785
245	491	1005	0.82131676	1.203342
246	261	1006	0.39808811	0.14006053
246	292	1007	0.53303612	-1.0558651
246	364	1008	0.57061744	1.716663
246	423	1009	0.72645231	-0.52856472
247	266	1010	0.3322641	0.39932192
247	389	1011	0.82386075	-1.0359027
247	410	1012	0.37039558	1.8279312
248	346	1013	0.8036331	-0.51829676
248	425	1014	0.30785373	0.17633593
248	482	1015	0.42461462	3.0735927
249	297	1016	0.80979305	0.03510716
249	455	1017	0.71741257	-2.1852824
250	257	1018	0.57271629	1.0408635
251	427	1019	0.25756846	-1.552122
252	261	1020	0.95955053	-1.5701167
252	352	1021	0.96903657	-0.0075089127
252	401	1022	0.26496615	0.69213324
253	286	1023	0.68553965	1.3638685
253	323	1024	0.3122371	-0.71391281
254	328	1025	0.99689648	-1.9491851
254	402	1026	0.47083586	1.8645033
254	408	1027	0.59146347	3.1053144
254	457	1028	0.40962076	-0.24974699
255	297	1029	0.88791568	-3.071216
255	336	1030	1.1616497	-2.3794237
255	473	1031	1.0286767	0.36121457
256	376	1032	0.38966819	1.1243618
257	287	1033	0.6628661	-2.555035
257	295	1034	0.90913205	-0.42813595
257	302	1035	0.77854341	0.47466684
260	289	1036	0.79764975	1.6314014
261	423	1037	0.48204129	-1.0660105
262	384	1038	1.1417387	-2.8197601
263	268	1039	0.66338115	1.4889705
263	289	1040	0.49894323	-1.6246613
264	367	1041	1.0122037	1.329492
264	408	1042	0.57568985	-0.9160784
264	497	1043	0.88874687	-1.6271879
265	471	1044	1.8148862	-2.4770448
266	279	1045	0.80581585	0.82771608
267	352	1046	0.83082114	-1.5288598
267	465	1047	0.62316221	-0.047838197
268	301	1048	0.123966	0.84419719
268	377	1049	0.84121307	0.85336886
268	400	1050	0.53592424	-0.99558041
269	315	1051	0.088380198	0.74942801
269	356	1052	0.30692616	1.5554805
270	383	1053	0.38037739	2.1793161
271	386	1054	1.1773925	-1.7042725
272	476	1055	0.9708316	-0.58535745
273	321	1056	0.34773931	0.90047524
273	326	1057	0.5420701	3.1208328
274	353	1058	0.98120219	-3.0871575
274	361	1059	0.97520025	-1.9775206
275	378	1060	0.98149881	1.1443497
275	385	1061	0.79718714	2.7477754
275	396	1062	1.3679537	-0.7097775
275	463	1063	0.89085658	-1.3562739
275	490	1064	0.86479413	-0.18579337
276	453	1065	1.0125211	1.4582763
276	491	1066	1.0472083	1.9092007
277	424	1067	0.82815285	-1.8582227
277	448	1068	0.36295934	2.1244505
278	380	1069	1.2672834	1.0557828
278	444	1070	0.68641673	2.8187396
278	465	1071	1.000779	-1.3696651
279	349	1072	0.61111868	2.2801811
279	388	1073	0.54445848	1.5292627
280	334	1074	0.14749575	0.99319356
280	354	1075	0.39790616	0.17548665
280	436	1076	0.37820971	2.9383371
281	308	1077	0.62347867	2.9646597
281	367	1078	0.84709873	-1.4385993
281	424	1079	1.0394311	1.276433
281	474	1080	0.60568056	0.47705507
282	307	1081	0.98203241	1.1794867
282	357	1082	0.47788459	2.8872661
282	488	1083	0.28073439	-1.6227251
283	331	1084	0.62510881	-2.2402067
283	418	1085	0.93508175	-0.080123451
283	446	1086	1.0818811	2.2032158
283	468	1087	0.69895803	2.8166647
285	306	1088	0.49018401	-0.83075414
285	433	1089	0.37168881	3.0827553
285	456	1090	0.035675864	-2.8091162
285	500	1091	1.0300084	-0.12924859
286	307	1092	0.6298037	2.9196955
286	324	1093	0.92103475	0.91980306
286	403	1094	0.93277445	1.5135972
286	481	1095	0.53129293	0.80903135
288	421	1096	0.77860386	0.092366865
288	464	1097	0.7786788	2.5394479
290	303	1098	0.20691479	-2.0979634
291	395	1099	0.44708411	-2.2814723
291	450	1100	0.7003744	-0.098685547
291	494	1101	1.0177984	-0.65582005
292	393	1102	0.49616602	2.8715537
292	423	1103	0.37763006	0.26133823
293	393	1104	0.3867367	2.2398915
293	462	1105	0.06209164	-0.7415592
294	434	1106	0.36541943	-0.0037077288
295	302	1107	0.74552852	1.7523394
295	320	1108	0.58976892	1.1306891
295	358	1109	1.0099633	-0.27780543
296	327	1110	0.31358539	1.7739381
297	336	1111	0.74106788	-1.5094275
297	355	1112	0.22904831	2.3910976
297	442	1113	0.6370167	0.92119584
298	344	1114	0.73101206	-1.819612
298	432	1115	0.33198841	-2.0920019
299	341	1116	0.12632956	2.5493484
299	477	1117	0.5202352	-2.9452423
299	496	1118	0.61410842	3.0995933
300	315	1119	0.23311948	2.2815547
300	356	1120	0.47351197	2.0352204
300	483	1121	0.27150797	0.0438688
300	487	1122	0.74153256	-0.5387601
301	360	1123	0.11340958	2.931213
302	309	1124	0.97323484	2.8262144
302	320	1125	0.4344844	-0.47759714
302	381	1126	0.60715713	2.0147384
302	399	1127	0.66562053	0.18069718
304	380	1128	0.89692748	1.7683577
304	391	1129	0.98578866	0.88954262
304	465	1130	1.3453788	-2.033313
304	475	1131	0.51144246	-1.2154696
306	433	1132	0.79971684	2.6409892
306	445	1133	1.113227	-0.29027192
306	500	1134	0.72790796	0.32034627
307	357	1135	1.1493178	-2.3866479
307	403	1136	1.0363812	0.87075633
308	363	1137	1.3359198	2.7900508
308	367	1138	1.1948468	-0.91837817
308	489	1139	0.91304954	-2.7247699
309	370	1140	0.64497607	2.0409729
309	381	1141	0.70868323	0.35514603
311	415	1142	0.49601355	-1.5306374
311	420	1143	1.3552833	0.22161711
311	427	1144	0.74014977	0.35058464
312	439	1145	0.99613573	1.9583865
312	499	1146	0.83743429	2.1503376
313	321	1147	0.33970274	-2.2803129
313	477	1148	0.41135076	0.10519685
314	348	1149	0.42171038	2.3200787
314	419	1150	0.42514465	2.3582488
315	356	1151	0.25387588	1.809392
317	323	1152	0.85754081	-1.9236866
318	375	1153	0.92688244	-1.8923454
318	451	1154	0.56551868	1.1275482
318	472	1155	0.61275166	-3.0989224
319	392	1156	0.62581868	-1.9430645
320	358	1157	1.0841367	-0.84450371
320	399	1158	0.41747924	0.87089225
321	411	1159	0.36102857	1.0549593
322	360	1160	0.60763422	-2.0924697
322	461	1161	1.0317351	1.2556726
322	466	1162	0.62678251	-2.3730371
323	341	1163	0.61003604	-2.3371244
324	333	1164	0.9090168	1.0633555
324	368	1165	1.0414494	1.5718609
324	403	1166	0.54245625	2.7668001
324	481	1167	0.39736246	-2.0734416
326	343	1168	0.86139864	-2.9847933
326	421	1169	0.46974483	2.8241806
327	414	1170	0.33707943	-3.1139329
327	457	1171	1.140346	1.5522444
328	408	1172	0.97366296	1.8016655
328	414	1173	0.52049204	-0.67274377
328	497	1174	0.81001445	2.4491255
329	488	1175	0.12959595	0.08508059
330	395	1176	0.70638074	1.6821705
330	494	1177	1.1029742	0.39084089
331	456	1178	0.17384174	-1.8724444
331	468	1179	0.76432714	1.938127
331	498	1180	1.1820573	2.5445768
331	500	1181	1.0437554	-0.27866191
332	351	1182	0.71442511	-2.1293304
333	368	1183	0.50705325	2.6328477
333	432	1184	0.15720574	1.0259915
333	460	1185	0.52774314	-1.6376276
334	347	1186	0.47819257	2.9988746
334	354	1187	0.31592614	-0.17208663
334	422	1188	0.2508008	-1.1362677
337	377	1189	0.30332983	-2.0630145
337	444	1190	0.52332593	-0.52030058
337	493	1191	0.55174147	1.5438717
338	409	1192	0.49030482	-2.8684342
339	342	1193	0.41172345	2.05339
339	441	1194	0.35043271	-0.15173622
340	374	1195	0.40867359	1.6344444
340	412	1196	0.46109716	1.6178941
340	462	1197	0.49513544	2.130232
341	443	1198	0.37110497	-2.8629676
341	477	1199	0.44040633	-2.7403321
342	441	1200	0.68068531	-0.66061784
343	421	1201	0.49263956	0.60729915
344	460	1202	0.26116271	-1.9720576
345	434	1203	1.2623689	-1.2322381
345	449	1204	1.0299753	1.7482861
346	347	1205	0.37348448	2.5593353
346	422	1206	0.28177292	-0.32557343
346	425	1207	0.60037366	2.2888711
346	429	1208	1.3249963	-0.99945343
347	422	1209	0.64997422	-0.47197582
347	425	1210	0.26034898	1.8955239
348	419	1211	0.016522022	-2.5825733
349	388	1212	0.42826399	0.18860535
350	438	1213	0.049489281	-1.8041169
350	485	1214	0.35227362	2.8330962
352	401	1215	0.7850834	2.915004
352	428	1216	0.60930332	2.6049118
352	449	1217	1.2272077	-0.22516226
352	465	1218	0.99285468	0.93744841
352	469	1219	0.37661158	-1.2531692
353	361	1220	1.0306239	-0.95659263
354	422	1221	0.26901442	-2.4411505
355	442	1222	0.65487462	0.56577993
355	480	1223	0.90692276	-2.569288
356	487	1224	1.1688505	-0.75831459
358	448	1225	0.41675646	0.29835101
359	485	1226	0.60058968	-1.5266759
360	437	1227	0.52548492	-1.9708432
360	458	1228	0.27979702	1.4277512
360	466	1229	0.17363938	2.5890467
362	366	1230	0.30270007	-0.39005143
362	451	1231	1.1578722	-1.2827884
363	378	1232	0.85041064	-2.8078655
363	489	1233	0.92962757	-1.1028113
365	396	1234	1.0123948	3.11886
365	489	1235	1.3255535	1.8939283
366	451	1236	0.99628573	-1.5216731
368	375	1237	0.39951745	2.5978557
368	403	1238	0.98190121	-2.109445
368	432	1239	0.53625012	-0.21141653
368	478	1240	0.1732604	1.9216836
369	429	1241	0.56544376	2.7232684
369	439	1242	0.52729078	-1.1580576
370	381	1243	1.0115095	-0.3308231
370	486	1244	0.53420701	-2.9055217
371	438	1245	0.56634536	2.6267516
372	387	1246	0.72224843	2.1008563
372	472	1247	1.7804335	-1.354548
373	433	1248	1.2582511	2.7838878
373	438	1249	0.16734585	2.7297702
373	445	1250	0.64518392	-0.41800103
374	412	1251	0.052913562	1.4897249
375	403	1252	1.0619493	-1.7237463
375	472	1253	0.91101392	1.9288482
375	478	1254	0.28574972	-0.1545325
377	444	1255	0.59746513	0.011973871
378	385	1256	1.284484	-2.6663655
378	489	1257	1.3412858	-0.42341851
379	433	1258	1.1110851	-0.76224525
379	454	1259	0.82227894	1.770282
379	487	1260	0.44995112	2.8151395
379	498	1261	0.217073	0.13753293
380	391	1262	0.80494109	-0.14177165
385	391	1263	1.4112468	2.1059998
385	430	1264	1.2698256	-1.9672179
389	462	1265	0.07615464	3.093449
390	394	1266	0.83823508	0.33176739
390	406	1267	0.33888259	0.063365174
390	470	1268	1.4090835	-2.6287474
391	475	1269	1.3216541	-1.9125094
392	407	1270	0.43198187	-1.0769049
394	406	1271	0.51932091	-2.6358993
394	452	1272	1.0637568	0.45882337
395	494	1273	1.1338854	-0.25116597
396	463	1274	0.84821629	3.1168192
396	489	1275	1.3682628	1.1239817
396	490	1276	0.75538667	1.8218972
399	448	1277	1.3176848	-0.87027004
400	401	1278	0.8141493	-1.1166302
400	428	1279	0.84500288	-0.78364853
401	428	1280	0.27663765	0.5104455
404	436	1281	1.0035209	-0.48059414
405	431	1282	0.27324599	-1.0478906
405	470	1283	0.58873576	-2.3675328
406	452	1284	1.5826945	0.47419753
407	416	1285	0.56354724	-0.23080914
407	457	1286	0.56935156	-1.7621747
408	497	1287	0.5882261	-2.32008
411	492	1288	0.19703405	1.5049068
412	423	1289	0.41555346	0.70586183
412	462	1290	0.24451398	-2.9734016
414	457	1291	1.2039623	1.2687876
416	457	1292	0.7851433	-2.5619588
418	435	1293	0.61142156	-0.10590488
418	446	1294	1.8351005	2.5990522
418	464	1295	0.49555932	-0.73814896
420	427	1296	0.62853049	-3.0720105
424	474	1297	0.75462728	-1.2520447
426	437	1298	1.0887922	1.4363805
430	449	1299	1.0690767	-2.477646
430	453	1300	0.5369801	-1.1202405
430	475	1301	1.3235097	2.1036568
430	491	1302	0.55086871	-1.9965382
432	460	1303	0.67123705	-1.7455659
433	456	1304	0.33898293	-0.098988527
433	487	1305	1.530811	2.5037442
434	459	1306	1.1934823	-0.81027
437	466	1307	0.57793323	1.472259
438	467	1308	0.81532569	3.0041108
438	485	1309	0.3593948	2.6953482
441	482	1310	0.28067566	-0.79024239
443	477	1311	0.085191576	-2.1783349
446	468	1312	0.64991234	-1.6060182
446	476	1313	1.5125808	2.4135491
449	465	1314	1.2347038	2.0862413
449	469	1315	1.0818586	-3.0640731
449	491	1316	0.63422772	0.25031322
450	494	1317	0.56245732	-1.3745238
450	497	1318	0.57636851	0.29852794
452	486	1319	0.44418973	0.1186746
453	491	1320	0.46170628	-3.1019428
454	476	1321	0.92893869	1.5978832
455	480	1322	0.40502335	0.76210972
455	493	1323	0.44300177	-1.4136088
456	500	1324	1.0620674	-0.11428349
459	484	1325	0.46974423	-0.21149334
460	481	1326	0.85854839	-2.3411984
461	480	1327	0.64352031	1.012544
464	500	1328	0.7763534	-2.6462972
465	475	1329	1.0632963	0.74967228
467	485	1330	0.48537303	0.089469569
468	498	1331	0.70478454	-3.0722779
470	480	1332	0.768247	-2.2972796
474	495	1333	0.6756906	0.035909336
477	496	1334	0.16393991	2.2527091
483	487	1335	0.53605504	-0.82118254
489	490	1336	0.92679431	-2.5688828
235	1	1337	0.24407357	-2.8833948
390	1	1338	0.56113589	3.1318861
405	1	1339	0.3764999	0.85977815
470	1	1340	0.96439214	0.80748964
28	2	1341	1.6966127	-2.8229647
78	2	1342	0.64730615	0.080226917
125	2	1343	0.88664818	0.54966718
188	2	1344	0.94953916	-2.6757612
229	2	1345	0.98329272	-3.1370391
64	3	1346	1.1979188	2.2749168
93	3	1347	0.32315738	2.6460875
277	3	1348	0.36023449	-0.41326363
397	3	1349	1.0523076	2.3178916
448	3	1350	0.69047817	-0.71637644
20	4	1351	0.84492183	1.4855304
48	4	1352	0.23805885	2.1756773
165	4	1353	0.43253426	1.4953968
206	4	1354	0.91983039	-1.5579898
260	4	1355	0.34959474	2.8622496
289	4	1356	0.75663755	-1.9608913
393	4	1357	0.86245263	1.8099935
426	4	1358	0.41267866	-1.5458197
18	5	1359	0.21120318	0.13668433
141	5	1360	0.96461746	-0.47136457
373	5	1361	0.89484798	2.7994824
433	5	1362	0.36377967	-0.39607339
438	5	1363	0.72800193	2.8154948
467	5	1364	0.16934978	0.79992259
129	6	1365	0.90627396	1.2937935
140	6	1366	0.87588409	-2.3121912
151	6	1367	0.34796035	2.568607
258	6	1368	0.47182532	-2.2473206
322	6	1369	0.58179392	1.4229389
101	7	1370	0.79051914	0.28893712
105	7	1371	0.91348562	0.5733703
321	7	1372	0.25548579	2.7662853
420	7	1373	0.32384011	-1.3750902
74	8	1374	0.18449742	0.8766995
309	8	1375	0.75234006	-3.053373
370	8	1376	0.78757533	-2.1901772
91	9	1377	0.47730513	-2.862324
160	9	1378	0.53082581	-2.4877239
242	9	1379	0.37509675	1.5445423
441	9	1380	0.18853335	-0.91066903
69	10	1381	1.0808969	-1.3138101
215	10	1382	0.30193496	1.1536414
225	10	1383	0.42745159	1.2799387
312	10	1384	0.82556473	-1.0666363
32	11	1385	0.39921441	1.2296413
60	11	1386	0.5010905	-2.3825848
98	11	1387	0.30744687	2.2128855
115	11	1388	0.90872235	0.72366937
227	11	1389	0.56174292	0.0075289282
386	11	1390	1.5013657	-2.1040516
160	12	1391	0.23562985	-0.93308451
248	12	1392	0.22018037	1.3131891
425	12	1393	0.29369042	2.5698713
482	12	1394	0.51382719	0.3663612
236	13	1395	0.8569997	1.6818187
260	13	1396	1.0972727	1.4431301
263	13	1397	0.26159541	-0.90708752
268	13	1398	0.87379142	-1.4481109
289	13	1399	0.34742798	0.99897232
400	13	1400	0.45653723	-1.9871069
401	13	1401	0.62624734	2.6162415
63	14	1402	0.87680595	-2.8426622
88	14	1403	0.86995783	-0.83504899
136	14	1404	0.95970565	0.36762121
251	14	1405	0.58356194	2.9897402
311	14	1406	0.61063644	1.3838845
384	14	1407	0.98095506	-2.1984384
427	14	1408	0.67668363	2.605222
45	15	1409	0.54583412	-2.7495247
170	15	1410	0.24682652	-1.3302224
255	15	1411	0.45548049	1.5730219
297	15	1412	1.0251529	0.52962398
406	15	1413	0.50700013	-2.1131421
442	15	1414	0.4995062	0.021310061
139	16	1415	0.33865438	-2.4994929
370	16	1416	0.11924	-0.64813458
381	16	1417	0.8989924	2.852166
486	16	1418	0.61672784	0.085974285
67	17	1419	0.57684444	1.8164605
154	17	1420	1.3203455	-1.0694269
193	17	1421	0.71848693	2.6022854
325	17	1422	0.23379079	-2.0461689
372	17	1423	0.90991273	1.1841676
398	17	1424	1.1854185	-0.94647294
168	18	1425	1.3941594	-0.60165626
359	18	1426	0.77701026	-2.3539212
467	18	1427	0.13006466	2.3482581
485	18	1428	0.57678171	3.0559645
36	19	1429	0.093900648	-1.3275783
61	19	1430	0.79202487	-3.083561
202	19	1431	0.5334203	3.0735168
371	19	1432	0.17288691	0.29763979
373	19	1433	0.52996589	-0.3090273
438	19	1434	0.69664004	-0.33367963
165	20	1435	0.41243071	-1.6664095
293	20	1436	0.59671843	2.6159888
393	20	1437	0.27631867	-3.127279
68	21	1438	0.98581761	0.012235558
287	21	1439	1.0229559	0.72460299
302	21	1440	0.48066898	-3.0485306
309	21	1441	0.56531662	-0.6598579
288	22	1442	0.73481739	1.3198983
357	22	1443	1.8161604	-2.7970242
418	22	1444	1.1923861	-0.05261967
435	22	1445	0.58274296	0.003290547
464	22	1446	0.86749882	0.31741635
36	23	1447	0.38204041	-3.1177137
350	23	1448	0.31052573	-0.67603738
371	23	1449	0.27360389	2.6351508
438	23	1450	0.29276014	-0.52269063
440	23	1451	0.69424267	-2.9136608
77	24	1452	1.2557125	-0.50416471
230	24	1453	1.0864583	-0.0036744647
234	24	1454	0.57794149	-1.0710838
294	24	1455	0.76872463	2.0693451
345	24	1456	0.60234642	-2.118612
434	24	1457	0.99746112	2.396241
108	25	1458	1.1674837	2.9778965
117	25	1459	0.50287268	-1.4830506
121	25	1460	0.68968809	0.011514541
363	25	1461	1.0407587	1.6131786
31	26	1462	0.93564984	-1.0789459
124	26	1463	0.76989588	2.5240221
153	26	1464	0.18364733	0.40206317
417	26	1465	0.36853719	2.8607915
440	26	1466	0.54521122	2.2292231
111	27	1467	1.3101958	-2.0715639
227	27	1468	1.0465212	1.316098
296	27	1469	0.058895527	-1.7937047
131	28	1470	0.23825315	-1.5003252
188	28	1471	0.7700419	0.13676524
209	28	1472	0.30966059	-2.2850688
210	28	1473	0.57574028	1.9334995
229	28	1474	0.81978022	0.69823602
61	29	1475	0.44070802	2.5545905
288	29	1476	0.61591922	-3.0031078
445	29	1477	0.51729786	0.85622426
464	29	1478	0.52703009	-1.5106035
500	29	1479	0.73181914	-0.21632836
96	30	1480	0.74211889	-1.5597568
178	30	1481	0.97332939	-1.3070457
226	30	1482	0.52093254	-0.7908876
312	30	1483	1.2797834	2.1368603
439	30	1484	0.34778679	2.6702764
499	30	1485	0.44256912	2.1113565
136	31	1486	1.247359	2.6716295
153	31	1487	0.93720447	1.8662231
199	31	1488	0.79758515	-2.5649062
359	31	1489	0.7189768	0.79169973
417	31	1490	1.2217432	2.2803618
434	31	1491	1.5778169	-0.80117028
459	31	1492	0.38453743	-0.77292428
484	31	1493	0.25043367	-2.396047
98	32	1494	0.34325357	-2.7532033
115	32	1495	0.59203631	0.3907449
122	32	1496	0.81831786	0.50603059
299	32	1497	0.72932928	1.3057809
128	33	1498	1.0941885	-0.12783128
139	33	1499	0.65753517	0.27900741
149	33	1500	0.74637775	-0.29134521
242	33	1501	0.82029227	2.3911759
342	33	1502	0.38461397	-1.4580349
381	33	1503	0.64183092	1.5057574
441	33	1504	0.49547383	3.0698817
155	34	1505	0.81305251	-2.1257657
357	34	1506	1.1852856	1.1284302
38	35	1507	0.39193978	0.81399331
115	35	1508	0.54963166	3.0669902
122	35	1509	0.43497839	2.6321925
169	35	1510	0.49922896	1.4627422
184	35	1511	0.18593505	-1.484621
227	35	1512	0.86894257	-2.4465221
237	35	1513	1.1911206	-1.9391395
420	35	1514	0.74075482	0.76022401
185	36	1515	0.65374935	2.7297793
202	36	1516	0.56924321	2.9158354
371	36	1517	0.20117984	0.7824707
440	36	1518	0.32935615	-2.6763862
72	37	1519	0.6781964	0.97394481
112	37	1520	0.92937278	-2.4272349
191	37	1521	0.46721558	0.36363131
330	37	1522	0.8085842	-0.81539978
384	37	1523	0.50291786	2.0322246
494	37	1524	1.111041	-2.0030653
63	38	1525	0.72092201	-0.48300841
184	38	1526	0.53399262	-2.0646039
251	38	1527	0.89960012	0.012966078
420	38	1528	0.35001589	0.700007
427	38	1529	0.93433217	0.29224928
103	39	1530	0.46505436	2.1124773
118	39	1531	0.87283763	-1.1562754
319	39	1532	0.71250368	-0.27268287
407	39	1533	1.0477622	0.82752214
416	39	1534	0.91452206	1.3944699
59	40	1535	0.98563693	1.2663124
84	40	1536	0.99973239	0.80719482
123	40	1537	0.68790878	2.2982583
151	40	1538	0.59231093	-0.58145441
208	40	1539	0.72041733	-2.2823995
413	40	1540	1.0481212	-1.5688522
42	41	1541	0.39522984	-1.5590678
149	41	1542	0.29651576	-0.11154361
181	41	1543	0.67140059	0.2959583
218	41	1544	0.60036779	2.0407502
290	41	1545	0.86054964	0.40486614
339	41	1546	0.59122212	2.8606637
149	42	1547	0.46401332	0.89558368
342	42	1548	0.42827872	2.6704029
70	43	1549	0.60637852	-0.70565069
113	43	1550	0.67157127	-2.3831482
195	43	1551	0.76941528	0.36656133
217	43	1552	0.49044137	2.0540882
50	44	1553	0.34705818	0.62605749
125	44	1554	0.86704377	-2.1842465
208	44	1555	1.154738	1.1129645
166	45	1556	1.0201133	-2.6340763
197	45	1557	0.92720681	-2.2602364
255	45	1558	0.83328705	0.9221388
406	45	1559	0.33143712	-0.74901908
473	45	1560	0.5485253	2.5618272
331	46	1561	0.57979565	-2.9399329
379	46	1562	0.97668673	-0.87699236
433	46	1563	0.17982136	3.0504807
456	46	1564	0.51880065	3.0453342
498	46	1565	0.88155706	-1.08766
283	47	1566	0.8620156	-0.75769118
418	47	1567	0.60121052	-2.1045799
464	47	1568	0.69721134	-2.8743669
500	47	1569	0.18519413	1.513569
182	48	1570	0.18438256	-2.4386998
236	48	1571	0.54994016	-2.4841909
260	48	1572	0.22394987	-2.681562
292	48	1573	0.94822076	2.1858741
129	49	1574	0.21019553	-1.1355186
148	49	1575	0.55028425	1.6871881
151	49	1576	0.98348967	-2.0478662
157	49	1577	0.3222025	1.7700069
125	50	1578	1.2005492	-2.2784132
208	50	1579	0.86342126	1.3021647
382	50	1580	0.78370518	0.39007503
90	51	1581	0.60905488	-2.9522637
152	51	1582	0.82741535	-0.88346421
280	51	1583	0.56617324	-2.4293556
284	51	1584	0.82570899	3.0182444
399	51	1585	0.59409249	0.086025401
436	51	1586	0.45012259	-1.7002635
448	51	1587	1.0892935	1.8094569
190	52	1588	0.95109921	1.3644704
225	52	1589	0.84416191	-1.9421134
318	52	1590	0.65825554	1.1233775
332	52	1591	0.47600628	2.5912904
351	52	1592	0.8552114	1.6025211
366	52	1593	0.91703477	-1.4712121
451	52	1594	0.092771757	1.0979515
235	53	1595	0.41874902	-2.8782908
316	53	1596	0.70850463	-2.7312087
405	53	1597	0.25083769	1.2572298
431	53	1598	0.47899767	1.6944674
355	54	1599	0.65572552	1.211596
390	54	1600	0.76231095	-2.9293056
442	54	1601	0.41588779	2.457544
480	54	1602	1.4855936	0.8387925
113	55	1603	1.4564405	0.3696945
201	55	1604	1.3374972	-1.6687338
216	55	1605	0.84011918	-1.7820359
264	55	1606	0.69735715	-2.359022
291	55	1607	0.94427829	0.55320216
365	55	1608	0.89346813	-1.1028789
450	55	1609	0.57508377	1.3845854
497	55	1610	0.59499258	2.4142017
203	56	1611	0.43280969	0.82872149
243	56	1612	0.52442002	1.1346966
455	56	1613	0.71569451	-1.8767272
458	56	1614	0.91415289	1.0995511
461	56	1615	0.44878405	-1.9536794
95	57	1616	1.1495259	1.4825891
150	57	1617	0.85446668	-2.3599836
266	57	1618	0.59646282	0.012615274
272	57	1619	0.89977652	2.3757017
279	57	1620	0.5881047	-1.4835702
69	58	1621	0.73303661	2.4526253
231	58	1622	1.0441098	1.8385642
325	58	1623	0.68048266	0.91077975
369	58	1624	0.63378858	-1.3379417
429	58	1625	1.0751049	-0.90634781
439	58	1626	0.14874981	-2.0249448
84	59	1627	0.45197507	-0.50366981
123	59	1628	0.86535467	-2.6261845
148	59	1629	0.60718788	0.25748203
150	59	1630	1.4305402	1.8793987
388	59	1631	0.85876934	1.3350085
98	60	1632	0.61770375	1.2760687
214	60	1633	1.5495838	-1.9557483
222	60	1634	0.10079199	-2.336407
317	60	1635	0.13247916	0.98240434
386	60	1636	1.0288536	-1.9697393
82	61	1637	0.14693405	3.1031602
185	61	1638	0.30454727	0.79065777
202	61	1639	0.27126775	0.30794557
288	61	1640	0.40915678	-2.2069637
343	61	1641	0.62540274	-2.9488344
373	61	1642	1.3006684	-0.088719233
421	61	1643	1.0944531	-2.7665299
445	61	1644	0.72099173	0.20484293
75	62	1645	0.36983987	-1.3697582
76	62	1646	1.3017575	-1.5782835
214	62	1647	0.73129647	1.0129434
298	62	1648	0.23798112	0.66391679
335	62	1649	0.11842135	-1.4916825
344	62	1650	0.93074778	1.1649609
184	63	1651	0.90177114	-2.9909074
262	63	1652	1.216108	-2.3121829
384	63	1653	0.59635238	-1.1161827
159	64	1654	0.69474688	2.4842385
167	64	1655	0.99433762	1.9117234
194	64	1656	1.2469174	2.0231972
397	64	1657	0.15339607	-1.1658381
447	64	1658	0.60662947	-2.0256599
78	65	1659	1.117989	0.40999884
131	65	1660	1.2710298	-2.8417818
188	65	1661	0.46939976	-3.0717946
228	65	1662	1.0956911	-2.6751842
390	65	1663	1.167268	0.36474387
394	65	1664	0.33064573	0.44842654
146	66	1665	0.51999139	0.76173136
183	66	1666	0.77862644	-1.2766439
314	66	1667	0.80350478	-1.4334078
106	67	1668	0.88727729	1.5705951
193	67	1669	0.51292789	-2.7609695
362	67	1670	0.56639954	2.4180058
372	67	1671	0.56024912	0.52999609
74	68	1672	0.3611893	-0.42981242
110	68	1673	0.8492263	0.96879126
287	68	1674	0.70132368	1.8895643
309	68	1675	0.64747506	-2.5546127
225	69	1676	1.4628322	1.6749928
231	69	1677	0.61352294	1.0792379
439	69	1678	0.78115857	-0.87523882
71	70	1679	0.83278217	-0.52407204
113	70	1680	0.95154673	-3.0693865
195	70	1681	0.71658631	1.2043837
463	70	1682	1.4370316	-1.6014466
134	71	1683	1.2444067	-1.4146693
162	71	1684	0.38258294	1.6965952
195	71	1685	1.1808528	1.9748797
430	71	1686	1.2139602	-1.0047336
453	71	1687	0.68336632	-0.91404724
463	71	1688	1.2747305	-2.2145068
88	72	1689	0.55616246	0.069194652
191	72	1690	0.39864875	-1.4311457
384	72	1691	0.61511577	-2.9607711
249	73	1692	0.29789305	-1.2194815
297	73	1693	0.77102274	-2.7304824
355	73	1694	0.71162582	-2.4307193
455	73	1695	0.60026649	0.53584767
480	73	1696	0.22475183	0.11966193
110	74	1697	0.86401994	1.3932761
166	74	1698	0.67653611	-0.22805712
309	74	1699	0.89204744	-2.9061445
473	74	1700	1.2671185	0.53252196
486	74	1701	0.66050657	-1.655443
135	75	1702	0.19586351	-0.61953523
220	75	1703	1.2833173	-1.5024157
298	75	1704	0.52155381	1.3512684
215	76	1705	1.0348663	-1.2314999
220	76	1706	0.38159054	-1.1052971
238	76	1707	0.099902971	2.1001105
270	76	1708	0.13588255	-1.7559752
335	76	1709	1.1838242	1.5546569
221	77	1710	0.55593795	-1.1729515
230	77	1711	0.60275347	1.5924049
261	77	1712	0.96439326	-0.25483426
423	77	1713	0.7225969	0.25005392
469	77	1714	0.8514204	-1.7511547
125	78	1715	0.42597984	1.307617
235	78	1716	0.40215578	-0.24368281
316	78	1717	0.30705748	-1.0792949
390	78	1718	0.071418532	-0.42217541
95	79	1719	0.44154335	2.2768594
247	79	1720	0.84680646	-0.91737215
266	79	1721	0.82826582	-1.3161311
389	79	1722	0.10157103	0.36669098
87	80	1723	0.46534331	1.0353318
126	80	1724	0.57896708	2.6267854
144	80	1725	0.30834585	-2.1365904
282	80	1726	0.46319784	-1.6991536
329	80	1727	0.18802875	-1.1052563
488	80	1728	0.18453217	-1.8155763
224	81	1729	0.92685423	2.1583907
233	81	1730	0.30000136	-0.24165931
248	81	1731	0.1065059	-2.9356695
274	81	1732	0.48209061	0.76523548
346	81	1733	0.88622165	2.7030055
105	82	1734	1.0773348	-3.0306054
124	82	1735	0.41474969	-0.45971801
185	82	1736	0.41808837	0.52854202
415	82	1737	0.49291348	-2.8557105
346	83	1738	0.30297282	-0.008233774
354	83	1739	0.19012742	-2.6736115
148	84	1740	0.41899333	1.0965956
151	84	1741	1.0657252	-1.7561139
157	84	1742	0.2383937	0.6382354
479	84	1743	0.67215263	-1.6985659
90	85	1744	0.6379139	-0.77849046
178	85	1745	0.18092777	2.9178364
226	85	1746	0.61278053	1.675167
284	85	1747	0.3285549	-0.782851
95	86	1748	1.2297708	-0.66675243
272	86	1749	1.3000574	-1.403405
356	86	1750	0.49575785	0.082706671
379	86	1751	1.26006	2.2390008
454	86	1752	0.64431986	2.8534565
476	86	1753	0.9523393	-2.2424178
487	86	1754	0.91614626	1.9681356
126	87	1755	0.75025154	-2.9875076
244	87	1756	0.57403581	-1.5648178
273	87	1757	0.52220978	0.97253718
313	87	1758	0.17394372	-2.5381484
321	87	1759	0.17715116	1.1143437
326	87	1760	0.93574615	0.46577565
421	87	1761	1.3112162	0.21024248
443	87	1762	0.63718014	-2.8026602
136	88	1763	1.0377629	1.2657104
145	88	1764	0.65758451	-1.6977618
199	88	1765	0.75531486	-0.013125128
310	88	1766	0.23175178	-2.3490544
338	88	1767	0.98870203	-0.88040026
100	89	1768	0.76504886	-0.85304057
168	89	1769	1.3837299	2.4436235
175	89	1770	0.15301431	-2.2999435
269	89	1771	0.10077798	1.5708064
300	89	1772	0.30691046	2.3551489
315	89	1773	0.076370408	2.5815199
340	89	1774	1.1102953	-0.93172498
178	90	1775	0.79742467	2.4828955
280	90	1776	0.30659072	-0.98448607
354	90	1777	0.39355655	-2.1706186
160	91	1778	0.19494685	-1.3773488
212	91	1779	0.40548914	2.4854348
334	91	1780	1.0215941	2.6616746
404	91	1781	0.43807636	0.12580257
169	92	1782	0.19023755	-2.6673581
321	92	1783	0.33881157	1.5322616
420	92	1784	0.32205336	-0.22785661
492	92	1785	0.24759361	-2.3730577
172	93	1786	0.44515341	1.1311282
277	93	1787	0.68281587	-0.45215215
397	93	1788	0.75363203	2.1792302
298	94	1789	0.71121701	-1.8996107
344	94	1790	0.060970272	2.5223923
460	94	1791	0.28072955	1.3832048
100	95	1792	0.43276676	1.4885848
266	95	1793	1.2406264	-1.1602469
272	95	1794	0.91323319	-2.5340105
356	95	1795	0.93031564	2.1033237
389	95	1796	0.48490882	-0.66590872
127	96	1797	0.24084815	2.5685806
178	96	1798	0.31518748	-0.67759215
354	96	1799	1.2037065	-0.99641504
439	96	1800	0.95453848	1.9105011
385	97	1801	0.67104347	2.5784405
391	97	1802	0.86912083	-1.3946056
475	97	1803	0.71138178	0.57952777
299	98	1804	0.97678565	1.023
317	98	1805	0.49239162	-1.7875646
323	98	1806	0.37569367	1.0391012
341	98	1807	0.9793383	0.89377319
165	99	1808	0.59279165	-1.1847692
247	99	1809	0.50437687	-1.4824517
293	99	1810	0.30027428	2.5765897
389	99	1811	0.42844204	2.6390102
410	99	1812	0.87173216	-1.4110127
462	99	1813	0.36156518	2.5464224
269	100	1814	0.84357183	2.2098998
340	100	1815	0.3527767	-1.1030244
356	100	1816	0.62846731	2.5117336
389	100	1817	0.80853468	-1.1289013
462	100	1818	0.84704686	-1.0494924
105	101	1819	0.27046202	1.5351137
311	101	1820	0.67350446	-0.37231442
415	101	1821	0.65711355	0.39129101
420	101	1822	0.88173602	-2.4782916
156	102	1823	0.37792217	-1.1295687
176	102	1824	0.67488041	-3.0330664
337	102	1825	0.74457065	0.51379067
444	102	1826	0.6555842	1.2697983
111	103	1827	1.347714	1.270252
118	103	1828	1.3354401	-1.112098
146	103	1829	0.38232587	2.4880785
167	103	1830	1.2972256	-1.3443847
192	103	1831	0.06467149	-2.9555155
194	103	1832	1.0826068	-1.4981191
271	103	1833	1.0034658	1.7612314
416	103	1834	0.64188796	0.89763606
278	104	1835	0.6716117	1.1355014
304	104	1836	0.64497204	2.5008422
380	104	1837	0.60019237	-2.1750383
273	105	1838	0.79961057	-2.9790636
326	105	1839	0.2843376	-2.6241873
415	105	1840	0.59812231	-0.032906338
161	106	1841	0.67777121	1.8911323
362	106	1842	0.66540423	-2.2629496
372	106	1843	0.77354592	-0.89608988
472	106	1844	1.1394134	1.4818725
206	107	1845	0.34202539	0.93302445
219	107	1846	0.41796821	-1.8311047
263	107	1847	0.12277817	-3.1133537
289	107	1848	0.50395521	1.7621912
437	107	1849	0.30225667	-1.38357
177	108	1850	0.60615527	3.0582549
295	108	1851	0.87360608	-1.2639141
308	108	1852	1.3177443	1.6821548
154	109	1853	1.6969251	2.5172976
224	109	1854	0.88260036	-2.9574813
274	109	1855	0.59906382	-1.5811117
361	109	1856	0.48175209	0.66326956
121	110	1857	0.80341692	2.2460896
287	110	1858	0.70152782	-3.0931918
376	110	1859	0.60518307	0.8686384
473	110	1860	0.96165177	-0.21707579
271	111	1861	0.66182866	-2.667784
296	111	1862	1.2536633	1.0571422
327	111	1863	1.0378987	0.85732085
416	111	1864	0.78544083	-1.5692507
239	112	1865	0.7065154	-3.0460842
262	112	1866	0.92365784	2.2848091
384	112	1867	1.1621466	1.14668
450	112	1868	1.0127227	-1.22171
494	112	1869	0.46477378	-1.0364395
497	112	1870	1.1396539	-1.7512006
217	113	1871	0.93301355	1.2888461
291	113	1872	0.55542154	-3.0873387
365	113	1873	1.6322632	-2.1958172
395	113	1874	0.40553746	2.2762777
396	113	1875	1.3479065	-1.5284419
230	114	1876	0.57955754	3.0237516
259	114	1877	0.89207795	2.3661556
423	114	1878	0.38135686	-1.2016275
122	115	1879	0.24007343	0.79365235
227	115	1880	0.609256	-1.7678027
253	116	1881	0.63279812	0.95052721
286	116	1882	0.27540696	-0.60214227
317	116	1883	0.18535588	-2.6632324
323	116	1884	0.73135232	1.3895561
121	117	1885	0.8220243	0.66754046
250	117	1886	0.18619976	-0.13401761
257	117	1887	0.52954939	-1.7703313
295	117	1888	0.94273265	-2.990828
167	118	1889	0.30743179	-2.9228185
397	118	1890	1.1485757	-1.4899135
495	118	1891	0.73685045	-0.89521711
130	119	1892	0.78943063	-0.46341321
409	119	1893	0.55466951	-2.1755505
459	119	1894	0.43421519	0.86397578
484	119	1895	0.46400488	1.9628492
292	120	1896	0.19787238	-1.8683675
293	120	1897	0.18120069	-0.10054463
393	120	1898	0.52908297	-0.65319491
412	120	1899	0.10794154	-2.9817485
423	120	1900	0.51088451	-2.5456692
462	120	1901	0.13657917	0.17478783
147	121	1902	1.0335536	0.74015245
250	121	1903	0.70530832	-2.2832295
257	121	1904	1.2727649	-2.2014724
287	121	1905	0.69017894	-1.8624767
363	121	1906	1.2661575	2.188912
376	121	1907	0.90822917	-0.18275246
378	121	1908	1.3123042	1.5176183
169	122	1909	0.51843043	0.58019899
299	122	1910	0.60805435	2.6119178
496	122	1911	0.29512355	1.2650511
150	123	1912	1.8175979	1.3946871
208	123	1913	1.0594382	-1.5830905
471	123	1914	1.7292369	-1.988677
185	124	1915	0.39499764	1.5977669
198	124	1916	0.34256655	-2.654596
415	124	1917	0.84579609	3.0883407
417	124	1918	0.43927811	-0.89847625
440	124	1919	0.29444739	-0.049519631
265	125	1920	1.1127753	3.0475974
431	125	1921	0.62928913	0.12103998
471	125	1922	1.2650414	1.314402
144	126	1923	0.64193721	-1.015134
253	126	1924	0.93431678	-2.0172712
323	126	1925	0.90346821	-2.3570862
341	126	1926	0.29380614	-2.3985426
443	126	1927	0.17050749	-0.60304827
369	127	1928	0.30200347	1.2479214
439	127	1929	0.77805798	1.720031
139	128	1930	0.55508308	2.5258928
149	128	1931	0.37783471	-2.9420376
228	128	1932	0.72011439	0.70017365
148	129	1933	0.75277276	1.7748409
322	129	1934	0.33774114	-2.0715087
437	129	1935	0.79359667	1.1206012
466	129	1936	0.32038456	0.45013326
205	130	1937	0.98379554	-1.016155
211	130	1938	0.83894723	-2.0838372
409	130	1939	1.0267551	-3.0407006
434	130	1940	0.43790697	-0.42755532
459	130	1941	0.80406142	2.1265112
181	131	1942	0.54479309	-2.2396517
188	131	1943	0.82099729	0.43053466
209	131	1944	0.21965581	3.1247859
228	131	1945	0.26326256	-0.46191493
303	131	1946	0.13540367	-2.2490348
268	132	1947	0.57807076	-0.22198649
377	132	1948	0.7612033	-1.556566
400	132	1949	0.42203449	0.86939323
428	132	1950	0.97505777	1.9119365
444	132	1951	0.96661397	-2.2228887
137	133	1952	0.42713723	2.7757126
218	133	1953	0.375607	0.64139695
274	133	1954	0.70806444	2.3766374
339	133	1955	0.1467128	-1.5381581
353	133	1956	0.7180122	0.85911093
275	134	1957	1.0138317	-2.4316704
385	134	1958	0.96723779	-1.6046511
430	134	1959	0.50125256	0.42059937
463	134	1960	0.98120733	2.9262708
158	135	1961	0.39700337	1.3445858
220	135	1962	1.1687947	-1.6322455
298	135	1963	0.6244542	1.6443408
332	135	1964	0.63245883	-1.5673436
198	136	1965	0.60424688	2.0159168
199	136	1966	1.0937219	-1.1532431
311	136	1967	0.82265824	2.8263205
417	136	1968	0.48062191	0.85289509
233	137	1969	0.18164912	-2.7565837
248	137	1970	0.56418497	-3.1093205
274	137	1971	0.35559979	1.8910412
339	137	1972	0.50259997	-0.63826889
441	137	1973	0.253043	-1.3425904
482	137	1974	0.14794097	-2.8178979
446	138	1975	0.52411041	2.8635734
454	138	1976	0.60357801	0.10948977
468	138	1977	0.92782732	2.1159176
476	138	1978	1.0653326	-0.94371184
498	138	1979	0.87093227	1.3130606
381	139	1980	0.74806497	2.4803459
486	139	1981	0.92185052	0.28114202
180	140	1982	0.76288771	-2.1957532
258	140	1983	0.40620435	0.75403274
382	140	1984	0.18844556	2.7035912
413	140	1985	0.22377221	2.6182605
461	140	1986	0.43081902	0.59227294
470	140	1987	1.0086954	-2.0822945
480	140	1988	0.30576745	-1.5165991
433	141	1989	0.60249011	2.6247951
487	141	1990	0.93556286	-0.71569193
173	142	1991	0.44213964	0.91383492
281	142	1992	0.6965127	-0.30956976
319	142	1993	0.95003394	2.3625866
392	142	1994	1.3283972	1.9151307
495	142	1995	0.75310585	-2.389392
148	143	1996	1.2224626	-1.8049976
247	143	1997	0.78475341	1.3082636
266	143	1998	0.63697648	1.732349
279	143	1999	0.64860116	3.0871578
349	143	2000	0.49580236	-2.0983044
410	143	2001	0.49843578	0.93030359
426	143	2002	0.38377178	-0.35320823
437	143	2003	1.2305031	-1.3958545
174	144	2004	0.92197941	-2.0918681
253	144	2005	0.7994203	-2.7604471
282	144	2006	0.22555672	-1.0815224
191	145	2007	0.47022329	2.656956
217	145	2008	0.71729948	-1.135208
310	145	2009	0.49368445	1.7323963
330	145	2010	0.61324485	-2.0789665
338	145	2011	0.72134911	-0.15307776
192	146	2012	0.34253994	-0.79451792
238	146	2013	0.54081067	-2.2973518
241	146	2014	0.33653413	2.6579167
271	146	2015	0.76140164	1.4210303
232	147	2016	0.96036967	-0.51800489
256	147	2017	0.59131074	-1.0422132
376	147	2018	0.87182912	-1.4211681
378	147	2019	0.92578115	2.4173114
385	147	2020	1.2822185	1.213238
391	147	2021	1.1685896	-0.010937691
157	148	2022	0.2307308	-1.5701826
349	148	2023	0.76144894	1.5259795
388	148	2024	0.78253101	2.0874584
437	148	2025	0.49837638	-0.045427235
181	149	2026	0.41610409	0.58226949
228	149	2027	1.0671059	0.5294004
342	149	2028	0.6922856	-2.8967969
272	150	2029	1.226333	1.6050868
279	150	2030	0.65791277	0.024377433
388	150	2031	0.8258928	-0.6935231
476	150	2032	1.9568449	2.0208449
258	151	2033	0.55656003	-1.5762176
413	151	2034	0.87488462	-2.1693272
479	151	2035	0.39657414	1.2878397
242	152	2036	0.38579988	0.48782461
399	152	2037	0.6938224	1.4741959
436	152	2038	0.61425996	2.8216569
350	153	2039	0.52596005	0.65873441
440	153	2040	0.61786629	2.5208537
224	154	2041	1.2608531	-1.1551062
325	154	2042	1.205161	2.2336227
398	154	2043	0.20454123	1.281551
429	154	2044	0.65896384	-2.4226689
307	155	2045	0.97963978	1.4698242
357	155	2046	1.9952817	1.0826266
375	155	2047	1.1342836	-2.2708027
403	155	2048	0.59734257	2.8319719
472	155	2049	1.7692921	-1.805505
213	156	2050	0.37409339	-1.5336118
305	156	2051	0.58959418	2.937844
336	156	2052	0.74344386	-2.9297225
337	156	2053	0.85907613	0.9680082
493	156	2054	0.49733474	0.31933187
479	157	2055	0.8548643	-1.9009198
298	158	2056	0.27174086	2.0903872
332	158	2057	1.023038	-1.6558014
351	158	2058	0.50605168	-0.95633947
368	158	2059	0.69051509	0.63798306
432	158	2060	0.52466426	1.5128612
194	159	2061	0.69698766	1.5637523
223	159	2062	0.1723489	-2.5621216
348	159	2063	0.65159729	2.1492729
447	159	2064	1.0100443	-1.2863412
334	160	2065	1.1532801	2.5291463
347	160	2066	0.758423	2.2397265
425	160	2067	0.52080822	2.4092243
441	160	2068	0.56442319	0.31330156
482	160	2069	0.5046154	0.83297381
318	161	2070	0.55247573	2.1396197
362	161	2071	1.1747184	-1.7516001
451	161	2072	0.54202723	-3.057756
472	161	2073	0.58366683	1.0015237
195	162	2074	0.81975357	2.1034404
211	162	2075	0.91896648	1.429245
276	162	2076	0.58517361	0.14636814
453	162	2077	1.0316297	-1.1029512
259	163	2078	0.8984395	-0.014618686
434	163	2079	0.86672343	3.0131425
186	164	2080	0.25461941	0.3832112
244	164	2081	0.47682557	-2.955067
357	164	2082	0.58139782	-2.125471
421	164	2083	1.110466	0.75284735
293	165	2084	0.85519342	2.1622098
410	165	2085	0.32271641	-1.8357111
426	165	2086	0.84414925	-1.5971878
197	166	2087	0.37321386	-0.62925274
194	167	2088	0.28140282	2.4271734
397	167	2089	1.1474613	-1.2213151
175	168	2090	1.3874154	-0.80842731
313	169	2091	0.1721858	1.7993319
420	169	2092	0.4831791	0.029237157
477	169	2093	0.46506451	2.8705473
492	169	2094	0.085673544	-1.6732121
496	169	2095	0.34476887	-3.1335814
390	170	2096	0.17397199	-1.4688377
406	170	2097	0.37491086	-2.5960719
442	170	2098	0.50674972	0.51674696
361	171	2099	1.7297642	-0.83577223
372	171	2100	1.6686004	2.1319456
387	171	2101	0.94696714	2.1556556
398	171	2102	0.66566967	-2.5122222
277	172	2103	0.81974881	-1.0261506
397	172	2104	0.65663277	2.8070899
424	172	2105	0.66602376	0.14015178
474	172	2106	0.9134957	1.089347
495	172	2107	0.82490909	1.881563
281	173	2108	0.68624518	-0.96034188
367	173	2109	0.39537769	0.77767506
392	173	2110	1.1518371	2.244316
253	174	2111	0.57653205	2.0840445
282	174	2112	0.82452018	0.81588883
286	174	2113	0.4562508	-2.7629287
307	174	2114	0.3614994	-1.0159832
204	175	2115	1.3102901	-1.0387214
259	175	2116	0.60897488	-2.0954157
340	175	2117	1.0898654	-0.79376125
189	176	2118	1.3775893	-2.5078251
278	176	2119	0.94170299	1.3411957
305	176	2120	0.29542338	-0.52993449
336	176	2121	0.43786226	-1.3275019
380	176	2122	0.45006648	-2.7157703
444	176	2123	1.1124704	0.67964726
295	177	2124	1.2383368	-0.79412958
308	177	2125	1.3397034	1.2222014
358	177	2126	0.61500482	-1.7395351
424	177	2127	0.59116384	2.4563111
448	177	2128	0.88472702	-2.1736396
226	178	2129	0.58032338	1.3755682
354	178	2130	0.90978302	-1.1052217
190	179	2131	0.1831712	-1.5107208
351	179	2132	0.33404332	-2.2543909
478	179	2133	0.41819723	1.3008564
382	180	2134	0.75104427	1.194947
405	180	2135	0.81950535	-2.1792013
431	180	2136	0.74545459	-2.5173239
470	180	2137	0.26517308	-1.7505274
228	181	2138	0.65195415	0.49566648
290	181	2139	0.20645463	0.76614833
303	181	2140	0.40939735	0.90504424
236	182	2141	0.36584445	-2.5071121
246	182	2142	0.45318599	1.8940544
292	182	2143	0.98172626	1.9976742
192	183	2144	0.94420753	1.1443795
314	183	2145	0.12634195	-2.7282308
348	183	2146	0.39834139	-1.1256223
237	184	2147	1.0273114	-2.0186842
262	184	2148	0.76478771	-1.4787438
440	185	2149	0.51038966	-0.93095241
288	186	2150	1.5370796	0.49921768
357	186	2151	0.80098612	-2.3146224
421	186	2152	0.87787665	0.85782462
196	187	2153	0.4140947	-0.28050521
367	187	2154	0.98473903	-0.81790618
392	187	2155	0.34057187	-2.8568365
402	187	2156	0.3117318	1.2105825
407	187	2157	0.60306407	2.6499652
457	187	2158	0.94390033	2.035887
232	189	2159	0.51428869	2.5638493
255	189	2160	0.55676989	-0.83114895
336	189	2161	1.2768291	0.31107971
376	189	2162	1.1401412	-3.0487587
380	189	2163	0.94181307	0.73258492
391	189	2164	0.74987253	1.7000796
473	189	2165	0.97208894	-2.2191449
318	190	2166	0.349245	-1.310333
351	190	2167	0.23467116	-2.8111333
375	190	2168	0.66351877	0.95571063
478	190	2169	0.59445498	1.4008759
310	191	2170	0.43040558	0.67268718
231	193	2171	0.21307588	-2.6127239
325	193	2172	0.76964012	-0.84729927
348	194	2173	0.39161532	-2.7446735
211	195	2174	0.58265287	0.35694051
217	195	2175	0.95939038	2.9756152
338	195	2176	0.88068978	2.22504
409	195	2177	0.83355349	1.6474421
254	196	2178	0.95633561	2.0305366
264	196	2179	0.64123556	0.63223194
367	196	2180	0.663772	-1.1429522
402	196	2181	0.49809068	2.1874072
408	196	2182	0.85205734	1.373842
406	197	2183	0.96590172	0.53174921
452	197	2184	0.62088272	-2.7569982
486	197	2185	1.0559318	-2.8677731
311	198	2186	0.59723355	-2.6340341
417	198	2187	0.60479256	-0.30804304
338	199	2188	0.76278196	-1.736213
409	199	2189	0.71035252	-1.0612061
484	199	2190	0.55231925	0.50041143
241	200	2191	0.92982412	-2.0133663
271	200	2192	0.24422542	-1.5161981
216	201	2193	0.51165833	1.6595809
264	201	2194	0.91479244	1.97969
308	201	2195	1.0994922	-1.4616193
365	201	2196	0.75478029	0.7853022
367	201	2197	0.62237123	-2.9089309
489	201	2198	1.1977289	-0.64836693
322	203	2199	0.28292384	2.0900465
360	203	2200	0.78933151	1.363562
458	203	2201	0.51042633	1.3283928
461	203	2202	0.86741885	-2.1299856
340	204	2203	0.3658547	1.2955324
374	204	2204	0.13727059	-0.41833332
412	204	2205	0.16263485	-0.73039667
423	204	2206	0.42544626	-2.0472159
211	205	2207	0.93583579	3.028752
245	205	2208	0.95424774	-1.4001064
276	205	2209	0.86488643	-2.1599971
345	205	2210	0.61404977	-1.0610105
426	206	2211	0.50720715	1.5737011
437	206	2212	0.59045613	-1.823074
278	207	2213	0.99433384	-2.3709773
352	207	2214	1.1359682	1.8616232
428	207	2215	0.80155388	1.3213095
444	207	2216	0.91255213	-1.6393001
465	207	2217	0.95767332	2.8361637
382	208	2218	0.72891756	-0.82302049
413	208	2219	0.689785	-0.81618759
471	208	2220	0.86364889	-2.4939015
210	209	2221	0.77225485	1.5726423
218	209	2222	1.0363383	-3.053054
290	209	2223	0.28956922	-1.465017
303	209	2224	0.17333405	-0.68101166
353	209	2225	0.89369963	2.8843668
229	210	2226	0.83228375	-0.013545307
265	210	2227	1.5674392	0.3659138
353	210	2228	1.0205192	-2.5783373
361	210	2229	1.4868661	2.9402425
276	211	2230	0.93889719	-1.0718419
409	211	2231	0.87497661	2.3418351
280	212	2232	0.61269509	2.5378078
334	212	2233	0.62643329	2.7754097
404	212	2234	0.78000549	-0.24925552
436	212	2235	0.30275997	2.0290729
249	213	2236	0.50674549	-1.3438553
336	213	2237	0.77199857	2.8559935
455	213	2238	0.53566654	0.173408
493	213	2239	0.70063338	0.857803
271	214	2240	0.67928074	-1.5331722
335	214	2241	0.82949143	-2.0436367
344	214	2242	0.23554185	1.6544319
386	214	2243	0.52102977	1.2134741
220	215	2244	0.65806566	1.837041
223	215	2245	0.66708656	-1.270347
225	215	2246	0.1334555	1.5689255
312	215	2247	1.0364467	-1.3007742
419	215	2248	0.011530738	1.6242392
365	216	2249	0.57962695	0.04144544
330	217	2250	0.61187379	2.9532422
338	217	2251	0.67842632	0.92138963
395	217	2252	0.78621478	-2.2977957
290	218	2253	1.0808304	-0.18264693
339	218	2254	0.47500564	-2.2440227
353	218	2255	0.36051916	1.0860927
263	219	2256	0.40070709	1.6086214
268	219	2257	0.26981236	-1.8308377
360	219	2258	0.37928443	-1.6786282
225	220	2259	0.53055754	-1.2378661
270	220	2260	0.28559012	2.3286441
332	220	2261	0.53922982	1.433204
383	220	2262	0.10678248	-1.3714986
261	221	2263	0.76674902	0.35902905
469	221	2264	0.49111661	-2.4181831
317	222	2265	0.23237289	0.90586255
344	222	2266	1.2477597	-2.0110191
460	222	2267	0.98684766	-2.0213276
481	222	2268	0.3200205	-1.0173978
312	223	2269	0.37022557	-1.355618
348	223	2270	0.674171	1.8907575
419	223	2271	0.67827319	1.8670891
447	223	2272	0.97399398	-1.1162158
499	223	2273	1.1906867	-1.1022859
274	224	2274	0.96620587	-0.46984944
346	224	2275	0.48920289	-2.201607
429	224	2276	1.2360352	2.5202809
231	225	2277	1.0151616	-1.1206114
332	225	2278	1.0403204	1.6665222
284	226	2279	0.89198757	-1.2316425
447	226	2280	1.1721587	2.2151323
448	226	2281	0.86643258	0.13387733
499	226	2282	0.95665603	2.2408105
296	227	2283	1.1053885	-1.8238011
452	228	2284	0.36256333	0.47226484
486	228	2285	0.1630614	2.3815524
265	229	2286	0.85208688	0.73612176
423	230	2287	0.82957017	-0.53619534
325	231	2288	0.83736484	-0.59497457
362	231	2289	0.71313961	1.2339456
366	231	2290	0.78940052	1.6268933
256	232	2291	0.53732018	-3.0762495
376	232	2292	0.80351068	-2.6396922
391	232	2293	0.57077354	0.94539873
248	233	2294	0.39868957	3.0158073
274	233	2295	0.40964442	1.4326549
345	234	2296	0.59069111	-3.1298594
469	234	2297	1.1517423	-0.95014741
316	235	2298	0.3006077	-2.5256148
405	235	2299	0.59400854	0.6250867
246	236	2300	0.6638979	1.3418297
252	236	2301	0.44137144	-2.1534256
260	236	2302	0.33324438	0.78956582
261	236	2303	0.63919598	1.961624
364	236	2304	0.24760214	0.33760779
239	237	2305	0.73136052	-0.9644604
262	237	2306	0.54079575	0.30894617
296	237	2307	0.72877235	-2.3558895
327	237	2308	0.93856581	-2.0731352
414	237	2309	0.82137487	-1.711202
241	238	2310	0.56408271	1.4618573
314	238	2311	0.75632224	-1.4474974
335	238	2312	1.0996401	1.5075056
419	238	2313	1.1221263	-1.2117855
262	239	2314	0.77172228	1.4429176
328	239	2315	0.55092252	-1.7990033
414	239	2316	0.57253745	-2.7617115
497	239	2317	1.1658777	-1.1286934
328	240	2318	0.56544124	0.34061393
414	240	2319	0.52844093	1.3302895
457	240	2320	0.67729972	-1.920778
335	241	2321	0.53676256	1.555479
302	242	2322	0.73567103	1.0265601
381	242	2323	0.64678251	0.12569093
399	242	2324	0.57867613	2.0638126
404	242	2325	0.45285365	-1.6460469
441	242	2326	0.53446215	-1.3715904
268	243	2327	0.76055841	1.2981067
301	243	2328	0.65141708	1.381648
360	243	2329	0.65883926	1.2086903
377	243	2330	0.36190965	2.8656547
455	243	2331	1.2375514	-1.9317592
458	243	2332	0.39049174	1.052344
493	243	2333	0.88047492	-2.1836051
282	244	2334	0.4143038	-2.3810963
329	244	2335	0.15656913	3.1045592
357	244	2336	0.43707601	-1.1902261
488	244	2337	0.28563658	-3.1233312
276	245	2338	0.67974668	2.8099445
345	245	2339	0.42716301	1.2429225
449	245	2340	0.68802316	-1.0880142
491	245	2341	0.82131676	-1.9382506
261	246	2342	0.39808811	-3.0015321
292	246	2343	0.53303612	2.0857276
364	246	2344	0.57061744	-1.4249297
423	246	2345	0.72645231	2.6130279
266	247	2346	0.3322641	-2.7422707
389	247	2347	0.82386075	2.1056899
410	247	2348	0.37039558	-1.3136614
346	248	2349	0.8036331	2.6232959
425	248	2350	0.30785373	-2.9652567
482	248	2351	0.42461462	-0.067999913
297	249	2352	0.80979305	-3.1064855
455	249	2353	0.71741257	0.95631022
257	250	2354	0.57271629	-2.1007291
427	251	2355	0.25756846	1.5894706
261	252	2356	0.95955053	1.571476
352	252	2357	0.96903657	3.1340837
401	252	2358	0.26496615	-2.4494594
286	253	2359	0.68553965	-1.7777242
323	253	2360	0.3122371	2.4276798
328	254	2361	0.99689648	1.1924076
402	254	2362	0.47083586	-1.2770893
408	254	2363	0.59146347	-0.036278209
457	254	2364	0.40962076	2.8918457
297	255	2365	0.88791568	0.070376681
336	255	2366	1.1616497	0.76216898
473	255	2367	1.0286767	-2.7803781
376	256	2368	0.38966819	-2.0172309
287	257	2369	0.6628661	0.58655769
295	257	2370	0.90913205	2.7134567
302	257	2371	0.77854341	-2.6669258
289	260	2372	0.79764975	-1.5101913
423	261	2373	0.48204129	2.0755821
384	262	2374	1.1417387	0.32183259
268	263	2375	0.66338115	-1.6526221
289	263	2376	0.49894323	1.5169313
367	264	2377	1.0122037	-1.8121007
408	264	2378	0.57568985	2.2255143
497	264	2379	0.88874687	1.5144047
471	265	2380	1.8148862	0.66454787
279	266	2381	0.80581585	-2.3138766
352	267	2382	0.83082114	1.6127329
465	267	2383	0.62316221	3.0937545
301	268	2384	0.123966	-2.2973955
377	268	2385	0.84121307	-2.2882238
400	268	2386	0.53592424	2.1460122
315	269	2387	0.088380198	-2.3921646
356	269	2388	0.30692616	-1.5861122
383	270	2389	0.38037739	-0.96227659
386	271	2390	1.1773925	1.4373201
476	272	2391	0.9708316	2.5562352
321	273	2392	0.34773931	-2.2411174
326	273	2393	0.5420701	-0.020759806
353	274	2394	0.98120219	0.054435191
361	274	2395	0.97520025	1.1640721
378	275	2396	0.98149881	-1.997243
385	275	2397	0.79718714	-0.39381721
396	275	2398	1.3679537	2.4318151
463	275	2399	0.89085658	1.7853188
490	275	2400	0.86479413	2.9557993
453	276	2401	1.0125211	-1.6833164
491	276	2402	1.0472083	-1.2323919
424	277	2403	0.82815285	1.2833699
448	277	2404	0.36295934	-1.0171422
380	278	2405	1.2672834	-2.0858098
444	278	2406	0.68641673	-0.322853
465	278	2407	1.000779	1.7719276
349	279	2408	0.61111868	-0.86141153
388	279	2409	0.54445848	-1.61233
334	280	2410	0.14749575	-2.1483991
354	280	2411	0.39790616	-2.966106
436	280	2412	0.37820971	-0.2032556
308	281	2413	0.62347867	-0.17693297
367	281	2414	0.84709873	1.7029933
424	281	2415	1.0394311	-1.8651597
474	281	2416	0.60568056	-2.6645376
307	282	2417	0.98203241	-1.9621059
357	282	2418	0.47788459	-0.25432652
488	282	2419	0.28073439	1.5188675
331	283	2420	0.62510881	0.90138595
418	283	2421	0.93508175	3.0614692
446	283	2422	1.0818811	-0.93837685
468	283	2423	0.69895803	-0.32492797
306	285	2424	0.49018401	2.3108385
433	285	2425	0.37168881	-0.058837394
456	285	2426	0.035675864	0.33247647
500	285	2427	1.0300084	3.0123441
307	286	2428	0.6298037	-0.22189712
324	286	2429	0.92103475	-2.2217896
403	286	2430	0.93277445	-1.6279955
481	286	2431	0.53129293	-2.3325613
421	288	2432	0.77860386	-3.0492258
464	288	2433	0.7786788	-0.60214475
303	290	2434	0.20691479	1.0436293
395	291	2435	0.44708411	0.86012037
450	291	2436	0.7003744	3.0429071
494	291	2437	1.0177984	2.4857726
393	292	2438	0.49616602	-0.27003892
423	292	2439	0.37763006	-2.8802544
393	293	2440	0.3867367	-0.90170119
462	293	2441	0.06209164	2.4000335
434	294	2442	0.36541943	3.1378849
302	295	2443	0.74552852	-1.3892532
320	295	2444	0.58976892	-2.0109036
358	295	2445	1.0099633	2.8637872
327	296	2446	0.31358539	-1.3676546
336	297	2447	0.74106788	1.6321652
355	297	2448	0.22904831	-0.75049505
442	297	2449	0.6370167	-2.2203968
344	298	2450	0.73101206	1.3219806
432	298	2451	0.33198841	1.0495908
341	299	2452	0.12632956	-0.59224425
477	299	2453	0.5202352	0.19635031
496	299	2454	0.61410842	-0.041999312
315	300	2455	0.23311948	-0.86003798
356	300	2456	0.47351197	-1.1063723
483	300	2457	0.27150797	-3.0977239
487	300	2458	0.74153256	2.6028326
360	301	2459	0.11340958	-0.21037968
309	302	2460	0.97323484	-0.31537826
320	302	2461	0.4344844	2.6639955
381	302	2462	0.60715713	-1.1268542
399	302	2463	0.66562053	-2.9608955
380	304	2464	0.89692748	-1.373235
391	304	2465	0.98578866	-2.25205
465	304	2466	1.3453788	1.1082797
475	304	2467	0.51144246	1.9261231
433	306	2468	0.79971684	-0.50060346
445	306	2469	1.113227	2.8513207
500	306	2470	0.72790796	-2.8212464
357	307	2471	1.1493178	0.75494473
403	307	2472	1.0363812	-2.2708363
363	308	2473	1.3359198	-0.35154189
367	308	2474	1.1948468	2.2232145
489	308	2475	0.91304954	0.41682275
370	309	2476	0.64497607	-1.1006198
381	309	2477	0.70868323	-2.7864466
415	311	2478	0.49601355	1.6109553
420	311	2479	1.3552833	-2.9199755
427	311	2480	0.74014977	-2.791008
439	312	2481	0.99613573	-1.1832062
499	312	2482	0.83743429	-0.99125506
321	313	2483	0.33970274	0.86127979
477	313	2484	0.41135076	-3.0363958
348	314	2485	0.42171038	-0.82151398
419	314	2486	0.42514465	-0.78334388
356	315	2487	0.25387588	-1.3322007
323	317	2488	0.85754081	1.2179061
375	318	2489	0.92688244	1.2492473
451	318	2490	0.56551868	-2.0140445
472	318	2491	0.61275166	0.04267023
392	319	2492	0.62581868	1.1985282
358	320	2493	1.0841367	2.2970889
399	320	2494	0.41747924	-2.2707004
411	321	2495	0.36102857	-2.0866334
360	322	2496	0.60763422	1.049123
461	322	2497	1.0317351	-1.88592
466	322	2498	0.62678251	0.76855558
341	323	2499	0.61003604	0.80446827
333	324	2500	0.9090168	-2.0782372
368	324	2501	1.0414494	-1.5697318
403	324	2502	0.54245625	-0.37479259
481	324	2503	0.39736246	1.0681511
343	326	2504	0.86139864	0.15679938
421	326	2505	0.46974483	-0.31741209
414	327	2506	0.33707943	0.027659742
457	327	2507	1.140346	-1.5893482
408	328	2508	0.97366296	-1.3399272
414	328	2509	0.52049204	2.4688489
497	328	2510	0.81001445	-0.69246716
488	329	2511	0.12959595	-3.0565121
395	330	2512	0.70638074	-1.4594221
494	330	2513	1.1029742	-2.7507518
456	331	2514	0.17384174	1.2691482
468	331	2515	0.76432714	-1.2034657
498	331	2516	1.1820573	-0.59701581
500	331	2517	1.0437554	2.8629307
351	332	2518	0.71442511	1.0122623
368	333	2519	0.50705325	-0.50874497
432	333	2520	0.15720574	-2.1156012
460	333	2521	0.52774314	1.5039651
347	334	2522	0.47819257	-0.14271809
354	334	2523	0.31592614	2.969506
422	334	2524	0.2508008	2.005325
377	337	2525	0.30332983	1.0785781
444	337	2526	0.52332593	2.6212921
493	337	2527	0.55174147	-1.597721
409	338	2528	0.49030482	0.27315844
342	339	2529	0.41172345	-1.0882027
441	339	2530	0.35043271	2.9898564
374	340	2531	0.40867359	-1.5071483
412	340	2532	0.46109716	-1.5236985
462	340	2533	0.49513544	-1.0113607
443	341	2534	0.37110497	0.27862505
477	341	2535	0.44040633	0.40126054
441	342	2536	0.68068531	2.4809748
421	343	2537	0.49263956	-2.5342935
460	344	2538	0.26116271	1.1695351
434	345	2539	1.2623689	1.9093545
449	345	2540	1.0299753	-1.3933066
347	346	2541	0.37348448	-0.5822574
422	346	2542	0.28177292	2.8160192
425	346	2543	0.60037366	-0.85272156
429	346	2544	1.3249963	2.1421392
422	347	2545	0.64997422	2.6696168
425	347	2546	0.26034898	-1.2460688
419	348	2547	0.016522022	0.55901939
388	349	2548	0.42826399	-2.9529873
438	350	2549	0.049489281	1.3374758
485	350	2550	0.35227362	-0.30849642
401	352	2551	0.7850834	-0.2265887
428	352	2552	0.60930332	-0.53668088
449	352	2553	1.2272077	2.9164304
465	352	2554	0.99285468	-2.2041442
469	352	2555	0.37661158	1.8884235
361	353	2556	1.0306239	2.185
422	354	2557	0.26901442	0.70044211
442	355	2558	0.65487462	-2.5758127
480	355	2559	0.90692276	0.57230469
487	356	2560	1.1688505	2.3832781
448	358	2561	0.41675646	-2.8432416
485	359	2562	0.60058968	1.6149168
437	360	2563	0.52548492	1.1707494
458	360	2564	0.27979702	-1.7138415
466	360	2565	0.17363938	-0.552546
366	362	2566	0.30270007	2.7515412
451	362	2567	1.1578722	1.8588042
378	363	2568	0.85041064	0.33372718
489	363	2569	0.92962757	2.0387813
396	365	2570	1.0123948	-0.022732622
489	365	2571	1.3255535	-1.2476644
451	366	2572	0.99628573	1.6199196
375	368	2573	0.39951745	-0.54373692
403	368	2574	0.98190121	1.0321477
432	368	2575	0.53625012	2.9301761
478	368	2576	0.1732604	-1.219909
429	369	2577	0.56544376	-0.4183243
439	369	2578	0.52729078	1.9835351
381	370	2579	1.0115095	2.8107695
486	370	2580	0.53420701	0.23607094
438	371	2581	0.56634536	-0.51484106
387	372	2582	0.72224843	-1.0407363
472	372	2583	1.7804335	1.7870447
433	373	2584	1.2582511	-0.3577049
438	373	2585	0.16734585	-0.41182245
445	373	2586	0.64518392	2.7235916
412	374	2587	0.052913562	-1.6518677
403	375	2588	1.0619493	1.4178463
472	375	2589	0.91101392	-1.2127444
478	375	2590	0.28574972	2.9870602
444	377	2591	0.59746513	-3.1296188
385	378	2592	1.284484	0.47522719
489	378	2593	1.3412858	2.7181741
433	379	2594	1.1110851	2.3793474
454	379	2595	0.82227894	-1.3713107
487	379	2596	0.44995112	-0.32645311
498	379	2597	0.217073	-3.0040597
391	380	2598	0.80494109	2.999821
391	385	2599	1.4112468	-1.0355928
430	385	2600	1.2698256	1.1743747
462	389	2601	0.07615464	-0.048143661
394	390	2602	0.83823508	-2.8098253
406	390	2603	0.33888259	-3.0782275
470	390	2604	1.4090835	0.5128453
475	391	2605	1.3216541	1.2290833
407	392	2606	0.43198187	2.0646877
406	394	2607	0.51932091	0.50569333
452	394	2608	1.0637568	-2.6827693
494	395	2609	1.1338854	2.8904267
463	396	2610	0.84821629	-0.02477341
489	396	2611	1.3682628	-2.0176109
490	396	2612	0.75538667	-1.3196954
448	399	2613	1.3176848	2.2713226
401	400	2614	0.8141493	2.0249624
428	400	2615	0.84500288	2.3579441
428	401	2616	0.27663765	-2.6311472
436	404	2617	1.0035209	2.6609985
431	405	2618	0.27324599	2.0937021
470	405	2619	0.58873576	0.77405986
452	406	2620	1.5826945	-2.6673951
416	407	2621	0.56354724	2.9107835
457	407	2622	0.56935156	1.3794179
497	408	2623	0.5882261	0.82151265
492	411	2624	0.19703405	-1.6366859
423	412	2625	0.41555346	-2.4357308
462	412	2626	0.24451398	0.16819108
457	414	2627	1.2039623	-1.872805
457	416	2628	0.7851433	0.57963389
435	418	2629	0.61142156	3.0356878
446	418	2630	1.8351005	-0.54254047
464	418	2631	0.49555932	2.4034437
427	420	2632	0.62853049	0.069582141
474	424	2633	0.75462728	1.889548
437	426	2634	1.0887922	-1.7052121
449	430	2635	1.0690767	0.66394665
453	430	2636	0.5369801	2.0213521
475	430	2637	1.3235097	-1.0379359
491	430	2638	0.55086871	1.1450545
460	432	2639	0.67123705	1.3960267
456	433	2640	0.33898293	3.0426041
487	433	2641	1.530811	-0.63784844
459	434	2642	1.1934823	2.3313227
466	437	2643	0.57793323	-1.6693336
467	438	2644	0.81532569	-0.13748183
485	438	2645	0.3593948	-0.44624442
482	441	2646	0.28067566	2.3513503
477	443	2647	0.085191576	0.96325771
468	446	2648	0.64991234	1.5355745
476	446	2649	1.5125808	-0.72804359
465	449	2650	1.2347038	-1.0553514
469	449	2651	1.0818586	0.077519527
491	449	2652	0.63422772	-2.8912794
494	450	2653	0.56245732	1.7670688
497	450	2654	0.57636851	-2.8430647
486	452	2655	0.44418973	-3.0229181
491	453	2656	0.46170628	0.039649891
476	454	2657	0.92893869	-1.5437095
480	455	2658	0.40502335	-2.3794829
493	455	2659	0.44300177	1.7279839
500	456	2660	1.0620674	3.0273092
484	459	2661	0.46974423	2.9300993
481	460	2662	0.85854839	0.80039421
480	461	2663	0.64352031	-2.1290486
500	464	2664	0.7763534	0.49529548
475	465	2665	1.0632963	-2.3919204
485	467	2666	0.48537303	-3.0521231
498	468	2667	0.70478454	0.069314802
480	470	2668	0.768247	0.84431309
495	474	2669	0.6756906	-3.1056833
496	477	2670	0.16393991	-0.88888355
487	483	2671	0.53605504	2.3204101
490	489	2672	0.92679431	0.57270984
