label	xPos	yPos	vote	north
0	0	0	0	0
1	-3.259591	4.382578	0	0
2	-1.98811	4.399744	0	0
3	3.250613	3.0808	0	0
4	-5.740303	-0.9176021	0	0
5	-1.906568	-5.061221	0	0
6	-5.01153	2.16017	0	0
7	2.216906	-4.867449	0	0
8	-0.4489762	4.657547	0	0
9	1.616423	5.426309	0	0
10	5.040042	1.476475	0	0
11	3.919826	-3.478614	0	0
12	2.178044	5.559871	0	0
13	-5.264555	0.074349	0	0
14	0.9452661	-4.247692	0	0
15	-2.621966	3.964345	0	0
16	0.1032953	5.226836	0	0
17	3.675257	2.242459	0	0
18	-2.115802	-5.09	0	0
19	-0.5587165	-5.522601	0	0
20	-5.812259	-1.759454	0	0
21	0.7470832	4.377291	0	0
22	0.6574981	-4.435737	0	0
23	-0.9632619	-5.440586	0	0
24	-2.893377	-2.218085	0	0
25	0.4723051	3.04615	0	0
26	-0.6205754	-4.852474	0	0
27	3.621773	-2.470084	0	0
28	-0.376894	4.931231	0	0
29	-0.1349605	-5.23257	0	0
30	3.954869	3.279484	0	0
31	-1.062443	-4.027736	0	0
32	3.786258	-3.854822	0	0
33	1.006611	5.610735	0	0
34	2.874303	-2.751064	0	0
35	2.690743	-4.039349	0	0
36	-0.5813304	-5.431464	0	0
37	1.297407	-3.003371	0	0
38	2.421637	-4.324303	0	0
39	4.410003	0.3650205	0	0
40	-4.22417	1.646204	0	0
41	0.58636	5.792119	0	0
42	0.5817247	6.187322	0	0
43	-0.08589871	-1.865884	0	0
44	-3.243303	3.227603	0	0
45	-2.117549	4.172908	0	0
46	-2.421261	-4.904514	0	0
47	-0.8391302	-4.890598	0	0
48	-5.604927	-1.113422	0	0
49	-5.17074	1.097848	0	0
50	-3.52454	3.024243	0	0
51	2.472351	4.592624	0	0
52	4.611162	0.2803448	0	0
53	-3.427925	4.335912	0	0
54	-3.44368	4.216516	0	0
55	1.75964	-0.8777259	0	0
56	-4.945133	2.149366	0	0
57	-4.691655	-1.25896	0	0
58	4.199481	2.987897	0	0
59	-4.519665	0.7059051	0	0
60	4.283376	-3.133763	0	0
61	0.2319751	-5.476664	0	0
62	5.252391	-1.077156	0	0
63	1.783187	-3.989474	0	0
64	4.026103	2.167768	0	0
65	-1.608002	4.793508	0	0
66	5.32961	0.09298047	0	0
67	3.815546	1.682934	0	0
68	-0.2386607	4.365229	0	0
69	4.765314	2.521876	0	0
70	-0.5474678	-1.47263	0	0
71	-1.268481	-1.055898	0	0
72	0.9162329	-3.564314	0	0
73	-4.213449	3.138307	0	0
74	-0.5669976	4.515737	0	0
75	5.178539	-0.7147648	0	0
76	5.262138	0.224565	0	0
77	-3.992852	-1.61148	0	0
78	-2.633334	4.347868	0	0
79	-5.079412	-2.068037	0	0
80	2.770128	-4.401875	0	0
81	2.017693	5.325179	0	0
82	0.3788006	-5.48231	0	0
83	3.122999	4.946341	0	0
84	-4.915512	0.9240476	0	0
85	3.524701	4.259302	0	0
86	-3.826524	-3.164553	0	0
87	2.532691	-4.802085	0	0
88	0.3614014	-3.602766	0	0
89	-4.325289	-3.411621	0	0
90	3.070523	4.707248	0	0
91	2.075236	5.55788	0	0
92	2.467661	-4.62254	0	0
93	3.534904	2.927146	0	0
94	4.835294	-1.896916	0	0
95	-4.79292	-2.404017	0	0
96	3.946676	4.021558	0	0
97	-1.996658	1.498296	0	0
98	4.103946	-3.724832	0	0
99	-5.549692	-1.898077	0	0
100	-4.828458	-2.835322	0	0
101	1.459156	-5.092695	0	0
102	-4.026648	2.20869	0	0
103	4.649774	-0.03345821	0	0
104	-3.286855	1.973779	0	0
105	1.449507	-5.362985	0	0
106	3.815368	0.7956566	0	0
107	-5.548438	0.2769444	0	0
108	1.624181	2.85589	0	0
109	1.663821	4.392199	0	0
110	-0.7195743	3.665295	0	0
111	4.250797	-1.320762	0	0
112	1.999561	-2.394509	0	0
113	0.4015994	-1.403982	0	0
114	-4.555366	-2.145955	0	0
115	3.238846	-4.080315	0	0
116	4.045297	-3.329288	0	0
117	0.4282368	3.547088	0	0
118	4.058466	1.163937	0	0
119	-1.055735	-3.429049	0	0
120	-5.115799	-2.077037	0	0
121	-0.2173372	3.038209	0	0
122	3.070496	-4.251468	0	0
123	-3.766727	1.13243	0	0
124	0.007111214	-5.298287	0	0
125	-2.744153	3.936556	0	0
126	3.274053	-4.68694	0	0
127	4.149054	3.890979	0	0
128	-0.07864958	5.750226	0	0
129	-5.259372	1.288443	0	0
130	-1.761906	-3.076171	0	0
131	-0.39367	5.168893	0	0
132	-4.807602	0.8143001	0	0
133	1.159193	5.481569	0	0
134	-1.461978	0.173373	0	0
135	5.019077	-0.6010353	0	0
136	0.04968323	-4.592607	0	0
137	1.558058	5.328752	0	0
138	-2.608802	-3.281693	0	0
139	0.3745033	5.429648	0	0
140	-4.42003	2.806158	0	0
141	-2.765994	-4.623186	0	0
142	3.047769	1.224377	0	0
143	-5.390528	-0.6378025	0	0
144	2.935428	-4.141581	0	0
145	0.4446678	-2.950475	0	0
146	4.953323	-0.2659048	0	0
147	-0.9804778	2.34118	0	0
148	-5.106836	0.5512869	0	0
149	0.291687	5.825125	0	0
150	-4.085171	-0.657055	0	0
151	-4.719143	1.971525	0	0
152	1.947375	5.232168	0	0
153	-0.7895779	-4.924339	0	0
154	3.040664	3.400303	0	0
155	3.302714	-2.060037	0	0
156	-4.18804	2.550418	0	0
157	-5.106978	0.7820176	0	0
158	4.930035	-0.9879243	0	0
159	4.576072	1.743261	0	0
160	2.037759	5.74919	0	0
161	4.028788	0.1523638	0	0
162	-1.22048	-1.435458	0	0
163	-3.019977	-2.783569	0	0
164	2.060704	-4.316485	0	0
165	-5.772885	-1.348907	0	0
166	-1.226016	4.668691	0	0
167	4.35857	1.23066	0	0
168	-3.265146	-4.300893	0	0
169	2.636904	-4.535666	0	0
170	-2.680774	4.204063	0	0
171	2.444196	2.812422	0	0
172	3.34543	2.52433	0	0
173	2.777749	0.8742679	0	0
174	3.394398	-3.341961	0	0
175	-4.223346	-3.297512	0	0
176	-3.355738	2.281789	0	0
177	2.228233	2.805433	0	0
178	3.701118	4.219155	0	0
179	4.427312	-0.8334225	0	0
180	-3.973693	3.424851	0	0
181	-0.05585015	5.596301	0	0
182	-5.464248	-0.9942321	0	0
183	5.103864	0.8381635	0	0
184	2.67474	-3.854104	0	0
185	0.01776325	-5.693141	0	0
186	1.824552	-4.411687	0	0
187	3.169339	-0.1217185	0	0
188	-1.139745	4.826244	0	0
189	-2.245674	3.097576	0	0
190	4.416315	-0.6505818	0	0
191	0.8607422	-3.169546	0	0
192	4.713329	-0.02149365	0	0
193	4.291765	1.873486	0	0
194	4.571163	1.046291	0	0
195	-0.8041981	-2.141648	0	0
196	2.771429	-0.00708002	0	0
197	-1.527748	4.888343	0	0
198	0.3098518	-5.137975	0	0
199	-0.3938484	-3.592853	0	0
200	4.853044	-1.262645	0	0
201	1.890421	0.453362	0	0
202	-0.02653178	-5.558886	0	0
203	-5.237634	1.830356	0	0
204	-4.888085	-2.168361	0	0
205	-2.280011	-2.239856	0	0
206	-5.752082	0.002152874	0	0
207	-4.283476	0.6721683	0	0
208	-3.753702	2.191788	0	0
209	-0.1740453	5.165202	0	0
210	-0.1726197	4.392948	0	0
211	-1.350127	-2.345233	0	0
212	2.396523	5.3105	0	0
213	-4.201947	2.924253	0	0
214	4.865268	-1.697583	0	0
215	4.91771	1.200433	0	0
216	1.935789	-0.05628104	0	0
217	0.1420077	-2.300156	0	0
218	0.8582337	5.256838	0	0
219	-5.440862	0.6808315	0	0
220	5.090853	0.5655534	0	0
221	-4.20824	-1.098962	0	0
222	4.353223	-3.061096	0	0
223	4.720286	1.837636	0	0
224	2.531504	4.553779	0	0
225	4.91746	1.066977	0	0
226	3.588541	3.649856	0	0
227	3.358099	-3.482844	0	0
228	-0.6293429	5.28622	0	0
229	-1.004827	4.404221	0	0
230	-3.979828	-2.214093	0	0
231	4.475731	1.980995	0	0
232	-1.814855	2.816705	0	0
233	1.726409	5.396973	0	0
234	-3.170311	-1.710814	0	0
235	-3.023608	4.4449	0	0
236	-5.169604	-0.7773744	0	0
237	3.11963	-2.928123	0	0
238	5.312583	0.1383334	0	0
239	2.702857	-2.327133	0	0
240	3.360449	-1.6016	0	0
241	5.251254	-0.4224055	0	0
242	1.606577	5.051342	0	0
243	-5.166652	1.674028	0	0
244	2.529259	-4.22806	0	0
245	-2.442101	-1.299476	0	0
246	-5.32029	-1.423946	0	0
247	-5.594193	-1.395667	0	0
248	2.121949	5.346956	0	0
249	-4.315964	3.418005	0	0
250	0.2437066	3.571968	0	0
251	1.522113	-4.335967	0	0
252	-4.926752	-0.408821	0	0
253	3.677481	-3.844209	0	0
254	3.19577	-0.8641172	0	0
255	-2.620952	3.508865	0	0
256	-1.278682	2.85179	0	0
257	0.5332006	4.066131	0	0
258	-4.716126	2.528077	0	0
259	-3.91832	-2.770435	0	0
260	-5.40426	-1.013994	0	0
261	-4.9261	-1.368371	0	0
262	2.604439	-3.092554	0	0
263	-5.425709	0.2804111	0	0
264	2.254138	-0.3860161	0	0
265	-1.63629	3.832114	0	0
266	-5.28807	-1.266485	0	0
267	-3.992575	0.4139934	0	0
268	-5.371488	0.9415726	0	0
269	-4.325288	-3.512399	0	0
270	5.287157	0.3581244	0	0
271	4.839716	-1.018783	0	0
272	-4.043127	-1.882667	0	0
273	2.23858	-5.233596	0	0
274	1.67	4.991231	0	0
275	-0.6930756	0.8341629	0	0
276	-1.799396	-1.520803	0	0
277	2.920705	3.22547	0	0
278	-3.570059	1.364798	0	0
279	-4.742888	-0.6730916	0	0
280	2.900889	4.962635	0	0
281	2.384365	1.436569	0	0
282	2.829419	-3.942488	0	0
283	-1.46532	-4.298181	0	0
284	3.291787	4.491033	0	0
285	-1.87114	-4.942732	0	0
286	3.818328	-3.173294	0	0
287	-0.01886801	3.699236	0	0
288	0.475062	-5.147547	0	0
289	-5.452572	-0.2178085	0	0
290	-0.2046186	5.453152	0	0
291	0.9562037	-1.373863	0	0
292	-5.057783	-1.887861	0	0
293	-5.296085	-2.058849	0	0
294	-2.52581	-2.893239	0	0
295	1.360276	3.688681	0	0
296	3.634793	-2.412646	0	0
297	-3.50667	3.446428	0	0
298	5.064961	-1.223801	0	0
299	3.595229	-4.558689	0	0
300	-4.108498	-3.628866	0	0
301	-5.289133	1.03423	0	0
302	1.225672	4.421958	0	0
303	-0.3087148	5.274329	0	0
304	-2.769815	1.588217	0	0
305	-3.610641	2.431118	0	0
306	-1.540599	-5.304704	0	0
307	3.203966	-3.034687	0	0
308	1.77062	1.546308	0	0
309	0.3004382	4.723832	0	0
310	0.5241004	-3.437727	0	0
311	0.8317943	-4.847693	0	0
312	4.641235	2.199324	0	0
313	2.675913	-4.703375	0	0
314	5.219565	0.8889139	0	0
315	-4.260587	-3.452193	0	0
316	-2.77825	4.618578	0	0
317	4.209847	-3.243964	0	0
318	4.326374	-0.3131165	0	0
319	3.723825	0.5569092	0	0
320	1.611539	4.222249	0	0
321	2.454608	-4.9611	0	0
322	-5.097239	1.584724	0	0
323	3.913471	-4.048661	0	0
324	4.376454	-2.440628	0	0
325	3.782256	2.450328	0	0
326	1.696626	-5.222344	0	0
327	3.571528	-2.105508	0	0
328	2.827493	-1.790494	0	0
329	2.685721	-4.233857	0	0
330	0.7430601	-2.414722	0	0
331	-1.853214	-4.788384	0	0
332	5.016893	0.03141976	0	0
333	4.818183	-1.646155	0	0
334	2.981424	5.086203	0	0
335	5.243032	-0.9591051	0	0
336	-3.46122	2.706756	0	0
337	-4.675085	1.842747	0	0
338	-0.2682462	-2.840483	0	0
339	1.154405	5.628204	0	0
340	-4.987525	-2.520443	0	0
341	3.490415	-4.488169	0	0
342	0.9633334	5.992906	0	0
343	0.8457951	-5.356858	0	0
344	4.884945	-1.932302	0	0
345	-2.579661	-1.703884	0	0
346	2.820036	4.948835	0	0
347	2.508093	5.154218	0	0
348	4.932332	1.197681	0	0
349	-5.140951	-0.2093975	0	0
350	-1.20549	-5.246288	0	0
351	4.638288	-0.5744362	0	0
352	-3.957743	-0.4160973	0	0
353	0.6902512	4.937846	0	0
354	3.292684	5.032104	0	0
355	-3.674184	3.60264	0	0
356	-4.320587	-3.205509	0	0
357	2.366907	-3.822255	0	0
358	2.331516	3.411703	0	0
359	-1.567623	-4.539323	0	0
360	-5.400042	1.057913	0	0
361	1.284208	4.095586	0	0
362	4.240026	1.307934	0	0
363	0.5164017	2.006326	0	0
364	-5.403229	-0.8593879	0	0
365	1.35666	-0.08029706	0	0
366	4.51999	1.192836	0	0
367	2.496023	0.5968611	0	0
368	4.375345	-1.399179	0	0
369	4.05323	3.60458	0	0
370	0.00823584	5.298821	0	0
371	-0.7240018	-5.573302	0	0
372	3.332158	1.399711	0	0
373	-1.063578	-5.361421	0	0
374	-5.013519	-2.112597	0	0
375	4.033445	-1.192493	0	0
376	-1.110442	3.203268	0	0
377	-4.818434	1.575426	0	0
378	-0.2870901	1.72776	0	0
379	-3.045819	-4.153619	0	0
380	-2.945863	2.467697	0	0
381	0.9648965	4.970261	0	0
382	-4.249373	2.726233	0	0
383	5.069713	0.6702222	0	0
384	1.52132	-3.453693	0	0
385	-1.429239	1.140057	0	0
386	4.683029	-2.185703	0	0
387	2.967	2.02285	0	0
388	-4.720281	-0.1291027	0	0
389	-5.174231	-2.104453	0	0
390	-2.698482	4.377132	0	0
391	-2.148998	2.353961	0	0
392	3.496196	-0.02604387	0	0
393	-5.535968	-1.755499	0	0
394	-1.905957	4.650157	0	0
395	0.6645501	-1.712718	0	0
396	0.3445267	-0.05728465	0	0
397	3.965668	2.308758	0	0
398	2.982323	3.204259	0	0
399	1.880456	4.54158	0	0
400	-5.079937	0.4918921	0	0
401	-4.722759	-0.2397246	0	0
402	3.059462	-0.4134438	0	0
403	3.871653	-2.242046	0	0
404	1.640622	5.502914	0	0
405	-3.505297	4.097305	0	0
406	-2.360279	4.398591	0	0
407	3.70098	-0.4064017	0	0
408	2.604696	-0.8426646	0	0
409	-0.7403723	-2.972755	0	0
410	-5.688389	-1.037449	0	0
411	2.63269	-4.647048	0	0
412	-5.009234	-2.059857	0	0
413	-4.226208	2.694324	0	0
414	3.234577	-2.114831	0	0
415	0.8517083	-5.343306	0	0
416	4.249583	-0.5353217	0	0
417	-0.2664724	-4.954605	0	0
418	-0.5332377	-4.373023	0	0
419	4.918326	1.188918	0	0
420	2.153932	-4.549791	0	0
421	1.250347	-5.075732	0	0
422	3.087007	4.858709	0	0
423	-4.692975	-1.790291	0	0
424	2.685936	2.431291	0	0
425	2.425029	5.400961	0	0
426	-5.750609	-0.5050521	0	0
427	1.526922	-4.59349	0	0
428	-4.481385	-0.1045689	0	0
429	3.536544	3.834281	0	0
430	-1.919544	-0.03129225	0	0
431	-3.368838	3.860572	0	0
432	4.899655	-1.511708	0	0
433	-2.242185	-4.920876	0	0
434	-2.160394	-2.894594	0	0
435	0.07475825	-4.437654	0	0
436	2.530465	5.03898	0	0
437	-5.604699	0.5739189	0	0
438	-1.216932	-5.294436	0	0
439	4.264737	3.121569	0	0
440	-0.2869752	-5.283712	0	0
441	1.500812	5.575234	0	0
442	-3.121358	3.953701	0	0
443	3.133622	-4.590235	0	0
444	-4.221011	1.58258	0	0
445	-0.4739428	-5.623323	0	0
446	-2.104817	-3.425536	0	0
447	4.292619	2.712716	0	0
448	2.729862	3.534206	0	0
449	-2.761513	-0.6900893	0	0
450	1.65317	-1.442868	0	0
451	4.568911	0.1977523	0	0
452	-0.9522201	5.121288	0	0
453	-1.685707	-0.5146845	0	0
454	-3.208766	-3.347647	0	0
455	-4.72958	2.831829	0	0
456	-1.904862	-4.954376	0	0
457	3.592682	-0.9653585	0	0
458	-5.360155	1.334852	0	0
459	-1.337723	-3.75924	0	0
460	4.78294	-2.17272	0	0
461	-4.777469	2.565654	0	0
462	-5.250297	-2.100788	0	0
463	-0.5034293	-0.03627359	0	0
464	-0.1666648	-4.706495	0	0
465	-3.370125	0.3841938	0	0
466	-5.547843	1.149049	0	0
467	-2.024565	-5.182696	0	0
468	-2.127704	-4.075045	0	0
469	-3.840122	-0.7738705	0	0
470	-3.926289	3.685753	0	0
471	-3.064961	2.712868	0	0
472	3.71418	-0.3392549	0	0
473	-1.658657	3.872411	0	0
474	2.922422	1.714676	0	0
475	-2.591886	1.108723	0	0
476	-3.233925	-2.419049	0	0
477	3.08499	-4.660182	0	0
478	4.31579	-1.236476	0	0
479	-4.829865	1.590721	0	0
480	-4.436594	3.111477	0	0
481	4.185026	-2.788841	0	0
482	1.698315	5.375807	0	0
483	-3.837251	-3.61696	0	0
484	-0.8784452	-3.857848	0	0
485	-1.541133	-5.139328	0	0
486	-0.5111546	5.173878	0	0
487	-3.472006	-4.009326	0	0
488	2.814848	-4.222844	0	0
489	0.9357463	1.176653	0	0
490	0.1568354	0.6744127	0	0
491	-2.147051	-0.5329863	0	0
492	2.645663	-4.450442	0	0
493	-4.660232	2.394288	0	0
494	1.762858	-1.994526	0	0
495	3.597677	1.738934	0	0
496	2.981662	-4.532904	0	0
497	2.204046	-1.27335	0	0
498	-2.830796	-4.123858	0	0
499	4.182622	2.900017	0	0
500	-0.8497225	-5.075489	0	0
