from	to	label	distance	angle
1	65	1	0.62582212	2.7947026
1	142	2	0.7756859	2.3394092
1	237	3	0.86567607	-0.93134689
1	337	4	0.64686559	2.0060749
1	387	5	0.30414034	1.7525739
1	408	6	0.79560359	-1.032365
2	91	7	0.75992959	2.6688702
2	121	8	0.7948055	0.21611412
2	137	9	0.23330333	0.077337324
2	331	10	0.54793367	-2.5638545
3	132	11	0.98553767	1.6980845
3	360	12	0.11647432	-0.43652912
3	438	13	0.9926727	-1.5406156
4	26	14	0.74379781	2.5557243
4	65	15	0.66473004	1.8576128
4	319	16	0.67631277	-1.2413575
4	409	17	0.42624092	-2.2780404
4	449	18	0.69623667	-0.55488527
5	13	19	0.79008301	-1.8011892
5	22	20	1.5256045	1.6384296
5	73	21	1.3687294	-1.1003397
5	149	22	0.69121878	3.1193703
6	128	23	0.48574234	0.3072785
6	268	24	0.54286862	1.9382879
6	453	25	0.13621137	0.24826277
7	19	26	0.7620656	-1.7448654
7	67	27	0.62746171	-0.99190071
7	94	28	0.73591371	2.7862488
7	194	29	0.83765241	1.3539588
7	410	30	0.4850229	0.27149843
8	89	31	0.23111376	-1.8251174
8	104	32	0.32634984	1.4031583
8	257	33	0.44110037	-1.0746516
8	295	34	0.62787301	-1.8591215
8	434	35	0.65451397	0.75409457
9	52	36	0.77250199	-0.17141688
9	116	37	0.46236152	-3.0420724
9	254	38	0.71494063	2.6527946
9	392	39	0.45289599	0.6412248
10	67	40	0.5339792	1.5473854
10	259	41	0.58518251	-2.4579978
10	266	42	0.40338774	0.38833936
10	376	43	0.21369554	2.789228
10	418	44	0.2615391	-1.032476
11	13	45	0.53252456	0.0066010099
11	24	46	0.63162649	2.5322004
11	31	47	1.0559138	-0.99872147
11	149	48	0.78838476	1.5430294
11	373	49	0.47368689	-2.6893749
11	444	50	0.62486931	2.1791223
12	32	51	0.83134321	-2.6736051
12	69	52	0.63205426	0.13024679
12	230	53	0.41681571	3.1058786
12	351	54	0.10321949	-0.0088134118
12	492	55	0.66667745	-0.17822221
13	31	56	0.89216459	-1.5269168
13	73	57	0.91903204	-0.51271443
13	149	58	0.93609878	2.14776
14	116	59	0.80078629	-0.52232933
14	147	60	0.63921145	0.0083242995
14	155	61	0.56909886	-3.0577017
14	226	62	0.77246804	2.9235139
14	251	63	0.10601629	-2.8267059
14	255	64	0.65289863	1.7231943
14	268	65	1.0366465	-0.56975995
14	300	66	1.0076349	2.5654638
15	53	67	0.39634474	-1.0319645
15	96	68	0.57141088	0.55715828
15	205	69	0.80041052	1.3405728
15	239	70	0.70503699	-2.5436598
15	447	71	0.38891699	2.7241055
15	464	72	0.5729804	-1.878031
16	35	73	0.32094802	-0.59166048
16	87	74	0.41385974	0.73938199
16	108	75	0.4624453	1.7161486
16	183	76	0.52352399	-1.6948531
16	296	77	0.37684772	-3.0993203
17	144	78	0.88867804	3.0394137
17	196	79	0.65313838	0.45426534
17	221	80	1.2452909	-0.094071797
17	256	81	0.72956398	-2.6287173
17	352	82	0.66008641	2.5969718
17	363	83	0.68720521	1.1864094
17	498	84	0.88395944	-2.0481907
18	103	85	0.49196955	-1.4839547
18	152	86	0.51340425	-0.1162371
18	159	87	0.23882575	0.24536386
19	67	88	0.52597425	0.44270937
19	259	89	0.67816388	-1.5574198
19	262	90	0.68992147	-2.9291505
19	376	91	0.3519409	-0.73023755
20	139	92	0.50014238	-0.45309039
20	272	93	0.43513994	2.9342703
21	146	94	0.22819573	-0.93082627
21	190	95	0.87647396	1.7208103
21	294	96	0.48143579	-1.3399196
21	344	97	0.72448925	-2.1694281
22	125	98	0.61790938	-3.139618
22	330	99	0.47104683	3.0023994
22	415	100	0.76294016	-2.2287122
22	476	101	1.6892605	1.2750607
23	90	102	0.41522944	-0.12804244
23	173	103	0.64237374	1.3762437
23	263	104	0.60638051	-1.0459364
23	281	105	0.60638164	-1.1557953
23	302	106	0.27080022	1.1745995
23	304	107	0.72674542	2.3249814
24	229	108	0.68427236	1.6799431
24	373	109	0.57587997	-1.410601
24	384	110	0.43091628	2.2388386
24	444	111	0.22077039	0.7547289
25	143	112	0.72625003	0.89204644
25	188	113	0.65899693	-3.085072
25	478	114	0.13599481	0.93689464
25	493	115	0.35270548	-2.2289727
26	50	116	0.37834447	-1.7072351
26	65	117	0.4874277	0.48284346
26	129	118	0.55939849	-2.9157671
26	339	119	0.74036147	2.5756134
27	59	120	0.79527755	-1.5579665
27	123	121	0.4634181	0.23222718
27	132	122	1.1084248	2.0235971
27	187	123	0.46287696	-1.6800178
27	225	124	0.89618498	-1.3726032
27	360	125	0.25603313	-3.0238133
27	471	126	0.67313969	1.4005795
28	107	127	0.43434286	0.3793538
28	264	128	0.6253114	1.5085233
28	386	129	0.55250256	-2.5230851
28	398	130	0.41536912	-1.4290714
28	425	131	0.69852762	-0.58928523
28	448	132	0.65077364	2.6831329
29	97	133	0.82557112	0.43305517
29	181	134	0.46148912	2.8368734
29	452	135	0.72360666	-2.9407284
30	265	136	0.52476178	-2.3902128
30	270	137	0.40115895	1.4862593
30	289	138	0.5335892	-2.1367363
30	297	139	0.65455196	-1.2887597
30	364	140	0.85485272	0.86295453
31	255	141	1.3380221	-0.8891859
31	302	142	0.62511132	-2.6653754
32	230	143	0.50784497	0.8753117
32	241	144	1.0184476	-0.21361646
32	285	145	0.63460784	2.9744552
32	357	146	0.59970199	-2.3345786
32	363	147	1.0691645	-2.827802
32	455	148	0.16809972	2.4679123
33	91	149	1.1918998	-2.7468757
33	95	150	0.90924303	0.60915087
33	188	151	0.82598319	-0.17373068
33	277	152	0.29581667	2.5687167
33	292	153	0.50786305	1.6695823
34	51	154	0.64414851	-0.25476214
34	114	155	0.82606397	2.1514561
34	207	156	0.81618232	-2.4354261
34	372	157	0.55592045	0.95514377
34	497	158	0.70585483	-1.0236722
35	87	159	0.45956953	1.4849522
35	102	160	0.43530308	0.071724384
35	183	161	0.47498616	-2.3423151
35	310	162	0.33104198	-1.4651792
36	47	163	0.74560465	2.7679609
36	203	164	0.6626116	-0.9670291
36	224	165	0.4261813	-3.0987734
36	253	166	0.66885046	1.5699382
36	309	167	0.69320059	0.24082341
36	495	168	0.60672697	-1.6714237
37	122	169	0.58523659	0.46625915
37	170	170	0.50271599	-1.7800079
37	174	171	0.14598461	-1.5162538
37	218	172	0.68185663	1.3638081
37	236	173	0.62995268	-1.5441779
38	153	174	0.66392879	-0.28807591
38	189	175	0.46572919	1.8371067
38	234	176	0.6080165	2.8254521
38	430	177	0.57947921	-1.9780476
38	458	178	0.3618826	0.80481823
39	94	179	0.62544453	-1.7900214
39	194	180	0.7357343	-0.065930515
39	280	181	0.54339074	1.3873434
39	399	182	0.69420729	2.7328997
39	470	183	0.395945	-2.6313202
40	115	184	0.34540021	-1.1588073
40	154	185	0.87897488	-2.0699607
40	299	186	0.14291072	-2.6987202
40	321	187	0.7940962	0.71907328
40	494	188	0.47193635	1.1852427
41	378	189	0.73865656	2.1927425
41	404	190	0.3272818	-3.0799493
41	439	191	0.46740819	-1.6236018
41	450	192	0.69867044	-0.45284116
42	110	193	0.53133332	2.7369124
42	193	194	0.28112892	-2.0279815
42	212	195	0.24603285	-1.4405806
42	214	196	0.46589211	1.7459124
42	385	197	0.80342807	-0.88663263
42	473	198	0.48518041	3.0030227
43	100	199	0.20860984	2.74362
43	152	200	0.58552577	-1.9008406
43	159	201	0.63989599	-2.3911856
43	358	202	0.39467231	-0.16920315
43	417	203	0.3958	0.80078089
43	424	204	0.67878446	0.55378751
44	124	205	0.72461782	0.77047897
44	128	206	0.57263201	-1.4939623
44	147	207	0.91843696	2.7467623
44	268	208	0.64939306	-2.8102745
44	436	209	1.0349136	-0.30040396
44	483	210	0.63185622	2.1250236
45	80	211	0.57774751	-0.44339886
45	88	212	0.563265	1.4256218
45	173	213	0.63690397	-2.7385958
45	245	214	0.67244904	0.44340561
45	288	215	0.87668993	-1.1338797
45	316	216	0.65709903	2.9874964
45	379	217	0.76973637	2.1222111
46	320	218	0.60763069	1.2741876
46	359	219	0.78068813	-0.55936694
46	450	220	0.81894609	-1.6548188
46	456	221	0.92027716	2.2756002
47	54	222	0.52468271	-1.5187651
47	162	223	0.79478387	-2.7206488
47	224	224	0.39541048	-0.82477749
47	253	225	0.80002226	0.51883378
47	342	226	0.74640238	-1.9723821
47	359	227	0.81132652	1.4726527
47	450	228	0.76697932	2.5843167
48	189	229	0.42520542	-2.3343638
48	397	230	0.54807099	1.53808
48	458	231	0.50197901	-1.4119368
49	99	232	0.64769409	-0.85957168
49	130	233	0.60594959	-2.8717974
49	192	234	0.33960326	-1.8218335
49	365	235	0.6611169	1.0656983
50	129	236	0.55322704	2.6735705
50	402	237	0.47277705	-1.9685378
50	409	238	0.53419972	-0.74060733
51	55	239	0.7995539	-0.81730972
51	76	240	0.46523337	0.085417953
51	372	241	0.68635458	2.0269178
51	497	242	0.50954513	-2.0975156
52	91	243	0.85176431	0.118775
52	392	244	0.56635196	2.3506527
52	422	245	0.48550375	-0.76556364
52	481	246	0.44861496	-2.0121543
52	482	247	0.38695849	1.1310281
53	96	248	0.70135589	1.1576125
53	334	249	0.18540252	-0.58339168
53	396	250	0.60276028	-2.1813404
53	464	251	0.42929523	-2.6411984
54	224	252	0.33568431	0.76959669
54	342	253	0.35828926	-2.6691387
54	446	254	0.47942883	-1.259694
55	76	255	0.62838518	1.7040807
55	213	256	0.6328555	-0.040100979
55	217	257	0.77876119	1.3315205
55	414	258	0.73939379	-2.086099
55	489	259	1.1789246	-1.0171899
55	497	260	0.81575902	2.9658348
56	120	261	0.66118005	0.83588569
56	126	262	0.60340849	2.7607908
56	252	263	0.28360951	1.8853087
56	435	264	0.50200385	-2.2794432
56	466	265	0.59333016	-0.67514633
57	70	266	0.79746558	-0.15846513
57	84	267	0.79924227	-2.8025434
57	246	268	0.86107894	-3.1340801
57	314	269	1.012633	0.26830399
57	333	270	0.64301505	-2.1319685
57	395	271	0.52530381	-0.83648881
57	423	272	0.65803873	2.624056
57	455	273	0.52111941	1.3054891
58	239	274	0.51994369	-0.16388092
58	287	275	0.50207902	-1.8135797
58	293	276	0.65243402	1.3622457
58	312	277	0.44933454	0.48953391
58	329	278	0.69481338	-2.8105184
58	484	279	0.33111455	2.4842016
59	85	280	0.8097914	-1.7170704
59	187	281	0.34053926	1.7498772
59	225	282	0.1860131	-0.46509986
59	438	283	0.38375856	-2.6597185
60	66	284	0.35320931	-0.51200758
60	355	285	0.36511201	0.41956118
60	388	286	0.44014799	1.5160635
60	400	287	0.33386853	-2.155704
60	442	288	0.44115714	2.8336425
61	97	289	0.51581571	2.5189767
61	182	290	0.32909331	-2.4502134
61	291	291	0.48186956	0.90221177
62	200	292	0.3186922	-1.0162014
62	206	293	0.74262733	-1.3826411
62	216	294	0.73534358	-1.2025671
62	236	295	0.93253411	1.7039998
62	279	296	0.55076505	1.3346352
62	367	297	0.1646682	3.0595171
63	69	298	0.411642	-2.5732237
63	211	299	0.16305667	0.80297203
63	490	300	0.5513666	-1.1655663
64	143	301	0.16560769	-1.7469458
64	171	302	0.44563694	1.9362474
64	172	303	0.7100444	0.58085062
64	291	304	0.71318726	-2.6508041
64	362	305	0.75608284	-2.2875699
64	406	306	0.99345928	0.96644469
64	478	307	0.73920034	-2.149709
65	142	308	0.34836903	1.4287003
65	474	309	0.81946736	2.4531542
66	355	310	0.32279041	1.491621
66	462	311	0.29783503	0.57226832
67	266	312	0.52482639	-0.81266854
67	269	313	0.53514424	0.45746536
67	376	314	0.50702376	-2.0044933
67	410	315	0.66692261	1.3838216
68	137	316	0.919187	0.30261528
68	208	317	0.59729566	-3.0261596
68	331	318	0.19079577	-0.22912441
68	335	319	0.49127711	0.50097639
68	411	320	0.43733442	-2.6953031
68	432	321	0.70996249	-2.9110426
68	436	322	0.45932028	2.333311
69	150	323	0.55178619	0.084883104
69	211	324	0.57149036	0.63474188
69	241	325	0.76963359	-2.0772856
69	492	326	0.20242805	-1.4249598
70	112	327	0.78063721	-0.10990674
70	240	328	0.51786346	-1.1025946
70	314	329	0.43721502	1.1239549
70	395	330	0.50930043	-2.5964605
71	123	331	0.76048333	1.9070326
71	491	332	0.74840724	-1.9545805
72	79	333	0.24050451	1.3013597
72	146	334	0.64183412	1.282437
72	215	335	0.75929047	-2.1752325
72	294	336	0.36493399	1.1278253
72	344	337	0.41351586	2.6371318
73	431	338	1.6013148	-0.87679702
74	92	339	0.51108599	2.3322056
74	136	340	0.72411878	-1.2158894
74	176	341	0.39079323	-3.1182264
74	209	342	0.56767201	1.7946951
74	306	343	0.38028037	-1.9859588
74	404	344	0.44475922	1.1907344
74	439	345	0.46819108	-0.071769008
75	154	346	0.59728055	1.6122611
75	247	347	0.71942614	0.80976164
75	298	348	0.66030633	-2.4258175
75	353	349	0.50138005	-1.7747298
75	434	350	0.63686831	-2.8065366
75	476	351	0.76469667	-0.27556328
76	77	352	0.46013701	1.8570151
76	217	353	0.29959123	0.46283053
77	217	354	0.50303159	-0.65808497
77	238	355	0.2493869	1.8384121
77	372	356	0.65013375	2.9322983
78	127	357	0.38325105	1.9909802
78	231	358	0.31793691	-2.9833001
78	233	359	0.45327105	-2.0508714
78	350	360	0.28031	0.93277423
79	146	361	0.40139846	1.2710997
79	275	362	0.56797998	-2.488089
79	491	363	0.50380197	1.8521479
80	126	364	0.51386421	-0.38793376
80	197	365	0.50517855	0.51907219
80	245	366	0.54313219	1.4126406
80	288	367	0.56692769	-1.8402323
81	106	368	0.8005285	-0.27255415
81	228	369	0.45728473	0.15310105
81	254	370	0.69697186	-1.0655479
81	288	371	0.95452527	2.4043593
81	435	372	0.41755362	1.1946041
81	488	373	0.60219255	-3.0202773
82	89	374	0.94329449	1.3910284
82	236	375	0.86145515	-1.5582452
82	295	376	0.55193317	1.483221
82	328	377	0.73720405	-1.4752742
82	361	378	0.16304939	0.09096658
83	85	379	0.87116811	1.3033545
83	157	380	0.45723484	-1.5667173
83	177	381	0.41763875	2.8520199
83	275	382	0.54083428	0.59253211
83	406	383	0.889865	-2.2398956
84	246	384	0.28067625	1.9631177
84	333	385	0.49696362	-0.59505856
84	365	386	0.8149856	-2.855367
84	460	387	0.40780266	-2.0800833
85	177	388	0.95773346	-2.2893464
85	225	389	0.77196592	1.1936602
85	275	390	0.58079692	-1.1852484
85	438	391	0.66165924	1.9130012
85	491	392	0.60425515	0.50273915
86	272	393	0.74701591	0.95787742
86	278	394	0.52419238	-3.0652356
86	307	395	0.71602162	-2.0670748
86	416	396	0.50221669	-0.16133244
87	108	397	0.41339388	2.6945858
87	156	398	0.33980196	0.012550764
87	399	399	0.51915248	0.96031625
88	245	400	0.59066651	-0.4725503
88	338	401	0.66881934	2.2194392
88	379	402	0.49461267	2.9414997
88	454	403	0.62541431	0.45041572
89	104	404	0.55695538	1.3672257
89	250	405	0.68807196	-1.8081624
89	265	406	0.13710515	0.79458793
89	270	407	0.9979716	1.030445
90	173	408	0.74135338	1.969252
90	281	409	0.52905084	-1.8926309
90	288	410	0.6834358	0.20439676
90	472	411	0.52429294	-0.76390546
91	191	412	0.58729709	-1.7947835
91	400	413	0.66045797	2.0877421
91	422	414	0.66107387	-2.4186607
91	482	415	0.72518832	2.7907948
92	176	416	0.38099398	-1.6708776
92	198	417	0.55861166	1.6892698
92	209	418	0.29159312	0.68085495
92	440	419	0.32632409	3.0661966
93	279	420	0.61037996	2.5736627
93	284	421	0.61964528	-1.6866006
93	338	422	0.49578872	-0.38209157
93	370	423	0.86889087	1.5549823
93	379	424	0.72644056	-1.0213972
94	102	425	0.40529833	3.0568653
94	140	426	0.72942877	-2.3699716
94	470	427	0.46674343	2.0362524
95	188	428	0.66648307	-1.4688194
95	199	429	0.59070776	-0.48637574
95	287	430	0.83716913	0.53016708
95	292	431	0.79592808	-3.1229269
95	329	432	0.70961074	1.3057774
95	332	433	0.74961041	0.032421681
95	380	434	0.71094752	2.4076631
96	205	435	0.56486834	2.1355911
96	215	436	0.32886768	-0.36088458
96	344	437	0.80264804	1.0815957
97	171	438	1.448598	0.60984236
97	181	439	1.2076354	-2.9685013
97	291	440	0.72187784	0.10731364
97	421	441	0.86197443	-2.358007
98	105	442	0.51346117	2.9524876
98	113	443	0.48567291	1.074588
98	220	444	0.6949264	-2.4984095
98	322	445	0.57422744	1.9867501
98	336	446	0.51632102	0.070269823
98	451	447	0.72361969	-0.69968875
99	119	448	0.55654719	-0.21907708
99	145	449	0.55276463	-2.8850036
99	192	450	0.53230817	2.8329231
99	243	451	0.6808473	1.4643837
99	260	452	0.75137853	-2.1776535
99	272	453	0.83054163	-1.1600136
99	308	454	0.80841185	0.57887644
100	159	455	0.58611724	-2.0605615
100	321	456	0.4078106	-0.56997343
100	417	457	0.51010356	0.40992722
101	120	458	0.80261291	2.4728915
101	180	459	0.42586449	1.3476536
101	276	460	0.538741	-0.61890341
101	348	461	0.51474905	-1.5656717
101	445	462	0.81166868	0.22042924
101	466	463	0.7101654	-2.6038139
102	140	464	0.55581564	-1.7865599
102	156	465	0.43444309	1.6977492
102	470	466	0.42930545	1.1009812
103	152	467	0.6354012	0.74454878
103	159	468	0.57979918	1.2387482
103	267	469	0.3510101	-2.7021261
103	364	470	0.8704976	-1.9064751
103	426	471	0.55116166	-0.64576732
104	270	472	0.50689655	0.65886929
104	434	473	0.44109297	0.2904561
105	119	474	0.49629885	-2.6483127
105	220	475	0.51590319	-1.6713061
105	308	476	0.44715075	2.3173732
105	322	477	0.50789704	1.0049855
106	228	478	0.42795586	2.4120854
106	254	479	0.58615453	-2.4035424
106	392	480	0.72460168	-0.68634665
106	407	481	0.73418316	0.0063313126
106	466	482	0.63786482	1.297289
107	262	483	0.52450291	0.70007358
107	264	484	0.58949038	2.2375168
107	425	485	0.57696564	-1.2585362
108	235	486	0.65155826	-3.0868465
108	296	487	0.56569043	-2.1497783
108	399	488	0.71433126	0.35259392
108	430	489	0.61230675	1.7144101
109	138	490	0.43648268	1.8515687
109	219	491	0.44148039	-1.7792471
109	375	492	0.69460244	-2.0407422
109	461	493	0.65044994	1.6437633
109	467	494	0.18657198	2.6420275
110	150	495	0.67733281	3.0394483
110	193	496	0.58793716	-0.90249033
110	210	497	0.47414456	-2.4911011
110	214	498	0.47763461	0.54978947
110	222	499	0.37713053	2.6716647
110	473	500	0.14240124	-1.5153828
111	138	501	0.7595725	-1.51872
111	195	502	0.26220418	2.9857872
111	237	503	0.62999221	1.8756233
111	408	504	0.68105986	2.0231765
111	461	505	0.54115802	-1.3603103
111	485	506	0.255569	-2.9527432
112	283	507	0.40533368	0.46661589
112	314	508	0.75821016	2.4562294
112	401	509	0.9541089	-0.54055894
112	427	510	0.43105935	-1.2107983
113	322	511	0.47353688	2.9327746
113	336	512	0.48302653	-0.94272178
113	345	513	0.4470086	0.83083784
113	420	514	0.34474734	1.9266932
113	479	515	0.31928732	0.075791666
114	241	516	1.0865484	3.0083514
114	286	517	0.55495104	0.59131021
114	372	518	0.80960895	-0.29685375
114	490	519	0.55013165	1.8267421
115	154	520	0.7209627	-2.4582179
115	247	521	0.5324079	-1.6424972
115	413	522	0.64610268	0.90794059
115	486	523	0.64400181	0.085897133
116	251	524	0.87531711	2.7093491
116	254	525	0.41826699	1.9923498
116	268	526	0.2397858	-0.72876861
116	481	527	1.1408987	-0.44534025
117	263	528	0.38779404	1.6096409
117	281	529	0.36501805	1.7761292
117	318	530	0.25730821	-0.51331706
117	480	531	0.47514701	0.037757055
118	151	532	0.49474317	2.2750586
118	178	533	0.38882941	-2.9137769
118	195	534	0.65943157	1.5756234
118	350	535	0.64405096	-1.7800021
118	467	536	0.53340279	-1.0775493
119	220	537	0.47534662	-0.62543949
119	272	538	0.67453804	-1.8898594
119	308	539	0.57881875	1.3381319
120	136	540	0.96195865	2.3124261
120	162	541	0.7984994	1.3894523
120	180	542	0.72865548	-0.11317253
120	252	543	0.57515192	-2.7475297
120	342	544	0.71606477	0.63222417
120	441	545	0.62972412	2.9994947
120	466	546	0.86158969	-1.5477814
121	137	547	0.56466819	-2.868293
121	182	548	0.53777235	0.6667919
121	188	549	0.67352358	0.81715296
121	433	550	0.51166945	0.13656429
122	174	551	0.65741394	-2.4703995
122	218	552	0.556593	2.3287824
122	297	553	0.78900488	1.1621269
122	325	554	0.74893276	0.13221388
122	370	555	0.7905298	-1.2154814
123	169	556	0.73036929	-1.3557171
123	303	557	0.87671749	1.7745746
123	437	558	0.14019665	0.35555173
123	471	559	0.65078061	2.1150321
124	181	560	1.2770952	-0.063836249
124	431	561	1.3770684	2.5766657
124	452	562	1.0696145	-0.34754367
124	483	563	0.85312927	3.1033818
125	160	564	0.46077447	-3.111901
125	330	565	0.16540685	0.41423923
125	415	566	0.62120086	-1.3246053
125	475	567	0.61498523	1.8722845
126	197	568	0.44652833	1.6538518
126	252	569	0.47462847	0.095867692
126	288	570	0.7187367	-2.6296468
126	441	571	0.52042786	0.75182757
127	133	572	0.43306138	2.284989
127	178	573	0.42471778	1.3854513
127	231	574	0.42996463	-1.9461433
127	242	575	0.42545505	-3.1237457
127	350	576	0.34652677	-0.36826107
128	208	577	0.68230113	-0.20100519
128	268	578	0.74992564	2.6413371
128	432	579	0.61518523	-0.38259316
129	326	580	0.43855207	-2.3178826
129	339	581	0.52831775	1.7222637
129	401	582	0.89255793	2.6986107
129	402	583	0.75253722	-1.1453245
130	201	584	0.33994635	1.3031514
130	311	585	0.32298176	-1.3274512
130	426	586	0.58458746	-2.3140312
131	158	587	0.44082428	-0.82873142
131	164	588	0.62991826	2.1512504
131	278	589	0.57806888	0.29223173
131	290	590	0.82164125	1.4775289
131	371	591	0.92745033	-1.4998943
131	389	592	0.55195025	-2.6889963
132	360	593	1.0523982	-1.3498262
132	414	594	1.6379024	2.1341678
132	471	595	0.68544496	-0.50781735
132	489	596	1.0311555	1.4644076
133	178	597	0.37300154	0.24427827
133	242	598	0.36358468	-1.9712211
133	366	599	0.50539254	-2.9846431
133	469	600	0.4679953	1.8830967
134	168	601	0.78155563	0.38794711
134	175	602	0.90404645	1.4860057
134	253	603	0.79842924	-1.6865975
134	341	604	0.71381877	-0.80228603
134	359	605	0.80420585	-2.64611
134	405	606	0.64732651	2.4716259
135	319	607	0.56884316	0.21527526
135	354	608	0.62717206	-2.3813117
135	402	609	0.63149548	2.5310945
135	409	610	0.44153996	1.4345524
135	469	611	0.55128895	-0.9894561
136	162	612	0.79744296	0.095559843
136	197	613	0.65895589	-2.2055922
136	245	614	0.78312192	-2.8236161
136	306	615	0.5230758	2.4563975
136	439	616	0.68039776	1.2487489
136	441	617	0.6206989	-1.5282237
136	454	618	0.76634794	2.7446431
136	487	619	0.59701939	0.65811758
137	182	620	1.0811849	0.46518297
137	331	621	0.76090977	-2.7114953
137	335	622	0.44812598	-3.0567327
137	421	623	0.43141838	1.1142716
138	219	624	0.85182826	-1.5360564
138	303	625	0.52929919	-2.0972011
138	485	626	0.76767806	1.9589671
139	220	627	0.72624595	1.9644245
139	327	628	0.45193041	-2.4822237
139	356	629	0.7051843	-1.1456635
139	377	630	0.61738449	-0.15925508
140	183	631	0.66865766	2.8826154
140	262	632	0.76101337	-1.0074652
140	264	633	0.63048882	-2.1771498
140	310	634	0.3344862	2.5643451
141	285	635	0.23570291	-1.2355821
141	381	636	0.59088991	-2.5817278
141	455	637	0.61397	-0.37220988
142	337	638	0.26801544	0.10813489
142	385	639	0.52888987	2.3133949
142	474	640	0.70444277	2.8894031
143	172	641	0.83252372	0.72595594
143	199	642	0.69388753	-2.8256483
143	317	643	0.40579194	1.289228
143	332	644	0.44076729	2.9479702
143	396	645	0.76134641	0.6310931
143	478	646	0.59042344	-2.259873
144	321	647	0.57662376	-3.1224908
144	352	648	0.40647722	0.66662666
144	413	649	0.72364458	-2.6504553
145	192	650	0.3032438	1.4799283
145	260	651	0.48860688	-1.3517678
145	311	652	0.42405788	2.7649237
145	346	653	0.3648731	-2.4774546
146	169	654	0.80215397	1.6621683
146	294	655	0.28681297	-1.6619382
146	491	656	0.27723962	2.7706937
147	255	657	0.9770915	2.4273889
147	268	658	0.61098028	-1.178298
147	483	659	0.54710389	0.34299066
147	496	660	0.38759799	1.785464
148	232	661	0.16547649	0.57716691
148	266	662	0.39209767	1.891858
148	394	663	0.22944077	-2.7414794
148	418	664	0.36303504	-3.1271814
149	229	665	0.66465772	2.75005
149	258	666	0.81994613	2.1806251
149	415	667	0.91119448	1.4371332
149	444	668	0.46843837	-2.5133578
150	210	669	0.4634429	-0.87663153
150	211	670	0.30553508	1.8685002
150	492	671	0.57605287	-2.6983348
151	178	672	0.46851611	-1.6958791
151	195	673	0.42464701	0.72747839
151	319	674	0.56579782	2.1531711
151	469	675	0.57473775	-2.9495262
152	201	676	0.45840339	-0.0087338085
152	358	677	0.75671947	0.69994836
152	426	678	0.76274995	-1.6063217
153	202	679	0.80119138	1.0414182
153	280	680	0.76940036	-0.6157629
153	354	681	0.87155266	0.31174794
153	399	682	0.71104013	-1.7233828
153	430	683	0.93170922	-2.7640556
153	458	684	0.59224742	2.2800187
154	247	685	0.5264144	-0.14452273
154	267	686	0.31882158	1.9146245
154	270	687	0.86332012	-2.336816
154	299	688	0.76800796	1.1812929
154	434	689	0.99121547	-2.1917427
155	226	690	0.28485356	2.2872835
155	251	691	0.4665303	0.031840631
155	318	692	0.5164984	2.8325967
155	480	693	0.38610868	2.2461165
156	399	694	0.42322052	1.6705917
156	470	695	0.25396883	-0.19076786
157	172	696	0.84995204	-2.2362109
157	215	697	0.47251234	0.55252926
157	275	698	0.88096111	1.0389303
157	334	699	0.38172104	-1.6556668
157	406	700	0.60389922	-2.7315168
158	278	701	0.55397156	1.0911339
158	307	702	0.44826154	-0.22085534
158	371	703	0.64355392	-1.9399498
159	267	704	0.86207071	-2.1990391
159	299	705	0.30662826	-1.9291753
159	321	706	0.68668805	0.44752879
160	244	707	0.61385149	-1.9943569
160	257	708	0.79417169	1.613098
160	258	709	0.81997758	-1.5452696
160	361	710	0.31118387	2.998378
160	475	711	0.66209652	1.1375571
161	273	712	0.56854625	2.2531209
161	329	713	0.48896002	-1.7189535
161	383	714	0.38558566	1.0065292
161	484	715	0.32751851	-0.17002727
162	342	716	0.56504862	-0.69593398
162	450	717	0.73418974	1.4691933
162	487	718	0.4323265	2.4092275
163	358	719	0.555352	-2.3984721
163	365	720	0.53671173	-1.0116899
163	368	721	0.55249378	0.48148263
163	424	722	0.22573976	2.9286929
164	261	723	0.59640286	-2.6548464
164	290	724	0.51276602	0.60424623
164	389	725	0.78280274	-1.7648153
164	426	726	0.95821616	1.4480215
165	321	727	0.97292425	-2.5737176
165	352	728	0.27169936	-1.288235
165	363	729	0.89868647	0.038005908
165	368	730	0.36455004	0.51979331
165	381	731	0.80549016	0.48919845
165	417	732	0.70285933	-2.9989432
165	424	733	0.39485265	-3.0729399
166	229	734	0.5121951	-0.61877314
166	244	735	0.47847038	0.92292109
166	328	736	0.27566586	1.033917
167	240	737	0.44296202	2.7508916
167	340	738	0.51951441	-1.4360782
167	427	739	0.31786297	0.46232262
168	175	740	0.88583144	2.3895422
168	183	741	0.79149172	-0.17042932
168	235	742	0.8171431	1.4144448
168	296	743	0.59641137	0.66780011
168	341	744	0.84018925	-1.8447763
168	393	745	0.75243979	-0.79697273
169	190	746	0.31716671	2.2292409
169	437	747	0.76273674	1.6028587
169	491	748	0.72246109	-1.8300297
170	174	749	0.36377622	1.2567705
170	236	750	0.18363146	-0.8501366
170	271	751	0.29391571	-0.2403835
170	279	752	0.64597215	-0.95354076
171	177	753	1.5004267	0.94777677
171	291	754	0.88695552	-2.1289445
171	406	755	0.82756768	0.50623872
172	334	756	0.57057116	0.52966321
172	396	757	0.10375849	-1.6471758
172	406	758	0.42884938	1.6386633
173	206	759	0.91530987	2.443557
173	216	760	0.85453787	2.3095753
173	288	761	1.100956	-0.51739804
173	316	762	0.35632656	1.7497648
173	459	763	0.61083666	2.3887863
174	271	764	0.4505399	-1.1764543
175	235	765	0.80008295	0.2552758
175	356	766	0.87452863	2.1292421
175	405	767	0.76801755	-2.4346533
175	412	768	0.79516937	2.9987186
175	429	769	0.9726811	1.1130834
176	306	770	0.41367829	-0.95984644
176	440	771	0.49548596	2.1893973
176	454	772	0.37910185	-1.7416069
177	406	773	0.83120959	-1.7543478
177	438	774	1.4049204	1.2758156
178	350	775	0.59498569	-1.1463508
178	469	776	0.61796418	2.5293525
179	240	777	0.56650723	1.8323056
179	340	778	0.35970024	-0.38850682
179	382	779	0.61130563	-1.6105316
179	419	780	0.26977074	-2.9423716
180	342	781	0.52619646	1.8526091
180	445	782	0.73720629	-0.32849378
180	446	783	0.3834471	0.58604292
181	452	784	0.39020746	-2.3308212
182	291	785	0.80662129	0.816726
182	362	786	0.77065993	0.47734776
182	421	787	0.78224857	-3.0162817
182	433	788	0.27612528	-1.2604753
182	478	789	0.8346549	0.37452201
183	264	790	0.74671265	-1.1762045
183	296	791	0.59225335	2.125095
183	310	792	0.36624514	0.030852421
183	393	793	0.47724585	-2.1324214
184	198	794	0.44988143	-0.25850116
184	347	795	0.43242039	1.9687074
184	371	796	0.83487002	1.0464269
184	428	797	0.48567813	-3.1000597
184	440	798	0.66858183	-1.3050912
184	468	799	0.61836249	-2.3382163
185	206	800	0.35736264	-0.79219218
185	249	801	0.71603221	-1.09441
185	367	802	0.49138064	1.6769197
185	384	803	0.66420334	1.3714058
186	305	804	0.36591278	-2.8429738
186	315	805	0.54951158	1.0216687
186	320	806	0.44292503	-1.1447433
186	374	807	0.43379852	2.3625837
186	412	808	0.66414999	-0.0034817243
186	456	809	0.65524361	-2.6942897
187	360	810	0.47588273	2.0133678
187	438	811	0.58410172	-2.0695624
188	199	812	0.59677357	0.70539511
188	433	813	0.42397924	-1.4620547
188	493	814	0.5039958	-0.50039098
189	227	815	0.5401576	2.0215369
189	234	816	0.52446029	-2.6222849
189	458	817	0.41831813	-0.4674558
190	219	818	0.94065964	1.4038722
190	248	819	0.9634216	-2.1339606
190	375	820	0.7432221	1.6609181
190	437	821	0.53887469	1.2505864
190	477	822	0.25439822	-2.8458481
191	331	823	0.35553147	-0.2057115
191	422	824	0.38951152	2.7869255
191	457	825	0.30673146	-2.6443499
192	311	826	0.44640176	-2.8083699
193	210	827	0.76184961	2.9107301
193	385	828	0.73242232	-0.5301494
193	474	829	0.66014195	-1.0864849
194	231	830	0.60077874	0.15595358
194	233	831	0.74446641	-0.35476028
194	242	832	0.58485126	0.980107
194	280	833	0.86187341	2.3990856
194	366	834	0.74225837	1.6135552
194	410	835	0.7454462	-1.1755226
195	237	836	0.56461091	1.4465871
195	313	837	0.47078318	1.0703393
195	319	838	0.65648323	2.8477389
195	449	839	0.52899818	2.0745679
195	461	840	0.68061969	-0.99237782
196	221	841	0.76754824	-0.5536489
196	357	842	0.36836765	0.73621923
196	363	843	0.48083002	2.3249298
197	245	844	0.45423258	2.4612274
197	441	845	0.42668911	-0.21144372
198	209	846	0.47262005	-0.90318701
198	371	847	0.83787203	1.5910176
198	378	848	0.4921405	0.22306519
198	440	849	0.59016607	-2.0258252
199	332	850	0.37653811	0.92367644
200	216	851	0.42627956	-1.3415383
200	279	852	0.80734284	1.6190713
200	284	853	0.42673184	-0.32784418
200	459	854	0.668791	-1.2252358
201	358	855	0.50600118	1.3305269
201	365	856	0.9124612	0.46875069
201	426	857	0.90036333	-2.1402849
202	326	858	0.77404794	1.8950495
202	354	859	0.60043583	-0.78452244
202	402	860	0.51764482	0.79636073
203	204	861	0.6066555	-1.4258269
203	301	862	0.74055078	0.033781366
203	309	863	0.77034829	1.1750035
203	445	864	0.8023095	-2.2726383
203	495	865	0.44100306	-3.0092481
204	391	866	0.56662286	-0.10292275
204	403	867	0.52122134	-1.3139114
204	445	868	0.60575703	-3.1211289
205	248	869	0.98662898	1.1057658
205	259	870	0.81229156	2.6687846
205	344	871	0.71782897	0.32816516
205	394	872	0.43111697	1.5330089
205	447	873	0.82219574	-2.2843752
206	216	874	0.13309019	0.33272549
206	249	875	0.38966364	-1.3708843
206	304	876	0.69342874	-1.4559874
206	367	877	0.80243441	1.9580274
207	221	878	2.0018008	2.8909423
207	414	879	1.665719	-0.54195418
207	497	880	0.99091145	-0.073917062
208	432	881	0.13530408	-2.3792734
208	436	882	0.48677266	0.96781546
209	378	883	0.5152847	1.1986966
209	404	884	0.32316825	-0.44970269
210	282	885	0.6454826	-1.2924554
210	324	886	0.34529938	-2.5750095
210	492	887	0.82412562	3.0087755
211	222	888	0.46768043	-0.41926529
212	238	889	0.56241649	-1.0001724
212	286	890	0.58059227	-3.0854774
212	385	891	0.60812065	-0.67216392
212	473	892	0.59944338	2.5961945
213	217	893	0.90108078	2.0908626
213	223	894	0.60001148	-0.94216913
213	349	895	0.51499024	0.6465919
213	463	896	0.61139844	0.92551637
213	489	897	0.97754212	-1.5836015
215	275	898	0.51321193	1.4838408
215	334	899	0.76397352	-2.1758619
216	459	900	0.25032716	-1.0263224
217	238	901	0.71813195	2.2731541
217	343	902	0.46825804	1.0386295
217	385	903	0.70597364	1.9970295
217	387	904	0.55001039	-0.0096781729
218	250	905	0.21748529	-2.1961341
218	265	906	0.60454593	1.3531533
218	289	907	0.54777291	1.1417176
219	303	908	0.49225056	2.2147316
219	375	909	0.29141108	-2.4431762
219	437	910	0.41631502	-1.5387748
220	272	911	0.69824252	-2.5962259
221	241	912	1.3471877	0.70025197
221	357	913	0.75368899	2.099114
221	498	914	1.7763814	-2.7559741
222	473	915	0.46515743	-0.73798054
222	490	916	0.54074569	-2.211101
223	408	917	0.3512204	0.92157755
223	485	918	0.46050447	-0.97346156
223	489	919	0.6129355	-2.2093787
225	491	920	0.49202167	-1.0490887
226	263	921	0.71004114	2.4439988
226	300	922	0.39246447	1.8042917
226	318	923	0.31038093	-2.9544578
227	234	924	0.77823348	-1.8574045
227	323	925	0.6423379	1.2542507
227	340	926	0.49657237	2.0681463
227	382	927	0.59531551	-3.0774591
227	397	928	0.65989502	0.59289486
228	435	929	0.43662257	2.3236656
228	466	930	0.59127018	0.58992217
229	244	931	0.69066318	1.7579039
229	258	932	0.44283076	1.2377972
229	328	933	0.60119514	2.0482079
229	384	934	0.39232841	-2.0833316
229	444	935	0.57895176	-1.1521464
230	274	936	0.12361532	-1.6666913
230	351	937	0.52000527	-0.030374944
230	455	938	0.53841112	-2.5837259
231	233	939	0.36713833	-1.2818288
232	248	940	0.28187128	1.2971396
232	266	941	0.38503433	2.3206289
232	394	942	0.39341144	-2.6673277
233	269	943	0.85007845	-1.6354479
233	350	944	0.73142192	1.0304045
233	375	945	0.61688511	0.12793781
233	410	946	0.5944145	-2.3344263
234	369	947	0.48913596	2.9970547
234	382	948	0.80104746	2.0566851
234	429	949	0.88971533	-2.2500316
234	430	950	0.80085354	-1.120773
235	296	951	0.55499724	-0.90902995
235	429	952	0.7537709	2.0452016
235	430	953	0.85359999	0.85064419
236	250	954	1.1207088	1.5743167
236	279	955	0.4637091	-0.99442786
236	367	956	0.9116628	-1.6149762
236	384	957	0.76195081	-1.3815394
237	313	958	0.21445382	-0.7566047
238	372	959	0.57966903	-2.9586921
239	287	960	0.75071797	-2.5756774
239	312	961	0.31817416	1.9453831
239	317	962	0.50034705	-1.6938668
239	447	963	0.59931761	1.181974
239	464	964	0.43578897	-0.34958121
240	345	965	0.48120782	-2.7074069
240	395	966	0.69787466	2.8538578
240	427	967	0.69459668	-0.038766584
241	490	968	1.014702	0.39222552
242	366	969	0.43956749	2.5204085
243	365	970	0.42958207	1.9908668
243	460	971	0.4870465	0.57845304
244	258	972	0.37723667	-0.76079675
244	361	973	0.60658287	1.662751
245	454	974	0.54238528	1.5023344
246	365	975	0.83338678	-2.513872
246	368	976	0.5191028	2.7009813
246	423	977	0.44031178	0.85424261
247	476	978	0.76740722	-1.253159
247	486	979	0.8976756	0.71169722
248	266	980	0.33874324	3.1109255
248	269	981	0.66504004	1.9068675
248	344	982	0.69234826	-1.2213133
248	394	983	0.62053374	-2.3278388
248	477	984	0.78852103	1.2199851
249	302	985	0.84223377	-0.77083198
249	304	986	0.30696744	-1.564097
249	373	987	0.41360577	1.1683452
250	265	988	0.80881545	1.2463356
251	254	989	0.62384644	0.024000622
251	480	990	0.76346703	2.7569017
251	488	991	0.63378835	2.0845072
252	441	992	0.32345794	1.8601938
253	309	993	0.84021024	-0.6426
253	341	994	0.65157737	0.44399258
253	359	995	0.73973474	2.5529628
255	496	996	0.70588562	-0.37920927
256	486	997	0.72999887	-2.6467172
256	498	998	0.4849149	-1.077678
257	295	999	0.4435731	-2.6380425
257	298	1000	0.71541646	1.0267763
257	361	1001	0.79773089	-1.9219617
257	434	1002	0.87764192	1.2615659
257	475	1003	0.36623483	-0.55355621
259	262	1004	0.86651496	2.4796046
259	293	1005	0.92398062	-2.0427686
259	376	1006	0.5105167	1.0520041
259	394	1007	0.74196812	0.082173262
259	418	1008	0.60541684	0.24192702
259	425	1009	0.97410794	-2.7692784
260	272	1010	0.77372255	-0.18750993
260	278	1011	0.8181607	-1.8079689
260	290	1012	0.68452853	-2.9300596
260	346	1013	0.46727953	2.5719133
261	297	1014	0.70563724	-2.2735996
261	364	1015	0.74433502	1.6817855
261	389	1016	0.6170877	-0.91517462
261	390	1017	0.34586072	-1.9422348
262	264	1018	0.77587447	2.9793482
263	281	1019	0.066582836	-2.6716453
263	302	1020	0.79982177	1.8226911
263	318	1021	0.56680635	-1.1351187
264	393	1022	0.61185948	2.6563341
264	448	1023	0.70742117	-2.6465273
265	270	1024	0.86525564	1.067481
265	289	1025	0.13406102	-0.75804299
266	269	1026	0.62886273	1.3799861
266	418	1027	0.44676212	-2.1359499
267	270	1028	1.0449046	-2.0600198
267	299	1029	0.57240753	0.79925077
268	453	1030	0.57519636	-0.96595522
269	410	1031	0.54986304	2.2753564
269	477	1032	0.503077	0.22585605
270	364	1033	0.57862949	0.44631545
270	434	1034	0.18529893	-1.4527583
271	279	1035	0.4652764	-1.3795881
271	370	1036	0.62237365	0.13484395
272	327	1037	0.7818507	-0.84608715
272	416	1038	0.69484979	-1.475714
273	301	1039	0.7184564	-3.0939158
273	383	1040	0.57641287	-0.20163911
273	386	1041	0.64779963	2.3167433
273	398	1042	0.39108811	1.3929716
273	425	1043	0.71828255	0.60394261
273	465	1044	0.63478994	-2.0577166
274	314	1045	0.55948812	-0.78741875
274	455	1046	0.47351011	-2.7924697
275	491	1047	0.88572996	1.2119422
276	348	1048	0.48076151	-2.7075146
276	388	1049	0.48449207	-0.2808922
276	442	1050	0.44058085	-1.5230643
276	445	1051	0.60405151	0.94622964
277	292	1052	0.3980633	1.0487389
277	462	1053	0.48880487	2.6699737
278	307	1054	0.61702263	-1.2718409
279	370	1055	0.75578098	0.79678066
280	354	1056	0.73967885	1.2949557
280	366	1057	0.62383826	0.25744408
280	399	1058	0.78019085	-2.8040337
281	480	1059	0.64564617	-0.55353432
282	283	1060	0.73633338	3.0793282
282	324	1061	0.6396575	2.3931212
282	339	1062	0.66223953	-0.82810712
282	401	1063	0.68668743	-1.988933
282	474	1064	0.88248755	-0.1569145
283	314	1065	0.99455845	2.8377444
283	324	1066	0.47176682	0.97123094
283	401	1067	0.81326179	-0.97545328
284	316	1068	0.59520484	-1.2194037
284	379	1069	0.45094443	-0.0089622691
285	363	1070	0.58546527	-2.3025489
285	381	1071	0.58536789	-2.9851191
285	455	1072	0.49438996	-0.0014195494
286	372	1073	0.62974198	-1.0497619
286	473	1074	0.35004073	1.3776143
286	490	1075	0.64004801	2.7859608
287	317	1076	0.57993186	-0.16286957
287	329	1077	0.59672708	2.687973
287	332	1078	0.39994872	-1.5033071
288	435	1079	0.89659594	-0.28643376
288	472	1080	0.57952362	-2.0960585
288	488	1081	0.72279885	-1.4195585
289	297	1082	0.50107975	-0.36379607
290	346	1083	0.48237011	0.96218054
290	426	1084	0.72661619	2.0033964
291	362	1085	0.26871281	-1.0560511
292	380	1086	0.5593579	1.0713948
292	403	1087	0.71176365	2.437257
292	462	1088	0.64575879	-2.9500096
293	312	1089	0.50071169	-1.0213485
293	383	1090	0.51668137	-3.0354545
293	425	1091	0.67605194	2.3757298
293	447	1092	0.628131	-0.27165313
293	484	1093	0.58976835	-2.3096818
294	344	1094	0.53443942	-2.8961822
295	361	1095	0.54703836	-1.3606735
297	325	1096	0.75823213	-0.96963777
297	390	1097	0.39495875	0.57910023
298	353	1098	0.40088968	-0.14442024
298	434	1099	0.24651765	2.0027167
299	321	1100	0.9324052	0.67726371
300	302	1101	1.070805	2.2262869
301	309	1102	0.81649189	2.1444712
301	386	1103	0.58085992	1.0717372
301	391	1104	0.68927192	-1.7000822
301	465	1105	0.67409847	-0.89698253
302	373	1106	1.0636329	1.9995184
303	437	1107	0.86667289	-1.206424
303	471	1108	0.34138603	-2.0570283
303	489	1109	1.2401772	2.1215105
303	499	1110	0.42933295	2.0611233
305	456	1111	0.29833367	-2.5115817
306	454	1112	0.30373816	-3.0269684
307	371	1113	0.83686857	-2.49827
307	374	1114	0.64126665	-0.0492905
307	456	1115	0.71595407	-1.046508
308	322	1116	0.58466443	0.17279789
308	333	1117	0.71124047	0.94987551
308	460	1118	0.53819585	1.9447075
309	341	1119	0.78791819	1.6778892
309	386	1120	0.74223935	-0.23907769
309	448	1121	0.72975059	0.63453084
311	346	1122	0.39562696	-1.296901
311	426	1123	0.48763076	-2.8993856
312	447	1124	0.4299762	0.64491156
313	449	1125	0.483873	3.0375933
314	351	1126	0.52191411	1.3056186
314	455	1127	0.87187352	2.8693487
314	492	1128	0.79054744	0.51067379
315	327	1129	0.52563878	1.469852
315	356	1130	0.71847001	0.22088541
315	374	1131	0.61766487	-2.872943
315	412	1132	0.60353402	-0.89540308
315	416	1133	0.57711492	2.3350534
316	459	1134	0.38816464	2.9681498
317	332	1135	0.62478981	-2.631604
317	396	1136	0.50544666	0.11779848
317	464	1137	0.58508319	0.6355198
318	480	1138	0.28922589	0.52231833
319	409	1139	0.58785556	2.5742003
319	449	1140	0.46229346	0.63207972
319	469	1141	0.63482424	-1.980674
320	405	1142	0.71600493	-0.2991914
320	412	1143	0.62631143	0.69486745
320	456	1144	0.78306654	2.9878548
321	352	1145	0.93359469	0.28485188
321	417	1146	0.4412832	1.2847823
321	494	1147	0.42867697	-2.940153
322	333	1148	0.50471816	1.8979042
322	420	1149	0.410308	0.58034663
322	443	1150	0.47782331	1.2343953
323	340	1151	0.4702452	-2.7625358
323	397	1152	0.42314052	-0.60796902
323	401	1153	0.59432959	0.72697701
323	427	1154	0.53124825	2.0022167
324	492	1155	0.6024056	2.6308393
325	347	1156	0.50539805	-0.71995218
325	370	1157	0.96117021	-2.0786055
325	371	1158	0.96557281	-0.0095004901
325	389	1159	0.78601947	1.0317923
326	397	1160	0.60893362	3.0302884
326	401	1161	0.86865822	2.1960215
326	402	1162	0.70899555	-0.53863671
327	356	1163	0.74403501	-0.51359155
327	416	1164	0.46466725	-2.910682
328	361	1165	0.75429422	1.4484394
328	384	1166	0.87989352	-1.4753617
329	380	1167	0.74365004	-2.8572003
329	465	1168	0.68753273	2.5839327
329	484	1169	0.58253423	0.82572124
331	411	1170	0.59825417	-2.8960445
331	457	1171	0.62200256	-3.0228416
333	395	1172	0.71116896	0.21894619
333	443	1173	0.3210247	-0.083939554
333	460	1174	0.61526661	-3.01534
334	396	1175	0.63542272	-2.4773134
335	421	1176	0.76563264	0.58882309
335	436	1177	0.75433504	3.013737
336	382	1178	0.62226572	-0.38670194
336	451	1179	0.50372577	-1.4941854
336	479	1180	0.41645774	1.4877388
337	343	1181	0.15391986	2.2327836
337	385	1182	0.72083351	2.6175158
337	387	1183	0.36060499	-0.9223833
338	379	1184	0.44210464	-1.7543771
338	468	1185	0.73003157	1.3787959
339	401	1186	0.73999257	-2.9516852
339	474	1187	0.54959309	0.69022768
340	382	1188	0.59396048	-2.2159854
341	448	1189	0.75798949	-0.48116721
342	446	1190	0.55048282	-0.5620556
343	385	1191	0.58104415	2.7171011
343	387	1192	0.51451491	-0.91832262
345	395	1193	0.4631356	2.0970367
345	419	1194	0.50996575	-0.89602016
345	420	1195	0.42157713	-3.1250569
345	479	1196	0.30640855	-1.5153781
347	371	1197	0.66924314	0.50547039
347	428	1198	0.52566928	-2.2197724
348	407	1199	0.46132522	-1.6808927
348	442	1200	0.51538063	-0.47976194
348	466	1201	0.63089305	2.8999447
349	387	1202	0.55934358	2.1557156
349	408	1203	0.53834482	-1.2804339
349	463	1204	0.18339088	1.8093041
350	375	1205	0.59693022	-1.1651664
350	467	1206	0.41821265	0.39307156
351	492	1207	0.56520357	-0.20901734
352	363	1208	0.87362311	0.34453262
353	475	1209	0.87488034	-2.1183461
353	476	1210	0.88389119	0.3258244
354	366	1211	0.68347595	-0.94232229
354	402	1212	0.79671167	1.6498889
354	469	1213	0.75774995	-0.037656274
355	388	1214	0.42455534	2.3871941
355	403	1215	0.52852871	0.9289849
355	462	1216	0.27625229	-0.61989863
356	377	1217	0.63092871	1.0412207
356	412	1218	0.70690569	-2.0464116
356	429	1219	0.90274997	0.14550171
357	363	1220	0.610932	2.972015
358	365	1221	0.69813852	-0.11374874
358	424	1222	0.46342131	1.1523757
359	405	1223	0.8094487	1.3210146
359	450	1224	0.83364503	-2.6387003
360	438	1225	0.94600107	-1.6507936
363	381	1226	0.39187598	2.0683208
364	426	1227	0.87677777	0.59331452
365	460	1228	0.59645296	-0.21276962
366	469	1229	0.63344206	0.97514827
367	384	1230	0.24514293	0.72426235
368	381	1231	0.44125166	0.46392307
368	423	1232	0.76673992	0.14479696
368	424	1233	0.74019556	-2.8565262
369	382	1234	0.64728832	1.4001049
369	429	1235	0.76636593	-1.6686631
369	451	1236	0.56582196	2.4281144
370	428	1237	0.53689572	0.16435758
370	468	1238	0.67566035	-0.52222526
371	378	1239	0.88209463	-0.97241517
371	389	1240	0.8851269	2.2588406
371	456	1241	1.0347148	-0.11408134
373	384	1242	0.97519275	1.9475647
374	416	1243	0.61280303	1.2449836
374	456	1244	0.65233477	-2.0179725
375	467	1245	0.72453947	1.361172
375	477	1246	0.83325071	-1.7841897
377	429	1247	0.70789345	-0.62400718
377	451	1248	0.75273877	1.2720384
378	404	1249	0.62910695	-1.4052127
378	456	1250	0.80959352	0.85527852
380	391	1251	0.56261934	2.3100859
380	403	1252	0.81083136	-3.1043921
380	465	1253	0.58715842	1.3468236
381	423	1254	0.37430833	-0.23404773
382	419	1255	0.60696377	1.9775821
382	451	1256	0.60065185	-2.6798989
383	425	1257	0.52401811	1.5202307
383	484	1258	0.39866001	-1.2740145
385	474	1259	0.38865509	-2.5589073
386	398	1260	0.51686731	-0.17669345
386	448	1261	0.62282219	1.7866931
387	463	1262	0.39182565	-0.82628868
388	403	1263	0.63966376	0.2088125
388	442	1264	0.53950044	-2.5390151
388	445	1265	0.63434143	1.7487483
389	390	1266	0.52876285	2.8205165
391	403	1267	0.62029107	-2.3394314
391	465	1268	0.53305003	0.29846804
392	407	1269	0.49527594	1.2125906
392	482	1270	0.56543234	-0.093063075
393	448	1271	0.62677247	-1.7008163
394	418	1272	0.17345328	2.6351245
395	443	1273	0.41592951	-2.6903461
396	464	1274	0.2895736	1.6783697
397	401	1275	0.64400829	1.4199828
398	425	1276	0.52254716	0.044002564
399	430	1277	0.83887119	2.6989394
399	470	1278	0.55245166	-1.0149096
400	407	1279	0.76818737	2.889734
400	442	1280	0.47491213	2.0910221
400	462	1281	0.7890406	0.34467514
400	482	1282	0.48097603	-2.3998105
401	427	1283	0.67195363	3.0108969
402	409	1284	0.5823008	0.12989816
403	445	1285	0.8868588	2.5538853
403	462	1286	0.59098188	-1.7263349
404	439	1287	0.53911478	-0.97621874
405	412	1288	0.64487617	1.8911983
407	442	1289	0.55374401	0.40984522
407	466	1290	0.82897628	2.3155538
407	482	1291	0.64671642	-0.92475155
408	485	1292	0.66217602	-1.5002563
411	432	1293	0.29786144	3.0524156
411	457	1294	0.080862038	2.0504138
411	481	1295	0.73205814	2.74301
413	486	1296	0.5154599	-1.0776137
413	494	1297	0.43387675	2.5429243
414	489	1298	1.0477882	-0.35017299
414	497	1299	0.90021482	2.0799759
417	424	1300	0.31046259	0.23681323
419	479	1301	0.3154123	2.8447231
420	443	1302	0.29236807	2.2576984
421	452	1303	0.85592244	3.0037806
422	457	1304	0.29739371	-1.243233
422	481	1305	0.54608021	-3.0145323
423	455	1306	0.73035707	0.24524714
428	468	1307	0.42853936	-1.4398812
429	430	1308	0.90773737	-0.031812077
431	483	1309	0.7700492	-1.1556154
431	496	1310	0.58523768	-2.0837368
432	481	1311	0.45742244	2.5434097
433	493	1312	0.43502777	0.4257637
435	466	1313	0.78993754	0.013045472
436	452	1314	0.69850493	0.69370829
439	450	1315	0.67249468	0.24186684
439	487	1316	0.38024312	-0.82871723
440	454	1317	0.80858003	-1.291524
440	468	1318	0.63711242	2.8221428
445	446	1319	0.58783203	2.2699784
445	495	1320	0.56035551	1.4260169
446	495	1321	0.47092872	0.22394884
450	487	1322	0.59291604	-2.3020323
453	481	1323	0.54241543	0.26369185
457	481	1324	0.67181458	2.8199425
461	467	1325	0.57131634	-1.775887
471	499	1326	0.68190294	1.6333828
472	480	1327	0.47863508	-1.5639488
472	488	1328	0.45280051	-0.49012322
473	490	1329	0.67802527	-2.9626582
476	498	1330	1.8017673	0.75509716
478	493	1331	0.48867137	-2.2222178
480	488	1332	0.47693285	0.59032339
483	496	1333	0.62871353	2.8267232
485	489	1334	0.63420994	-2.9650427
486	498	1335	0.87566933	-0.092002373
489	499	1336	0.81204026	-0.98816887
65	1	1337	0.62582212	-0.34689009
142	1	1338	0.7756859	-0.80218346
237	1	1339	0.86567607	2.2102458
337	1	1340	0.64686559	-1.1355177
387	1	1341	0.30414034	-1.3890187
408	1	1342	0.79560359	2.1092276
91	2	1343	0.75992959	-0.47272249
121	2	1344	0.7948055	-2.9254785
137	2	1345	0.23330333	-3.0642553
331	2	1346	0.54793367	0.5777382
132	3	1347	0.98553767	-1.4435081
360	3	1348	0.11647432	2.7050635
438	3	1349	0.9926727	1.6009771
26	4	1350	0.74379781	-0.5858683
65	4	1351	0.66473004	-1.2839799
319	4	1352	0.67631277	1.9002351
409	4	1353	0.42624092	0.86355222
449	4	1354	0.69623667	2.5867074
13	5	1355	0.79008301	1.3404035
22	5	1356	1.5256045	-1.503163
73	5	1357	1.3687294	2.041253
149	5	1358	0.69121878	-0.022222332
128	6	1359	0.48574234	-2.8343142
268	6	1360	0.54286862	-1.2033047
453	6	1361	0.13621137	-2.8933299
19	7	1362	0.7620656	1.3967273
67	7	1363	0.62746171	2.1496919
94	7	1364	0.73591371	-0.35534386
194	7	1365	0.83765241	-1.7876338
410	7	1366	0.4850229	-2.8700942
89	8	1367	0.23111376	1.3164753
104	8	1368	0.32634984	-1.7384343
257	8	1369	0.44110037	2.066941
295	8	1370	0.62787301	1.2824712
434	8	1371	0.65451397	-2.3874981
52	9	1372	0.77250199	2.9701758
116	9	1373	0.46236152	0.099520255
254	9	1374	0.71494063	-0.48879808
392	9	1375	0.45289599	-2.5003679
67	10	1376	0.5339792	-1.5942073
259	10	1377	0.58518251	0.68359482
266	10	1378	0.40338774	-2.7532533
376	10	1379	0.21369554	-0.35236462
418	10	1380	0.2615391	2.1091167
13	11	1381	0.53252456	-3.1349916
24	11	1382	0.63162649	-0.60939225
31	11	1383	1.0559138	2.1428712
149	11	1384	0.78838476	-1.5985633
373	11	1385	0.47368689	0.4522178
444	11	1386	0.62486931	-0.96247033
32	12	1387	0.83134321	0.46798756
69	12	1388	0.63205426	-3.0113459
230	12	1389	0.41681571	-0.035714014
351	12	1390	0.10321949	3.1327792
492	12	1391	0.66667745	2.9633704
31	13	1392	0.89216459	1.6146759
73	13	1393	0.91903204	2.6288782
149	13	1394	0.93609878	-0.99383261
116	14	1395	0.80078629	2.6192633
147	14	1396	0.63921145	-3.1332684
155	14	1397	0.56909886	0.083890989
226	14	1398	0.77246804	-0.21807871
251	14	1399	0.10601629	0.31488675
255	14	1400	0.65289863	-1.4183983
268	14	1401	1.0366465	2.5718327
300	14	1402	1.0076349	-0.57612887
53	15	1403	0.39634474	2.1096281
96	15	1404	0.57141088	-2.5844344
205	15	1405	0.80041052	-1.8010199
239	15	1406	0.70503699	0.59793284
447	15	1407	0.38891699	-0.4174872
464	15	1408	0.5729804	1.2635616
35	16	1409	0.32094802	2.5499322
87	16	1410	0.41385974	-2.4022107
108	16	1411	0.4624453	-1.425444
183	16	1412	0.52352399	1.4467396
296	16	1413	0.37684772	0.042272358
144	17	1414	0.88867804	-0.1021789
196	17	1415	0.65313838	-2.6873273
221	17	1416	1.2452909	3.0475209
256	17	1417	0.72956398	0.51287535
352	17	1418	0.66008641	-0.54462083
363	17	1419	0.68720521	-1.9551832
498	17	1420	0.88395944	1.093402
103	18	1421	0.49196955	1.657638
152	18	1422	0.51340425	3.0253556
159	18	1423	0.23882575	-2.8962288
67	19	1424	0.52597425	-2.6988833
259	19	1425	0.67816388	1.5841729
262	19	1426	0.68992147	0.21244216
376	19	1427	0.3519409	2.4113551
139	20	1428	0.50014238	2.6885023
272	20	1429	0.43513994	-0.20732233
146	21	1430	0.22819573	2.2107664
190	21	1431	0.87647396	-1.4207823
294	21	1432	0.48143579	1.801673
344	21	1433	0.72448925	0.97216451
125	22	1434	0.61790938	0.0019746678
330	22	1435	0.47104683	-0.13919328
415	22	1436	0.76294016	0.9128805
476	22	1437	1.6892605	-1.866532
90	23	1438	0.41522944	3.0135502
173	23	1439	0.64237374	-1.7653489
263	23	1440	0.60638051	2.0956562
281	23	1441	0.60638164	1.9857974
302	23	1442	0.27080022	-1.9669931
304	23	1443	0.72674542	-0.81661123
229	24	1444	0.68427236	-1.4616495
373	24	1445	0.57587997	1.7309917
384	24	1446	0.43091628	-0.90275404
444	24	1447	0.22077039	-2.3868638
143	25	1448	0.72625003	-2.2495462
188	25	1449	0.65899693	0.05652067
478	25	1450	0.13599481	-2.204698
493	25	1451	0.35270548	0.91262
50	26	1452	0.37834447	1.4343575
65	26	1453	0.4874277	-2.6587492
129	26	1454	0.55939849	0.22582557
339	26	1455	0.74036147	-0.56597929
59	27	1456	0.79527755	1.5836262
123	27	1457	0.4634181	-2.9093655
132	27	1458	1.1084248	-1.1179956
187	27	1459	0.46287696	1.4615749
225	27	1460	0.89618498	1.7689895
360	27	1461	0.25603313	0.1177794
471	27	1462	0.67313969	-1.7410131
107	28	1463	0.43434286	-2.7622389
264	28	1464	0.6253114	-1.6330694
386	28	1465	0.55250256	0.61850758
398	28	1466	0.41536912	1.7125213
425	28	1467	0.69852762	2.5523074
448	28	1468	0.65077364	-0.45845974
97	29	1469	0.82557112	-2.7085375
181	29	1470	0.46148912	-0.30471927
452	29	1471	0.72360666	0.20086421
265	30	1472	0.52476178	0.75137986
270	30	1473	0.40115895	-1.6553333
289	30	1474	0.5335892	1.0048563
297	30	1475	0.65455196	1.8528329
364	30	1476	0.85485272	-2.2786381
255	31	1477	1.3380221	2.2524068
302	31	1478	0.62511132	0.47621729
230	32	1479	0.50784497	-2.266281
241	32	1480	1.0184476	2.9279762
285	32	1481	0.63460784	-0.16713745
357	32	1482	0.59970199	0.80701401
363	32	1483	1.0691645	0.3137907
455	32	1484	0.16809972	-0.67368034
91	33	1485	1.1918998	0.39471692
95	33	1486	0.90924303	-2.5324418
188	33	1487	0.82598319	2.967862
277	33	1488	0.29581667	-0.57287591
292	33	1489	0.50786305	-1.4720104
51	34	1490	0.64414851	2.8868305
114	34	1491	0.82606397	-0.99013654
207	34	1492	0.81618232	0.70616652
372	34	1493	0.55592045	-2.1864489
497	34	1494	0.70585483	2.1179204
87	35	1495	0.45956953	-1.6566405
102	35	1496	0.43530308	-3.0698683
183	35	1497	0.47498616	0.79927759
310	35	1498	0.33104198	1.6764134
47	36	1499	0.74560465	-0.37363178
203	36	1500	0.6626116	2.1745636
224	36	1501	0.4261813	0.042819269
253	36	1502	0.66885046	-1.5716545
309	36	1503	0.69320059	-2.9007692
495	36	1504	0.60672697	1.4701689
122	37	1505	0.58523659	-2.6753335
170	37	1506	0.50271599	1.3615848
174	37	1507	0.14598461	1.6253388
218	37	1508	0.68185663	-1.7777845
236	37	1509	0.62995268	1.5974148
153	38	1510	0.66392879	2.8535167
189	38	1511	0.46572919	-1.304486
234	38	1512	0.6080165	-0.31614059
430	38	1513	0.57947921	1.163545
458	38	1514	0.3618826	-2.3367744
94	39	1515	0.62544453	1.3515712
194	39	1516	0.7357343	3.0756621
280	39	1517	0.54339074	-1.7542492
399	39	1518	0.69420729	-0.40869295
470	39	1519	0.395945	0.51027242
115	40	1520	0.34540021	1.9827853
154	40	1521	0.87897488	1.0716319
299	40	1522	0.14291072	0.44287244
321	40	1523	0.7940962	-2.4225194
494	40	1524	0.47193635	-1.95635
378	41	1525	0.73865656	-0.94885014
404	41	1526	0.3272818	0.061643366
439	41	1527	0.46740819	1.5179909
450	41	1528	0.69867044	2.6887515
110	42	1529	0.53133332	-0.40468023
193	42	1530	0.28112892	1.1136111
212	42	1531	0.24603285	1.701012
214	42	1532	0.46589211	-1.3956802
385	42	1533	0.80342807	2.25496
473	42	1534	0.48518041	-0.13856992
100	43	1535	0.20860984	-0.3979727
152	43	1536	0.58552577	1.2407521
159	43	1537	0.63989599	0.75040705
358	43	1538	0.39467231	2.9723895
417	43	1539	0.3958	-2.3408118
424	43	1540	0.67878446	-2.5878051
124	44	1541	0.72461782	-2.3711137
128	44	1542	0.57263201	1.6476303
147	44	1543	0.91843696	-0.39483031
268	44	1544	0.64939306	0.33131812
436	44	1545	1.0349136	2.8411887
483	44	1546	0.63185622	-1.0165691
80	45	1547	0.57774751	2.6981938
88	45	1548	0.563265	-1.7159709
173	45	1549	0.63690397	0.40299682
245	45	1550	0.67244904	-2.698187
288	45	1551	0.87668993	2.0077129
316	45	1552	0.65709903	-0.15409629
379	45	1553	0.76973637	-1.0193815
320	46	1554	0.60763069	-1.867405
359	46	1555	0.78068813	2.5822257
450	46	1556	0.81894609	1.4867739
456	46	1557	0.92027716	-0.86599246
54	47	1558	0.52468271	1.6228276
162	47	1559	0.79478387	0.42094384
224	47	1560	0.39541048	2.3168152
253	47	1561	0.80002226	-2.6227589
342	47	1562	0.74640238	1.1692105
359	47	1563	0.81132652	-1.66894
450	47	1564	0.76697932	-0.55727598
189	48	1565	0.42520542	0.80722884
397	48	1566	0.54807099	-1.6035126
458	48	1567	0.50197901	1.7296559
99	49	1568	0.64769409	2.282021
130	49	1569	0.60594959	0.26979528
192	49	1570	0.33960326	1.3197591
365	49	1571	0.6611169	-2.0758943
129	50	1572	0.55322704	-0.46802212
402	50	1573	0.47277705	1.1730548
409	50	1574	0.53419972	2.4009853
55	51	1575	0.7995539	2.3242829
76	51	1576	0.46523337	-3.0561747
372	51	1577	0.68635458	-1.1146748
497	51	1578	0.50954513	1.0440771
91	52	1579	0.85176431	-3.0228177
392	52	1580	0.56635196	-0.79093996
422	52	1581	0.48550375	2.376029
481	52	1582	0.44861496	1.1294384
482	52	1583	0.38695849	-2.0105645
96	53	1584	0.70135589	-1.9839802
334	53	1585	0.18540252	2.558201
396	53	1586	0.60276028	0.96025229
464	53	1587	0.42929523	0.50039421
224	54	1588	0.33568431	-2.371996
342	54	1589	0.35828926	0.47245391
446	54	1590	0.47942883	1.8818987
76	55	1591	0.62838518	-1.4375119
213	55	1592	0.6328555	3.1014917
217	55	1593	0.77876119	-1.8100722
414	55	1594	0.73939379	1.0554936
489	55	1595	1.1789246	2.1244027
497	55	1596	0.81575902	-0.17575787
120	56	1597	0.66118005	-2.305707
126	56	1598	0.60340849	-0.38080189
252	56	1599	0.28360951	-1.256284
435	56	1600	0.50200385	0.86214949
466	56	1601	0.59333016	2.4664463
70	57	1602	0.79746558	2.9831275
84	57	1603	0.79924227	0.33904925
246	57	1604	0.86107894	0.0075126022
314	57	1605	1.012633	-2.8732887
333	57	1606	0.64301505	1.0096241
395	57	1607	0.52530381	2.3051038
423	57	1608	0.65803873	-0.51753661
455	57	1609	0.52111941	-1.8361035
239	58	1610	0.51994369	2.9777117
287	58	1611	0.50207902	1.3280129
293	58	1612	0.65243402	-1.7793469
312	58	1613	0.44933454	-2.6520587
329	58	1614	0.69481338	0.33107427
484	58	1615	0.33111455	-0.657391
85	59	1616	0.8097914	1.4245223
187	59	1617	0.34053926	-1.3917155
225	59	1618	0.1860131	2.6764928
438	59	1619	0.38375856	0.48187415
66	60	1620	0.35320931	2.6295851
355	60	1621	0.36511201	-2.7220315
388	60	1622	0.44014799	-1.6255292
400	60	1623	0.33386853	0.98588865
442	60	1624	0.44115714	-0.3079502
97	61	1625	0.51581571	-0.62261593
182	61	1626	0.32909331	0.69137928
291	61	1627	0.48186956	-2.2393809
200	62	1628	0.3186922	2.1253913
206	62	1629	0.74262733	1.7589515
216	62	1630	0.73534358	1.9390255
236	62	1631	0.93253411	-1.4375928
279	62	1632	0.55076505	-1.8069575
367	62	1633	0.1646682	-0.082075509
69	63	1634	0.411642	0.56836892
211	63	1635	0.16305667	-2.3386206
490	63	1636	0.5513666	1.9760264
143	64	1637	0.16560769	1.3946469
171	64	1638	0.44563694	-1.2053453
172	64	1639	0.7100444	-2.560742
291	64	1640	0.71318726	0.49078855
362	64	1641	0.75608284	0.85402279
406	64	1642	0.99345928	-2.175148
478	64	1643	0.73920034	0.99188362
142	65	1644	0.34836903	-1.7128923
474	65	1645	0.81946736	-0.6884385
355	66	1646	0.32279041	-1.6499716
462	66	1647	0.29783503	-2.5693243
266	67	1648	0.52482639	2.3289241
269	67	1649	0.53514424	-2.6841273
376	67	1650	0.50702376	1.1370994
410	67	1651	0.66692261	-1.7577711
137	68	1652	0.919187	-2.8389774
208	68	1653	0.59729566	0.11543303
331	68	1654	0.19079577	2.9124682
335	68	1655	0.49127711	-2.6406163
411	68	1656	0.43733442	0.44628952
432	68	1657	0.70996249	0.23055009
436	68	1658	0.45932028	-0.80828168
150	69	1659	0.55178619	-3.0567095
211	69	1660	0.57149036	-2.5068508
241	69	1661	0.76963359	1.064307
492	69	1662	0.20242805	1.7166329
112	70	1663	0.78063721	3.0316859
240	70	1664	0.51786346	2.0389981
314	70	1665	0.43721502	-2.0176377
395	70	1666	0.50930043	0.54513213
123	71	1667	0.76048333	-1.2345601
491	71	1668	0.74840724	1.1870122
79	72	1669	0.24050451	-1.8402329
146	72	1670	0.64183412	-1.8591556
215	72	1671	0.75929047	0.96636014
294	72	1672	0.36493399	-2.0137673
344	72	1673	0.41351586	-0.50446086
431	73	1674	1.6013148	2.2647956
92	74	1675	0.51108599	-0.80938706
136	74	1676	0.72411878	1.9257033
176	74	1677	0.39079323	0.023366244
209	74	1678	0.56767201	-1.3468975
306	74	1679	0.38028037	1.1556339
404	74	1680	0.44475922	-1.9508583
439	74	1681	0.46819108	3.0698236
154	75	1682	0.59728055	-1.5293315
247	75	1683	0.71942614	-2.331831
298	75	1684	0.66030633	0.71577516
353	75	1685	0.50138005	1.3668629
434	75	1686	0.63686831	0.33505601
476	75	1687	0.76469667	2.8660294
77	76	1688	0.46013701	-1.2845776
217	76	1689	0.29959123	-2.6787621
217	77	1690	0.50303159	2.4835077
238	77	1691	0.2493869	-1.3031805
372	77	1692	0.65013375	-0.20929432
127	78	1693	0.38325105	-1.1506124
231	78	1694	0.31793691	0.15829258
233	78	1695	0.45327105	1.0907213
350	78	1696	0.28031	-2.2088184
146	79	1697	0.40139846	-1.870493
275	79	1698	0.56797998	0.65350364
491	79	1699	0.50380197	-1.2894447
126	80	1700	0.51386421	2.7536589
197	80	1701	0.50517855	-2.6225205
245	80	1702	0.54313219	-1.7289521
288	80	1703	0.56692769	1.3013603
106	81	1704	0.8005285	2.8690385
228	81	1705	0.45728473	-2.9884916
254	81	1706	0.69697186	2.0760447
288	81	1707	0.95452527	-0.73723336
435	81	1708	0.41755362	-1.9469886
488	81	1709	0.60219255	0.12131533
89	82	1710	0.94329449	-1.7505642
236	82	1711	0.86145515	1.5833475
295	82	1712	0.55193317	-1.6583717
328	82	1713	0.73720405	1.6663184
361	82	1714	0.16304939	-3.0506261
85	83	1715	0.87116811	-1.8382382
157	83	1716	0.45723484	1.5748753
177	83	1717	0.41763875	-0.28957277
275	83	1718	0.54083428	-2.5490605
406	83	1719	0.889865	0.90169706
246	84	1720	0.28067625	-1.178475
333	84	1721	0.49696362	2.5465341
365	84	1722	0.8149856	0.28622564
460	84	1723	0.40780266	1.0615093
177	85	1724	0.95773346	0.85224627
225	85	1725	0.77196592	-1.9479325
275	85	1726	0.58079692	1.9563443
438	85	1727	0.66165924	-1.2285914
491	85	1728	0.60425515	-2.6388535
272	86	1729	0.74701591	-2.1837152
278	86	1730	0.52419238	0.076357027
307	86	1731	0.71602162	1.0745179
416	86	1732	0.50221669	2.9802602
108	87	1733	0.41339388	-0.44700681
156	87	1734	0.33980196	-3.1290419
399	87	1735	0.51915248	-2.1812764
245	88	1736	0.59066651	2.6690423
338	88	1737	0.66881934	-0.92215349
379	88	1738	0.49461267	-0.20009295
454	88	1739	0.62541431	-2.6911769
104	89	1740	0.55695538	-1.774367
250	89	1741	0.68807196	1.3334302
265	89	1742	0.13710515	-2.3470047
270	89	1743	0.9979716	-2.1111476
173	90	1744	0.74135338	-1.1723407
281	90	1745	0.52905084	1.2489618
288	90	1746	0.6834358	-2.9371959
472	90	1747	0.52429294	2.3776872
191	91	1748	0.58729709	1.3468092
400	91	1749	0.66045797	-1.0538506
422	91	1750	0.66107387	0.72293191
482	91	1751	0.72518832	-0.35079787
176	92	1752	0.38099398	1.4707151
198	92	1753	0.55861166	-1.4523229
209	92	1754	0.29159312	-2.4607377
440	92	1755	0.32632409	-0.075396023
279	93	1756	0.61037996	-0.56792991
284	93	1757	0.61964528	1.454992
338	93	1758	0.49578872	2.7595011
370	93	1759	0.86889087	-1.5866104
379	93	1760	0.72644056	2.1201954
102	94	1761	0.40529833	-0.084727347
140	94	1762	0.72942877	0.77162101
470	94	1763	0.46674343	-1.1053402
188	95	1764	0.66648307	1.6727733
199	95	1765	0.59070776	2.6552169
287	95	1766	0.83716913	-2.6114256
292	95	1767	0.79592808	0.018665713
329	95	1768	0.70961074	-1.8358152
332	95	1769	0.74961041	-3.109171
380	95	1770	0.71094752	-0.73392953
205	96	1771	0.56486834	-1.0060016
215	96	1772	0.32886768	2.7807081
344	96	1773	0.80264804	-2.059997
171	97	1774	1.448598	-2.5317503
181	97	1775	1.2076354	0.1730914
291	97	1776	0.72187784	-3.034279
421	97	1777	0.86197443	0.7835856
105	98	1778	0.51346117	-0.18910507
113	98	1779	0.48567291	-2.0670047
220	98	1780	0.6949264	0.6431832
322	98	1781	0.57422744	-1.1548426
336	98	1782	0.51632102	-3.0713228
451	98	1783	0.72361969	2.4419039
119	99	1784	0.55654719	2.9225156
145	99	1785	0.55276463	0.25658902
192	99	1786	0.53230817	-0.30866955
243	99	1787	0.6808473	-1.677209
260	99	1788	0.75137853	0.96393919
272	99	1789	0.83054163	1.981579
308	99	1790	0.80841185	-2.5627162
159	100	1791	0.58611724	1.0810311
321	100	1792	0.4078106	2.5716192
417	100	1793	0.51010356	-2.7316654
120	101	1794	0.80261291	-0.66870111
180	101	1795	0.42586449	-1.793939
276	101	1796	0.538741	2.5226892
348	101	1797	0.51474905	1.5759209
445	101	1798	0.81166868	-2.9211634
466	101	1799	0.7101654	0.53777877
140	102	1800	0.55581564	1.3550327
156	102	1801	0.43444309	-1.4438434
470	102	1802	0.42930545	-2.0406115
152	103	1803	0.6354012	-2.3970439
159	103	1804	0.57979918	-1.9028445
267	103	1805	0.3510101	0.43946659
364	103	1806	0.8704976	1.2351176
426	103	1807	0.55116166	2.4958253
270	104	1808	0.50689655	-2.4827234
434	104	1809	0.44109297	-2.8511366
119	105	1810	0.49629885	0.49327992
220	105	1811	0.51590319	1.4702866
308	105	1812	0.44715075	-0.82421948
322	105	1813	0.50789704	-2.1366071
228	106	1814	0.42795586	-0.72950724
254	106	1815	0.58615453	0.73805023
392	106	1816	0.72460168	2.455246
407	106	1817	0.73418316	-3.1352613
466	106	1818	0.63786482	-1.8443037
262	107	1819	0.52450291	-2.4415191
264	107	1820	0.58949038	-0.90407584
425	107	1821	0.57696564	1.8830565
235	108	1822	0.65155826	0.054746194
296	108	1823	0.56569043	0.9918144
399	108	1824	0.71433126	-2.7889987
430	108	1825	0.61230675	-1.4271825
138	109	1826	0.43648268	-1.290024
219	109	1827	0.44148039	1.3623455
375	109	1828	0.69460244	1.1008504
461	109	1829	0.65044994	-1.4978293
467	109	1830	0.18657198	-0.49956512
150	110	1831	0.67733281	-0.10214433
193	110	1832	0.58793716	2.2391023
210	110	1833	0.47414456	0.65049151
214	110	1834	0.47763461	-2.5918032
222	110	1835	0.37713053	-0.46992798
473	110	1836	0.14240124	1.6262098
138	111	1837	0.7595725	1.6228726
195	111	1838	0.26220418	-0.15580543
237	111	1839	0.62999221	-1.2659694
408	111	1840	0.68105986	-1.1184162
461	111	1841	0.54115802	1.7812824
485	111	1842	0.255569	0.18884945
283	112	1843	0.40533368	-2.6749768
314	112	1844	0.75821016	-0.68536328
401	112	1845	0.9541089	2.6010337
427	112	1846	0.43105935	1.9307944
322	113	1847	0.47353688	-0.20881805
336	113	1848	0.48302653	2.1988709
345	113	1849	0.4470086	-2.3107548
420	113	1850	0.34474734	-1.2148995
479	113	1851	0.31928732	-3.065801
241	114	1852	1.0865484	-0.13324123
286	114	1853	0.55495104	-2.5502824
372	114	1854	0.80960895	2.8447389
490	114	1855	0.55013165	-1.3148505
154	115	1856	0.7209627	0.68337479
247	115	1857	0.5324079	1.4990954
413	115	1858	0.64610268	-2.2336521
486	115	1859	0.64400181	-3.0556955
251	116	1860	0.87531711	-0.43224357
254	116	1861	0.41826699	-1.1492428
268	116	1862	0.2397858	2.412824
481	116	1863	1.1408987	2.6962524
263	117	1864	0.38779404	-1.5319517
281	117	1865	0.36501805	-1.3654634
318	117	1866	0.25730821	2.6282756
480	117	1867	0.47514701	-3.1038356
151	118	1868	0.49474317	-0.86653401
178	118	1869	0.38882941	0.22781579
195	118	1870	0.65943157	-1.5659693
350	118	1871	0.64405096	1.3615906
467	118	1872	0.53340279	2.0640433
220	119	1873	0.47534662	2.5161532
272	119	1874	0.67453804	1.2517332
308	119	1875	0.57881875	-1.8034608
136	120	1876	0.96195865	-0.82916657
162	120	1877	0.7984994	-1.7521404
180	120	1878	0.72865548	3.0284201
252	120	1879	0.57515192	0.39406291
342	120	1880	0.71606477	-2.5093685
441	120	1881	0.62972412	-0.14209793
466	120	1882	0.86158969	1.5938113
137	121	1883	0.56466819	0.27329967
182	121	1884	0.53777235	-2.4748008
188	121	1885	0.67352358	-2.3244397
433	121	1886	0.51166945	-3.0050284
174	122	1887	0.65741394	0.67119319
218	122	1888	0.556593	-0.81281022
297	122	1889	0.78900488	-1.9794658
325	122	1890	0.74893276	-3.0093788
370	122	1891	0.7905298	1.9261112
169	123	1892	0.73036929	1.7858756
303	123	1893	0.87671749	-1.3670181
437	123	1894	0.14019665	-2.7860409
471	123	1895	0.65078061	-1.0265606
181	124	1896	1.2770952	3.0777564
431	124	1897	1.3770684	-0.56492699
452	124	1898	1.0696145	2.794049
483	124	1899	0.85312927	-0.038210897
160	125	1900	0.46077447	0.029691636
330	125	1901	0.16540685	-2.7273534
415	125	1902	0.62120086	1.8169874
475	125	1903	0.61498523	-1.2693082
197	126	1904	0.44652833	-1.4877409
252	126	1905	0.47462847	-3.045725
288	126	1906	0.7187367	0.51194589
441	126	1907	0.52042786	-2.3897651
133	127	1908	0.43306138	-0.85660364
178	127	1909	0.42471778	-1.7561414
231	127	1910	0.42996463	1.1954493
242	127	1911	0.42545505	0.017846932
350	127	1912	0.34652677	2.7733316
208	128	1913	0.68230113	2.9405875
268	128	1914	0.74992564	-0.50025556
432	128	1915	0.61518523	2.7589995
326	129	1916	0.43855207	0.82371006
339	129	1917	0.52831775	-1.419329
401	129	1918	0.89255793	-0.44298195
402	129	1919	0.75253722	1.9962681
201	130	1920	0.33994635	-1.8384412
311	130	1921	0.32298176	1.8141414
426	130	1922	0.58458746	0.82756147
158	131	1923	0.44082428	2.3128612
164	131	1924	0.62991826	-0.99034227
278	131	1925	0.57806888	-2.8493609
290	131	1926	0.82164125	-1.6640638
371	131	1927	0.92745033	1.6416984
389	131	1928	0.55195025	0.4525964
360	132	1929	1.0523982	1.7917665
414	132	1930	1.6379024	-1.0074248
471	132	1931	0.68544496	2.6337753
489	132	1932	1.0311555	-1.6771851
178	133	1933	0.37300154	-2.8973144
242	133	1934	0.36358468	1.1703715
366	133	1935	0.50539254	0.15694951
469	133	1936	0.4679953	-1.2584959
168	134	1937	0.78155563	-2.7536455
175	134	1938	0.90404645	-1.6555869
253	134	1939	0.79842924	1.4549952
341	134	1940	0.71381877	2.3393066
359	134	1941	0.80420585	0.49548269
405	134	1942	0.64732651	-0.66996674
319	135	1943	0.56884316	-2.9263174
354	135	1944	0.62717206	0.76028097
402	135	1945	0.63149548	-0.61049814
409	135	1946	0.44153996	-1.7070403
469	135	1947	0.55128895	2.1521366
162	136	1948	0.79744296	-3.0460328
197	136	1949	0.65895589	0.9360005
245	136	1950	0.78312192	0.31797652
306	136	1951	0.5230758	-0.68519516
439	136	1952	0.68039776	-1.8928438
441	136	1953	0.6206989	1.6133689
454	136	1954	0.76634794	-0.39694958
487	136	1955	0.59701939	-2.4834751
182	137	1956	1.0811849	-2.6764097
331	137	1957	0.76090977	0.4300974
335	137	1958	0.44812598	0.084859945
421	137	1959	0.43141838	-2.027321
219	138	1960	0.85182826	1.6055362
303	138	1961	0.52929919	1.0443915
485	138	1962	0.76767806	-1.1826255
220	139	1963	0.72624595	-1.1771682
327	139	1964	0.45193041	0.65936895
356	139	1965	0.7051843	1.9959291
377	139	1966	0.61738449	2.9823376
183	140	1967	0.66865766	-0.25897725
262	140	1968	0.76101337	2.1341274
264	140	1969	0.63048882	0.9644428
310	140	1970	0.3344862	-0.57724756
285	141	1971	0.23570291	1.9060105
381	141	1972	0.59088991	0.55986487
455	141	1973	0.61397	2.7693828
337	142	1974	0.26801544	-3.0334578
385	142	1975	0.52888987	-0.82819773
474	142	1976	0.70444277	-0.25218957
172	143	1977	0.83252372	-2.4156367
199	143	1978	0.69388753	0.3159444
317	143	1979	0.40579194	-1.8523646
332	143	1980	0.44076729	-0.19362245
396	143	1981	0.76134641	-2.5104996
478	143	1982	0.59042344	0.88171964
321	144	1983	0.57662376	0.019101893
352	144	1984	0.40647722	-2.474966
413	144	1985	0.72364458	0.49113731
192	145	1986	0.3032438	-1.6616644
260	145	1987	0.48860688	1.7898248
311	145	1988	0.42405788	-0.37666895
346	145	1989	0.3648731	0.66413808
169	146	1990	0.80215397	-1.4794244
294	146	1991	0.28681297	1.4796544
491	146	1992	0.27723962	-0.37089893
255	147	1993	0.9770915	-0.71420375
268	147	1994	0.61098028	1.9632946
483	147	1995	0.54710389	-2.798602
496	147	1996	0.38759799	-1.3561286
232	148	1997	0.16547649	-2.5644257
266	148	1998	0.39209767	-1.2497347
394	148	1999	0.22944077	0.40011327
418	148	2000	0.36303504	0.014411257
229	149	2001	0.66465772	-0.39154269
258	149	2002	0.81994613	-0.96096754
415	149	2003	0.91119448	-1.7044595
444	149	2004	0.46843837	0.62823483
210	150	2005	0.4634429	2.2649611
211	150	2006	0.30553508	-1.2730925
492	150	2007	0.57605287	0.44325789
178	151	2008	0.46851611	1.4457136
195	151	2009	0.42464701	-2.4141143
319	151	2010	0.56579782	-0.98842156
469	151	2011	0.57473775	0.19206649
201	152	2012	0.45840339	3.1328588
358	152	2013	0.75671947	-2.4416443
426	152	2014	0.76274995	1.5352709
202	153	2015	0.80119138	-2.1001744
280	153	2016	0.76940036	2.5258298
354	153	2017	0.87155266	-2.8298447
399	153	2018	0.71104013	1.4182099
430	153	2019	0.93170922	0.37753703
458	153	2020	0.59224742	-0.86157393
247	154	2021	0.5264144	2.9970699
267	154	2022	0.31882158	-1.2269681
270	154	2023	0.86332012	0.8047767
299	154	2024	0.76800796	-1.9602998
434	154	2025	0.99121547	0.94984995
226	155	2026	0.28485356	-0.85430916
251	155	2027	0.4665303	-3.109752
318	155	2028	0.5164984	-0.30899596
480	155	2029	0.38610868	-0.89547614
399	156	2030	0.42322052	-1.4710009
470	156	2031	0.25396883	2.9508248
172	157	2032	0.84995204	0.90538173
215	157	2033	0.47251234	-2.5890634
275	157	2034	0.88096111	-2.1026623
334	157	2035	0.38172104	1.4859258
406	157	2036	0.60389922	0.41007589
278	158	2037	0.55397156	-2.0504587
307	158	2038	0.44826154	2.9207373
371	158	2039	0.64355392	1.2016429
267	159	2040	0.86207071	0.94255358
299	159	2041	0.30662826	1.2124174
321	159	2042	0.68668805	-2.6940639
244	160	2043	0.61385149	1.1472357
257	160	2044	0.79417169	-1.5284947
258	160	2045	0.81997758	1.5963231
361	160	2046	0.31118387	-0.14321468
475	160	2047	0.66209652	-2.0040355
273	161	2048	0.56854625	-0.8884718
329	161	2049	0.48896002	1.4226392
383	161	2050	0.38558566	-2.1350634
484	161	2051	0.32751851	2.9715654
342	162	2052	0.56504862	2.4456587
450	162	2053	0.73418974	-1.6723994
487	162	2054	0.4323265	-0.73236519
358	163	2055	0.555352	0.74312057
365	163	2056	0.53671173	2.1299028
368	163	2057	0.55249378	-2.66011
424	163	2058	0.22573976	-0.21289972
261	164	2059	0.59640286	0.48674622
290	164	2060	0.51276602	-2.5373464
389	164	2061	0.78280274	1.3767774
426	164	2062	0.95821616	-1.6935712
321	165	2063	0.97292425	0.56787506
352	165	2064	0.27169936	1.8533577
363	165	2065	0.89868647	-3.1035867
368	165	2066	0.36455004	-2.6217993
381	165	2067	0.80549016	-2.6523942
417	165	2068	0.70285933	0.14264949
424	165	2069	0.39485265	0.068652786
229	166	2070	0.5121951	2.5228195
244	166	2071	0.47847038	-2.2186716
328	166	2072	0.27566586	-2.1076756
240	167	2073	0.44296202	-0.39070106
340	167	2074	0.51951441	1.7055145
427	167	2075	0.31786297	-2.67927
175	168	2076	0.88583144	-0.75205048
183	168	2077	0.79149172	2.9711633
235	168	2078	0.8171431	-1.7271479
296	168	2079	0.59641137	-2.4737925
341	168	2080	0.84018925	1.2968163
393	168	2081	0.75243979	2.3446199
190	169	2082	0.31716671	-0.91235173
437	169	2083	0.76273674	-1.538734
491	169	2084	0.72246109	1.3115629
174	170	2085	0.36377622	-1.8848222
236	170	2086	0.18363146	2.2914561
271	170	2087	0.29391571	2.9012091
279	170	2088	0.64597215	2.1880519
177	171	2089	1.5004267	-2.1938159
291	171	2090	0.88695552	1.0126481
406	171	2091	0.82756768	-2.6353539
334	172	2092	0.57057116	-2.6119294
396	172	2093	0.10375849	1.4944168
406	172	2094	0.42884938	-1.5029294
206	173	2095	0.91530987	-0.69803563
216	173	2096	0.85453787	-0.83201733
288	173	2097	1.100956	2.6241946
316	173	2098	0.35632656	-1.3918279
459	173	2099	0.61083666	-0.75280639
271	174	2100	0.4505399	1.9651384
235	175	2101	0.80008295	-2.8863169
356	175	2102	0.87452863	-1.0123506
405	175	2103	0.76801755	0.70693932
412	175	2104	0.79516937	-0.14287401
429	175	2105	0.9726811	-2.0285093
306	176	2106	0.41367829	2.1817462
440	176	2107	0.49548596	-0.95219539
454	176	2108	0.37910185	1.3999858
406	177	2109	0.83120959	1.3872449
438	177	2110	1.4049204	-1.8657771
350	178	2111	0.59498569	1.9952419
469	178	2112	0.61796418	-0.61224014
240	179	2113	0.56650723	-1.309287
340	179	2114	0.35970024	2.7530858
382	179	2115	0.61130563	1.5310611
419	179	2116	0.26977074	0.19922107
342	180	2117	0.52619646	-1.2889836
445	180	2118	0.73720629	2.8130989
446	180	2119	0.3834471	-2.5555497
452	181	2120	0.39020746	0.81077146
291	182	2121	0.80662129	-2.3248666
362	182	2122	0.77065993	-2.6642449
421	182	2123	0.78224857	0.12531093
433	182	2124	0.27612528	1.8811173
478	182	2125	0.8346549	-2.7670706
264	183	2126	0.74671265	1.9653882
296	183	2127	0.59225335	-1.0164976
310	183	2128	0.36624514	-3.1107402
393	183	2129	0.47724585	1.0091713
198	184	2130	0.44988143	2.8830915
347	184	2131	0.43242039	-1.1728853
371	184	2132	0.83487002	-2.0951658
428	184	2133	0.48567813	0.041532993
440	184	2134	0.66858183	1.8365014
468	184	2135	0.61836249	0.80337633
206	185	2136	0.35736264	2.3494005
249	185	2137	0.71603221	2.0471827
367	185	2138	0.49138064	-1.4646729
384	185	2139	0.66420334	-1.7701868
305	186	2140	0.36591278	0.29861886
315	186	2141	0.54951158	-2.119924
320	186	2142	0.44292503	1.9968493
374	186	2143	0.43379852	-0.77900898
412	186	2144	0.66414999	3.1381109
456	186	2145	0.65524361	0.44730296
360	187	2146	0.47588273	-1.1282249
438	187	2147	0.58410172	1.0720303
199	188	2148	0.59677357	-2.4361975
433	188	2149	0.42397924	1.6795379
493	188	2150	0.5039958	2.6412017
227	189	2151	0.5401576	-1.1200558
234	189	2152	0.52446029	0.51930771
458	189	2153	0.41831813	2.6741369
219	190	2154	0.94065964	-1.7377204
248	190	2155	0.9634216	1.0076321
375	190	2156	0.7432221	-1.4806745
437	190	2157	0.53887469	-1.8910063
477	190	2158	0.25439822	0.29574455
331	191	2159	0.35553147	2.9358812
422	191	2160	0.38951152	-0.3546672
457	191	2161	0.30673146	0.49724272
311	192	2162	0.44640176	0.33322274
210	193	2163	0.76184961	-0.23086258
385	193	2164	0.73242232	2.6114433
474	193	2165	0.66014195	2.0551078
231	194	2166	0.60077874	-2.9856391
233	194	2167	0.74446641	2.7868324
242	194	2168	0.58485126	-2.1614857
280	194	2169	0.86187341	-0.74250708
366	194	2170	0.74225837	-1.5280375
410	194	2171	0.7454462	1.9660701
237	195	2172	0.56461091	-1.6950055
313	195	2173	0.47078318	-2.0712533
319	195	2174	0.65648323	-0.29385371
449	195	2175	0.52899818	-1.0670248
461	195	2176	0.68061969	2.1492148
221	196	2177	0.76754824	2.5879437
357	196	2178	0.36836765	-2.4053734
363	196	2179	0.48083002	-0.81666286
245	197	2180	0.45423258	-0.68036524
441	197	2181	0.42668911	2.9301489
209	198	2182	0.47262005	2.2384056
371	198	2183	0.83787203	-1.5505751
378	198	2184	0.4921405	-2.9185275
440	198	2185	0.59016607	1.1157674
332	199	2186	0.37653811	-2.2179162
216	200	2187	0.42627956	1.8000543
279	200	2188	0.80734284	-1.5225213
284	200	2189	0.42673184	2.8137485
459	200	2190	0.668791	1.9163569
358	201	2191	0.50600118	-1.8110658
365	201	2192	0.9124612	-2.672842
426	201	2193	0.90036333	1.0013077
326	202	2194	0.77404794	-1.2465432
354	202	2195	0.60043583	2.3570702
402	202	2196	0.51764482	-2.3452319
204	203	2197	0.6066555	1.7157658
301	203	2198	0.74055078	-3.1078113
309	203	2199	0.77034829	-1.9665891
445	203	2200	0.8023095	0.86895434
495	203	2201	0.44100306	0.13234455
391	204	2202	0.56662286	3.0386699
403	204	2203	0.52122134	1.8276812
445	204	2204	0.60575703	0.020463737
248	205	2205	0.98662898	-2.0358268
259	205	2206	0.81229156	-0.47280802
344	205	2207	0.71782897	-2.8134275
394	205	2208	0.43111697	-1.6085838
447	205	2209	0.82219574	0.85721746
216	206	2210	0.13309019	-2.8088672
249	206	2211	0.38966364	1.7707083
304	206	2212	0.69342874	1.6856053
367	206	2213	0.80243441	-1.1835652
221	207	2214	2.0018008	-0.25065031
414	207	2215	1.665719	2.5996385
497	207	2216	0.99091145	3.0676756
432	208	2217	0.13530408	0.76231928
436	208	2218	0.48677266	-2.1737772
378	209	2219	0.5152847	-1.9428961
404	209	2220	0.32316825	2.69189
282	210	2221	0.6454826	1.8491372
324	210	2222	0.34529938	0.56658313
492	210	2223	0.82412562	-0.13281714
222	211	2224	0.46768043	2.7223274
238	212	2225	0.56241649	2.1414203
286	212	2226	0.58059227	0.056115286
385	212	2227	0.60812065	2.4694287
473	212	2228	0.59944338	-0.54539818
217	213	2229	0.90108078	-1.05073
223	213	2230	0.60001148	2.1994235
349	213	2231	0.51499024	-2.4950008
463	213	2232	0.61139844	-2.2160763
489	213	2233	0.97754212	1.5579911
275	215	2234	0.51321193	-1.6577518
334	215	2235	0.76397352	0.96573075
459	216	2236	0.25032716	2.1152702
238	217	2237	0.71813195	-0.86843857
343	217	2238	0.46825804	-2.1029632
385	217	2239	0.70597364	-1.1445632
387	217	2240	0.55001039	3.1319145
250	218	2241	0.21748529	0.94545853
265	218	2242	0.60454593	-1.7884394
289	218	2243	0.54777291	-1.999875
303	219	2244	0.49225056	-0.92686103
375	219	2245	0.29141108	0.69841648
437	219	2246	0.41631502	1.6028178
272	220	2247	0.69824252	0.54536675
241	221	2248	1.3471877	-2.4413407
357	221	2249	0.75368899	-1.0424787
498	221	2250	1.7763814	0.38561852
473	222	2251	0.46515743	2.4036121
490	222	2252	0.54074569	0.93049161
408	223	2253	0.3512204	-2.2200151
485	223	2254	0.46050447	2.1681311
489	223	2255	0.6129355	0.93221394
491	225	2256	0.49202167	2.0925039
263	226	2257	0.71004114	-0.69759389
300	226	2258	0.39246447	-1.337301
318	226	2259	0.31038093	0.18713483
234	227	2260	0.77823348	1.2841881
323	227	2261	0.6423379	-1.887342
340	227	2262	0.49657237	-1.0734464
382	227	2263	0.59531551	0.06413358
397	227	2264	0.65989502	-2.5486978
435	228	2265	0.43662257	-0.8179271
466	228	2266	0.59127018	-2.5516705
244	229	2267	0.69066318	-1.3836888
258	229	2268	0.44283076	-1.9037954
328	229	2269	0.60119514	-1.0933848
384	229	2270	0.39232841	1.058261
444	229	2271	0.57895176	1.9894463
274	230	2272	0.12361532	1.4749013
351	230	2273	0.52000527	3.1112177
455	230	2274	0.53841112	0.55786672
233	231	2275	0.36713833	1.8597638
248	232	2276	0.28187128	-1.844453
266	232	2277	0.38503433	-0.82096375
394	232	2278	0.39341144	0.47426492
269	233	2279	0.85007845	1.5061448
350	233	2280	0.73142192	-2.1111882
375	233	2281	0.61688511	-3.0136548
410	233	2282	0.5944145	0.80716638
369	234	2283	0.48913596	-0.14453792
382	234	2284	0.80104746	-1.0849076
429	234	2285	0.88971533	0.89156105
430	234	2286	0.80085354	2.0208197
296	235	2287	0.55499724	2.2325627
429	235	2288	0.7537709	-1.096391
430	235	2289	0.85359999	-2.2909485
250	236	2290	1.1207088	-1.5672759
279	236	2291	0.4637091	2.1471648
367	236	2292	0.9116628	1.5266164
384	236	2293	0.76195081	1.7600532
313	237	2294	0.21445382	2.384988
372	238	2295	0.57966903	0.18290058
287	239	2296	0.75071797	0.56591521
312	239	2297	0.31817416	-1.1962096
317	239	2298	0.50034705	1.4477258
447	239	2299	0.59931761	-1.9596186
464	239	2300	0.43578897	2.7920114
345	240	2301	0.48120782	0.43418571
395	240	2302	0.69787466	-0.28773488
427	240	2303	0.69459668	3.1028261
490	241	2304	1.014702	-2.7493671
366	242	2305	0.43956749	-0.6211842
365	243	2306	0.42958207	-1.1507259
460	243	2307	0.4870465	-2.5631396
258	244	2308	0.37723667	2.3807959
361	244	2309	0.60658287	-1.4788416
454	245	2310	0.54238528	-1.6392583
365	246	2311	0.83338678	0.62772068
368	246	2312	0.5191028	-0.44061137
423	246	2313	0.44031178	-2.28735
476	247	2314	0.76740722	1.8884336
486	247	2315	0.8976756	-2.4298954
266	248	2316	0.33874324	-0.030667196
269	248	2317	0.66504004	-1.2347252
344	248	2318	0.69234826	1.9202793
394	248	2319	0.62053374	0.81375381
477	248	2320	0.78852103	-1.9216076
302	249	2321	0.84223377	2.3707607
304	249	2322	0.30696744	1.5774956
373	249	2323	0.41360577	-1.9732475
265	250	2324	0.80881545	-1.8952571
254	251	2325	0.62384644	-3.117592
480	251	2326	0.76346703	-0.38469098
488	251	2327	0.63378835	-1.0570854
441	252	2328	0.32345794	-1.2813988
309	253	2329	0.84021024	2.4989927
341	253	2330	0.65157737	-2.6976001
359	253	2331	0.73973474	-0.58862987
496	255	2332	0.70588562	2.7623834
486	256	2333	0.72999887	0.49487549
498	256	2334	0.4849149	2.0639146
295	257	2335	0.4435731	0.50355019
298	257	2336	0.71541646	-2.1148163
361	257	2337	0.79773089	1.2196309
434	257	2338	0.87764192	-1.8800268
475	257	2339	0.36623483	2.5880364
262	259	2340	0.86651496	-0.66198808
293	259	2341	0.92398062	1.0988241
376	259	2342	0.5105167	-2.0895886
394	259	2343	0.74196812	-3.0594194
418	259	2344	0.60541684	-2.8996656
425	259	2345	0.97410794	0.37231427
272	260	2346	0.77372255	2.9540827
278	260	2347	0.8181607	1.3336238
290	260	2348	0.68452853	0.21153309
346	260	2349	0.46727953	-0.56967938
297	261	2350	0.70563724	0.86799302
364	261	2351	0.74433502	-1.4598072
389	261	2352	0.6170877	2.226418
390	261	2353	0.34586072	1.1993578
264	262	2354	0.77587447	-0.16224446
281	263	2355	0.066582836	0.46994736
302	263	2356	0.79982177	-1.3189016
318	263	2357	0.56680635	2.006474
393	264	2358	0.61185948	-0.48525855
448	264	2359	0.70742117	0.49506534
270	265	2360	0.86525564	-2.0741116
289	265	2361	0.13406102	2.3835497
269	266	2362	0.62886273	-1.7616066
418	266	2363	0.44676212	1.0056428
270	267	2364	1.0449046	1.0815729
299	267	2365	0.57240753	-2.3423419
453	268	2366	0.57519636	2.1756374
410	269	2367	0.54986304	-0.86623627
477	269	2368	0.503077	-2.9157366
364	270	2369	0.57862949	-2.6952772
434	270	2370	0.18529893	1.6888344
279	271	2371	0.4652764	1.7620046
370	271	2372	0.62237365	-3.0067487
327	272	2373	0.7818507	2.2955055
416	272	2374	0.69484979	1.6658787
301	273	2375	0.7184564	0.047676836
383	273	2376	0.57641287	2.9399535
386	273	2377	0.64779963	-0.82484935
398	273	2378	0.39108811	-1.7486211
425	273	2379	0.71828255	-2.53765
465	273	2380	0.63478994	1.083876
314	274	2381	0.55948812	2.3541739
455	274	2382	0.47351011	0.34912291
491	275	2383	0.88572996	-1.9296504
348	276	2384	0.48076151	0.43407802
388	276	2385	0.48449207	2.8607005
442	276	2386	0.44058085	1.6185284
445	276	2387	0.60405151	-2.195363
292	277	2388	0.3980633	-2.0928537
462	277	2389	0.48880487	-0.47161898
307	278	2390	0.61702263	1.8697518
370	279	2391	0.75578098	-2.344812
354	280	2392	0.73967885	-1.846637
366	280	2393	0.62383826	-2.8841486
399	280	2394	0.78019085	0.33755896
480	281	2395	0.64564617	2.5880583
283	282	2396	0.73633338	-0.062264423
324	282	2397	0.6396575	-0.74847149
339	282	2398	0.66223953	2.3134855
401	282	2399	0.68668743	1.1526597
474	282	2400	0.88248755	2.9846782
314	283	2401	0.99455845	-0.30384827
324	283	2402	0.47176682	-2.1703617
401	283	2403	0.81326179	2.1661394
316	284	2404	0.59520484	1.922189
379	284	2405	0.45094443	3.1326304
363	285	2406	0.58546527	0.83904378
381	285	2407	0.58536789	0.15647351
455	285	2408	0.49438996	3.1401731
372	286	2409	0.62974198	2.0918307
473	286	2410	0.35004073	-1.7639784
490	286	2411	0.64004801	-0.35563185
317	287	2412	0.57993186	2.9787231
329	287	2413	0.59672708	-0.45361962
332	287	2414	0.39994872	1.6382855
435	288	2415	0.89659594	2.8551589
472	288	2416	0.57952362	1.0455341
488	288	2417	0.72279885	1.7220341
297	289	2418	0.50107975	2.7777966
346	290	2419	0.48237011	-2.1794121
426	290	2420	0.72661619	-1.1381963
362	291	2421	0.26871281	2.0855416
380	292	2422	0.5593579	-2.0701979
403	292	2423	0.71176365	-0.70433564
462	292	2424	0.64575879	0.19158305
312	293	2425	0.50071169	2.1202441
383	293	2426	0.51668137	0.10613818
425	293	2427	0.67605194	-0.76586285
447	293	2428	0.628131	2.8699395
484	293	2429	0.58976835	0.83191089
344	294	2430	0.53443942	0.24541045
361	295	2431	0.54703836	1.7809191
325	297	2432	0.75823213	2.1719549
390	297	2433	0.39495875	-2.5624924
353	298	2434	0.40088968	2.9971724
434	298	2435	0.24651765	-1.1388759
321	299	2436	0.9324052	-2.4643289
302	300	2437	1.070805	-0.91530573
309	301	2438	0.81649189	-0.99712148
386	301	2439	0.58085992	-2.0698555
391	301	2440	0.68927192	1.4415104
465	301	2441	0.67409847	2.2446101
373	302	2442	1.0636329	-1.1420742
437	303	2443	0.86667289	1.9351686
471	303	2444	0.34138603	1.0845643
489	303	2445	1.2401772	-1.0200821
499	303	2446	0.42933295	-1.0804694
456	305	2447	0.29833367	0.63001091
454	306	2448	0.30373816	0.11462427
371	307	2449	0.83686857	0.64332262
374	307	2450	0.64126665	3.0923022
456	307	2451	0.71595407	2.0950847
322	308	2452	0.58466443	-2.9687948
333	308	2453	0.71124047	-2.1917171
460	308	2454	0.53819585	-1.1968852
341	309	2455	0.78791819	-1.4637034
386	309	2456	0.74223935	2.902515
448	309	2457	0.72975059	-2.5070618
346	311	2458	0.39562696	1.8446916
426	311	2459	0.48763076	0.24220705
447	312	2460	0.4299762	-2.4966811
449	313	2461	0.483873	-0.10399938
351	314	2462	0.52191411	-1.8359741
455	314	2463	0.87187352	-0.27224392
492	314	2464	0.79054744	-2.6309189
327	315	2465	0.52563878	-1.6717407
356	315	2466	0.71847001	-2.9207072
374	315	2467	0.61766487	0.2686497
412	315	2468	0.60353402	2.2461896
416	315	2469	0.57711492	-0.80653925
459	316	2470	0.38816464	-0.17344285
332	317	2471	0.62478981	0.50998868
396	317	2472	0.50544666	-3.0237942
464	317	2473	0.58508319	-2.5060729
480	318	2474	0.28922589	-2.6192743
409	319	2475	0.58785556	-0.56739239
449	319	2476	0.46229346	-2.5095129
469	319	2477	0.63482424	1.1609187
405	320	2478	0.71600493	2.8424013
412	320	2479	0.62631143	-2.4467252
456	320	2480	0.78306654	-0.15373782
352	321	2481	0.93359469	-2.8567408
417	321	2482	0.4412832	-1.8568103
494	321	2483	0.42867697	0.20143961
333	322	2484	0.50471816	-1.2436884
420	322	2485	0.410308	-2.561246
443	322	2486	0.47782331	-1.9071974
340	323	2487	0.4702452	0.37905682
397	323	2488	0.42314052	2.5336236
401	323	2489	0.59432959	-2.4146156
427	323	2490	0.53124825	-1.1393759
492	324	2491	0.6024056	-0.51075335
347	325	2492	0.50539805	2.4216405
370	325	2493	0.96117021	1.0629872
371	325	2494	0.96557281	3.1320922
389	325	2495	0.78601947	-2.1098003
397	326	2496	0.60893362	-0.11130426
401	326	2497	0.86865822	-0.94557115
402	326	2498	0.70899555	2.6029559
356	327	2499	0.74403501	2.6280011
416	327	2500	0.46466725	0.23091065
361	328	2501	0.75429422	-1.6931533
384	328	2502	0.87989352	1.6662309
380	329	2503	0.74365004	0.28439235
465	329	2504	0.68753273	-0.55765995
484	329	2505	0.58253423	-2.3158714
411	331	2506	0.59825417	0.24554815
457	331	2507	0.62200256	0.11875101
395	333	2508	0.71116896	-2.9226465
443	333	2509	0.3210247	3.0576531
460	333	2510	0.61526661	0.12625264
396	334	2511	0.63542272	0.66427928
421	335	2512	0.76563264	-2.5527696
436	335	2513	0.75433504	-0.12785568
382	336	2514	0.62226572	2.7548907
451	336	2515	0.50372577	1.6474072
479	336	2516	0.41645774	-1.6538538
343	337	2517	0.15391986	-0.90880909
385	337	2518	0.72083351	-0.52407682
387	337	2519	0.36060499	2.2192093
379	338	2520	0.44210464	1.3872155
468	338	2521	0.73003157	-1.7627968
401	339	2522	0.73999257	0.18990741
474	339	2523	0.54959309	-2.451365
382	340	2524	0.59396048	0.92560727
448	341	2525	0.75798949	2.6604254
446	342	2526	0.55048282	2.579537
385	343	2527	0.58104415	-0.4244916
387	343	2528	0.51451491	2.22327
395	345	2529	0.4631356	-1.044556
419	345	2530	0.50996575	2.2455725
420	345	2531	0.42157713	0.016535746
479	345	2532	0.30640855	1.6262145
371	347	2533	0.66924314	-2.6361223
428	347	2534	0.52566928	0.92182026
407	348	2535	0.46132522	1.4607
442	348	2536	0.51538063	2.6618307
466	348	2537	0.63089305	-0.24164791
387	349	2538	0.55934358	-0.98587705
408	349	2539	0.53834482	1.8611587
463	349	2540	0.18339088	-1.3322885
375	350	2541	0.59693022	1.9764262
467	350	2542	0.41821265	-2.7485211
492	351	2543	0.56520357	2.9325753
363	352	2544	0.87362311	-2.79706
475	353	2545	0.87488034	1.0232465
476	353	2546	0.88389119	-2.8157683
366	354	2547	0.68347595	2.1992704
402	354	2548	0.79671167	-1.4917038
469	354	2549	0.75774995	3.1039364
388	355	2550	0.42455534	-0.75439857
403	355	2551	0.52852871	-2.2126078
462	355	2552	0.27625229	2.521694
377	356	2553	0.63092871	-2.100372
412	356	2554	0.70690569	1.095181
429	356	2555	0.90274997	-2.9960909
363	357	2556	0.610932	-0.16957769
365	358	2557	0.69813852	3.0278439
424	358	2558	0.46342131	-1.989217
405	359	2559	0.8094487	-1.820578
450	359	2560	0.83364503	0.50289234
438	360	2561	0.94600107	1.490799
381	363	2562	0.39187598	-1.0732718
426	364	2563	0.87677777	-2.5482781
460	365	2564	0.59645296	2.928823
469	366	2565	0.63344206	-2.1664444
384	367	2566	0.24514293	-2.4173303
381	368	2567	0.44125166	-2.6776696
423	368	2568	0.76673992	-2.9967957
424	368	2569	0.74019556	0.28506649
382	369	2570	0.64728832	-1.7414877
429	369	2571	0.76636593	1.4729296
451	369	2572	0.56582196	-0.7134783
428	370	2573	0.53689572	-2.9772351
468	370	2574	0.67566035	2.6193674
378	371	2575	0.88209463	2.1691775
389	371	2576	0.8851269	-0.88275205
456	371	2577	1.0347148	3.0275113
384	373	2578	0.97519275	-1.1940279
416	374	2579	0.61280303	-1.8966091
456	374	2580	0.65233477	1.1236202
467	375	2581	0.72453947	-1.7804207
477	375	2582	0.83325071	1.357403
429	377	2583	0.70789345	2.5175855
451	377	2584	0.75273877	-1.8695542
404	378	2585	0.62910695	1.73638
456	378	2586	0.80959352	-2.2863141
391	380	2587	0.56261934	-0.83150678
403	380	2588	0.81083136	0.037200601
465	380	2589	0.58715842	-1.794769
423	381	2590	0.37430833	2.9075449
419	382	2591	0.60696377	-1.1640106
451	382	2592	0.60065185	0.46169376
425	383	2593	0.52401811	-1.621362
484	383	2594	0.39866001	1.8675781
474	385	2595	0.38865509	0.58268533
398	386	2596	0.51686731	2.9648992
448	386	2597	0.62282219	-1.3548996
463	387	2598	0.39182565	2.315304
403	388	2599	0.63966376	-2.9327802
442	388	2600	0.53950044	0.60257755
445	388	2601	0.63434143	-1.3928443
390	389	2602	0.52876285	-0.32107615
403	391	2603	0.62029107	0.8021613
465	391	2604	0.53305003	-2.8431246
407	392	2605	0.49527594	-1.929002
482	392	2606	0.56543234	3.0485296
448	393	2607	0.62677247	1.4407763
418	394	2608	0.17345328	-0.5064682
443	395	2609	0.41592951	0.45124652
464	396	2610	0.2895736	-1.463223
401	397	2611	0.64400829	-1.7216099
425	398	2612	0.52254716	-3.0975901
430	399	2613	0.83887119	-0.44265326
470	399	2614	0.55245166	2.1266831
407	400	2615	0.76818737	-0.25185863
442	400	2616	0.47491213	-1.0505706
462	400	2617	0.7890406	-2.7969175
482	400	2618	0.48097603	0.74178211
427	401	2619	0.67195363	-0.13069576
409	402	2620	0.5823008	-3.0116945
445	403	2621	0.8868588	-0.58770735
462	403	2622	0.59098188	1.4152578
439	404	2623	0.53911478	2.1653739
412	405	2624	0.64487617	-1.2503943
442	407	2625	0.55374401	-2.7317474
466	407	2626	0.82897628	-0.82603885
482	407	2627	0.64671642	2.2168411
485	408	2628	0.66217602	1.6413363
432	411	2629	0.29786144	-0.089177006
457	411	2630	0.080862038	-1.0911789
481	411	2631	0.73205814	-0.39858266
486	413	2632	0.5154599	2.0639789
494	413	2633	0.43387675	-0.59866838
489	414	2634	1.0477882	2.7914197
497	414	2635	0.90021482	-1.0616167
424	417	2636	0.31046259	-2.9047794
479	419	2637	0.3154123	-0.29686956
443	420	2638	0.29236807	-0.88389429
452	421	2639	0.85592244	-0.13781202
457	422	2640	0.29739371	1.8983596
481	422	2641	0.54608021	0.12706037
455	423	2642	0.73035707	-2.8963455
468	428	2643	0.42853936	1.7017114
430	429	2644	0.90773737	3.1097806
483	431	2645	0.7700492	1.9859773
496	431	2646	0.58523768	1.0578558
481	432	2647	0.45742244	-0.59818292
493	433	2648	0.43502777	-2.715829
466	435	2649	0.78993754	-3.1285472
452	436	2650	0.69850493	-2.4478844
450	439	2651	0.67249468	-2.8997258
487	439	2652	0.38024312	2.3128754
454	440	2653	0.80858003	1.8500686
468	440	2654	0.63711242	-0.31944987
446	445	2655	0.58783203	-0.87161429
495	445	2656	0.56035551	-1.7155757
495	446	2657	0.47092872	-2.9176438
487	450	2658	0.59291604	0.8395604
481	453	2659	0.54241543	-2.8779008
481	457	2660	0.67181458	-0.32165013
467	461	2661	0.57131634	1.3657057
499	471	2662	0.68190294	-1.5082098
480	472	2663	0.47863508	1.5776438
488	472	2664	0.45280051	2.6514694
490	473	2665	0.67802527	0.17893444
498	476	2666	1.8017673	-2.3864955
493	478	2667	0.48867137	0.9193749
488	480	2668	0.47693285	-2.5512693
496	483	2669	0.62871353	-0.31486941
489	485	2670	0.63420994	0.17654997
498	486	2671	0.87566933	3.0495903
499	489	2672	0.81204026	2.1534238
