label	xPos	yPos	vote	north
0	0	0	0	0
1	-3.830496	-1.901692	0	0
2	3.988495	-1.965906	0	0
3	-3.656488	-2.042903	0	0
4	3.423183	2.384703	0	0
5	4.272665	-0.1358169	0	0
6	-1.258592	-3.052369	0	0
7	-0.409708	4.90122	0	0
8	4.116988	-0.4730073	0	0
9	-0.9134289	-3.93132	0	0
10	3.6138	2.346201	0	0
11	-3.639944	0.592454	0	0
12	3.609366	2.149512	0	0
13	4.185739	0.5554055	0	0
14	0.6477588	-5.022871	0	0
15	-0.9363449	-0.9416119	0	0
16	-2.937317	2.445582	0	0
17	-1.504379	4.658819	0	0
18	-0.8997999	-3.072489	0	0
19	-2.347194	2.172661	0	0
20	-1.392598	-4.652342	0	0
21	3.86501	1.960838	0	0
22	2.962952	3.43118	0	0
23	2.936464	-3.340691	0	0
24	-3.861052	-0.7502008	0	0
25	-2.146327	-3.931387	0	0
26	2.064806	-1.526132	0	0
27	3.783507	-2.022013	0	0
28	0.410499	4.436219	0	0
29	3.869431	1.854845	0	0
30	-3.532955	1.364732	0	0
31	3.548742	-2.047906	0	0
32	-3.719105	-0.4048595	0	0
33	-0.4432444	-1.327485	0	0
34	2.750734	-0.8760716	0	0
35	-2.328225	-0.3502222	0	0
36	-1.08619	-1.783642	0	0
37	-1.541056	4.360672	0	0
38	-3.77725	-0.7882238	0	0
39	-2.072318	4.436459	0	0
40	4.221058	0.6457504	0	0
41	3.335709	2.116278	0	0
42	3.068902	0.4839254	0	0
43	2.89572	0.0003843496	0	0
44	-2.926306	-0.2893959	0	0
45	-2.559466	3.798761	0	0
46	-3.576897	-1.092413	0	0
47	-3.585121	-1.049652	0	0
48	4.026399	-1.107902	0	0
49	1.119353	-5.236259	0	0
50	3.250703	-0.2082093	0	0
51	-3.110066	-2.410366	0	0
52	3.595194	0.2957932	0	0
53	-3.193694	2.419996	0	0
54	1.193261	-4.073547	0	0
55	-0.4997078	-6.015549	0	0
56	3.562177	-1.135987	0	0
57	3.626087	-2.497146	0	0
58	2.581146	3.912471	0	0
59	-3.706315	0.1921975	0	0
60	3.212747	-2.964241	0	0
61	-3.848697	-0.7065376	0	0
62	3.233999	-1.617427	0	0
63	-1.296531	-3.459657	0	0
64	4.167978	-1.289629	0	0
65	-3.704641	0.3339129	0	0
66	-3.202448	1.880031	0	0
67	-1.233946	-4.691832	0	0
68	0.2731537	-5.750955	0	0
69	3.859157	1.669995	0	0
70	3.395483	1.034693	0	0
71	-0.5993852	4.678637	0	0
72	-3.386691	-1.701289	0	0
73	-3.530757	-1.486576	0	0
74	-1.848967	-3.757106	0	0
75	0.006609579	-5.698236	0	0
76	3.601898	1.03042	0	0
77	3.972205	0.5721309	0	0
78	2.359015	3.91378	0	0
79	-0.1748616	-6.03036	0	0
80	-3.125699	2.929764	0	0
81	-0.4837169	-5.986275	0	0
82	-1.392601	3.615187	0	0
83	-0.9958786	-1.036264	0	0
84	3.157189	2.003589	0	0
85	-0.4261048	4.913513	0	0
86	3.695522	1.668061	0	0
87	3.778603	-1.717122	0	0
88	3.460754	1.21286	0	0
89	2.652836	3.411091	0	0
90	-0.873814	-2.423766	0	0
91	2.395766	-3.273521	0	0
92	0.3249236	-5.106737	0	0
93	3.709223	-2.273415	0	0
94	-3.049587	2.159554	0	0
95	-2.498065	3.643675	0	0
96	-1.631169	4.510582	0	0
97	3.517142	-0.3423119	0	0
98	0.0596681	-2.29977	0	0
99	-1.082539	4.677442	0	0
100	-0.4569627	4.911455	0	0
101	-2.571606	1.599878	0	0
102	3.918373	-0.3342747	0	0
103	-0.05846625	-4.776879	0	0
104	-1.081508	-0.8819346	0	0
105	-1.295654	-4.088737	0	0
106	-3.748379	0.05526047	0	0
107	-3.229096	-2.76628	0	0
108	-3.374488	1.21348	0	0
109	-3.08888	2.447373	0	0
110	-3.847339	-0.06038429	0	0
111	-2.402757	3.261221	0	0
112	4.300922	-0.1695678	0	0
113	4.008312	1.556348	0	0
114	-3.386911	-2.65052	0	0
115	-2.940118	3.052941	0	0
116	3.393593	-0.06021276	0	0
117	3.7663	-2.304049	0	0
118	1.523603	3.990771	0	0
119	-1.861196	-4.182822	0	0
120	4.023847	-0.2715521	0	0
121	0.7215897	4.685837	0	0
122	3.689047	0.8229455	0	0
123	-2.224751	-3.125294	0	0
124	4.275889	-0.1004494	0	0
125	-3.417204	-1.033104	0	0
126	-2.027728	4.169392	0	0
127	-0.01026771	4.185385	0	0
128	-2.737139	-3.370525	0	0
129	-3.162048	-2.307593	0	0
130	-3.216448	-1.910557	0	0
131	3.324211	0.9692075	0	0
132	3.896324	-1.837433	0	0
133	-2.811935	-3.056588	0	0
134	-2.385432	1.093191	0	0
135	-0.1120648	-2.329472	0	0
136	-3.899449	-1.638427	0	0
137	2.743269	-3.443689	0	0
138	-2.923571	2.698271	0	0
139	-2.188724	3.758605	0	0
140	-1.216882	-5.289001	0	0
141	4.075362	1.217997	0	0
142	-0.6435012	-4.278342	0	0
143	3.010237	3.027286	0	0
144	-3.758331	-0.1603373	0	0
145	-3.513212	-2.473367	0	0
146	-1.968735	4.207832	0	0
147	-2.849965	-0.4987652	0	0
148	-1.403432	4.321336	0	0
149	4.1279	0.9964866	0	0
150	-0.4366665	-1.341729	0	0
151	0.6223968	-5.897183	0	0
152	-0.5187198	4.088897	0	0
153	-1.482863	4.56636	0	0
154	1.42212	4.321598	0	0
155	1.588724	-3.960147	0	0
156	2.937436	0.2185386	0	0
157	-0.665534	4.278826	0	0
158	-2.071967	4.19413	0	0
159	-3.143878	0.8689266	0	0
160	0.549435	-1.117998	0	0
161	-1.240524	-4.677589	0	0
162	2.620626	3.764746	0	0
163	3.715801	-2.287658	0	0
164	3.497577	1.973703	0	0
165	-1.698969	0.1024943	0	0
166	3.251524	1.283661	0	0
167	-0.1283633	-6.155114	0	0
168	0.05472867	-4.694058	0	0
169	-3.18267	-2.123318	0	0
170	-3.122173	1.327753	0	0
171	3.432138	-0.5150688	0	0
172	3.715801	-2.287658	0	0
173	3.578789	-2.237334	0	0
174	-0.1734433	-1.173931	0	0
175	1.736919	3.964413	0	0
176	2.75797	3.49494	0	0
177	-1.681055	0.3554992	0	0
178	-0.5039865	-6.161507	0	0
179	3.341481	-2.805139	0	0
180	-2.686231	-0.2209636	0	0
181	-0.9862073	-4.378721	0	0
182	4.008758	-1.653064	0	0
183	-2.206442	3.81782	0	0
184	-3.811509	-0.6728296	0	0
185	-2.097649	-3.122707	0	0
186	-3.280996	-2.705308	0	0
187	-3.08472	2.34697	0	0
188	3.540845	1.268982	0	0
189	3.491256	1.184545	0	0
190	2.749847	-3.457933	0	0
191	3.402738	2.281122	0	0
192	-1.901319	4.229409	0	0
193	-2.888827	-0.5631797	0	0
194	3.044286	-1.226485	0	0
195	3.1964	-1.132088	0	0
196	0.3012812	-4.495324	0	0
197	3.395397	2.267187	0	0
198	-3.694785	-0.1640548	0	0
199	4.282467	-0.1146928	0	0
200	3.521323	1.063905	0	0
201	-3.641378	-0.1285386	0	0
202	-3.733702	0.09363912	0	0
203	-3.743567	-0.6874227	0	0
204	-3.5635	-2.047549	0	0
205	-3.791091	-0.7376484	0	0
206	0.5120767	-5.656666	0	0
207	3.388819	2.281431	0	0
208	-3.806442	-1.584065	0	0
209	-0.4784633	5.06903	0	0
210	-1.476453	-3.919165	0	0
211	-2.612309	1.654776	0	0
212	-3.633877	0.1467672	0	0
213	-3.719338	-0.008396372	0	0
214	-3.137557	-2.638779	0	0
215	2.842606	-0.9196339	0	0
216	-0.3442236	-6.116088	0	0
217	4.10764	1.167327	0	0
218	-2.748041	-0.003733669	0	0
219	3.924528	0.8414011	0	0
220	2.681384	3.558835	0	0
221	-3.585884	1.393991	0	0
222	-0.4478464	-4.391209	0	0
223	-1.527675	-3.846232	0	0
224	-2.195392	-0.157387	0	0
225	-1.455126	-0.3998541	0	0
226	2.628053	3.84361	0	0
227	-3.330123	-2.587469	0	0
228	-3.763286	-0.9164929	0	0
229	1.470013	-4.249138	0	0
230	-3.29451	1.996847	0	0
231	-3.63878	0.5295952	0	0
232	-2.497239	-2.825103	0	0
233	-2.731807	3.772323	0	0
234	2.116521	3.874709	0	0
235	3.310732	1.655485	0	0
236	-3.132293	2.461198	0	0
237	-2.055136	3.67286	0	0
238	-0.5033086	-4.345309	0	0
239	3.368616	3.100458	0	0
240	-0.4581021	5.002084	0	0
241	4.185088	0.8165831	0	0
242	3.503041	0.2236725	0	0
243	2.466365	-0.6504931	0	0
244	4.07352	-0.006336354	0	0
245	4.022477	1.202475	0	0
246	-2.843702	2.675232	0	0
247	1.333093	4.267037	0	0
248	0.6404379	4.846224	0	0
249	0.1679236	-4.611237	0	0
250	-2.55066	3.235721	0	0
251	0.2338081	4.242323	0	0
252	3.965806	1.484261	0	0
253	0.4585468	-1.882712	0	0
254	-0.4341446	4.965304	0	0
255	-0.6989634	-4.232442	0	0
256	-1.036277	4.711651	0	0
257	4.418203	-0.7442952	0	0
258	-1.479795	-3.725541	0	0
259	-0.4021473	4.876734	0	0
260	2.628367	3.722509	0	0
261	-2.132918	2.815194	0	0
262	1.353455	-4.297266	0	0
263	-3.558062	1.780214	0	0
264	-0.2469986	-5.87964	0	0
265	3.465902	-0.7024786	0	0
266	3.659363	-1.914635	0	0
267	-0.003689794	4.171142	0	0
268	2.630803	3.599895	0	0
269	-2.365382	-2.827555	0	0
270	4.026427	1.458341	0	0
271	-3.768011	-0.1153863	0	0
272	-3.492648	0.739878	0	0
273	3.004521	3.016594	0	0
274	-3.460342	1.603382	0	0
275	-3.795376	-0.3835838	0	0
276	1.807189	-3.984623	0	0
277	3.584603	1.391458	0	0
278	-0.5104606	5.1576	0	0
279	3.59224	-2.57999	0	0
280	2.971266	-2.2778	0	0
281	0.8403385	-4.423549	0	0
282	0.08327167	-6.128304	0	0
283	2.031721	3.990161	0	0
284	-0.3416499	-1.041575	0	0
285	0.9518943	4.23471	0	0
286	0.02782216	4.700021	0	0
287	-1.675751	4.411906	0	0
288	4.12514	1.155188	0	0
289	2.544903	-1.521374	0	0
290	3.864229	1.617676	0	0
291	-2.200405	-3.619596	0	0
292	3.828165	1.948763	0	0
293	-1.656557	0.4647307	0	0
294	3.257375	1.393121	0	0
295	-0.9735261	3.970328	0	0
296	-2.965447	3.005726	0	0
297	1.945561	-1.250741	0	0
298	-0.4142027	-2.044165	0	0
299	-1.769649	4.113747	0	0
300	1.248628	-4.279462	0	0
301	-3.424427	-2.509777	0	0
302	-3.290858	1.774467	0	0
303	-1.833337	0.4963252	0	0
304	3.249967	2.491102	0	0
305	2.053563	-3.934866	0	0
306	4.078312	1.480826	0	0
307	-3.611038	-2.142477	0	0
308	-1.682329	4.426149	0	0
309	-3.010333	2.58771	0	0
310	-3.260338	0.5601129	0	0
311	-3.706839	-0.04749753	0	0
312	1.564051	4.009618	0	0
313	-3.119361	-0.658146	0	0
314	-2.085698	0.7407384	0	0
315	2.55625	3.728865	0	0
316	1.835753	-3.792385	0	0
317	0.7654545	4.598521	0	0
318	4.065707	-1.61928	0	0
319	2.819168	-3.279464	0	0
320	-3.17644	2.687398	0	0
321	1.137978	-5.165686	0	0
322	4.085338	-1.537435	0	0
323	-3.080323	2.490833	0	0
324	-3.892655	-1.427843	0	0
325	2.847243	2.571451	0	0
326	-3.680167	-0.6356544	0	0
327	-3.086764	0.7335151	0	0
328	1.557248	-0.9093062	0	0
329	3.247336	-0.1291281	0	0
330	-3.831697	-1.27136	0	0
331	0.3315015	-5.120981	0	0
332	-3.303431	2.415964	0	0
333	-2.544082	3.221478	0	0
334	1.650485	3.987016	0	0
335	3.610331	-0.5057816	0	0
336	-3.481614	-2.193652	0	0
337	-2.256	-3.19854	0	0
338	-3.618492	0.5510949	0	0
339	-3.032025	2.152805	0	0
340	-0.4388332	4.797972	0	0
341	-3.029836	-1.862495	0	0
342	3.178398	-1.547194	0	0
343	-2.039071	0.6241602	0	0
344	-3.508211	1.046329	0	0
345	-2.173172	4.284336	0	0
346	2.730759	-0.1316373	0	0
347	-2.710687	-3.405052	0	0
348	2.025143	4.004404	0	0
349	3.436916	-2.740902	0	0
350	-3.239712	1.849705	0	0
351	-0.2464613	4.789559	0	0
352	-2.312731	4.127465	0	0
353	-2.747489	-2.490888	0	0
354	2.866427	3.507128	0	0
355	-2.403551	3.745123	0	0
356	-2.442823	0.3647676	0	0
357	2.151957	3.701502	0	0
358	3.305248	0.9322915	0	0
359	-3.772232	-0.6846211	0	0
360	3.244518	3.042371	0	0
361	-1.158163	3.776316	0	0
362	-1.209774	-4.116659	0	0
363	-1.090326	-3.711399	0	0
364	-2.426537	0.9342874	0	0
365	3.344859	0.872509	0	0
366	3.168774	2.52188	0	0
367	2.906177	-1.969057	0	0
368	-2.094393	4.205028	0	0
369	-2.757647	0.4122101	0	0
370	1.148055	-4.222393	0	0
371	2.859849	3.521371	0	0
372	-3.844959	-0.8839121	0	0
373	2.124176	-1.513611	0	0
374	-3.743807	-1.785564	0	0
375	3.295966	-1.218056	0	0
376	0.8536373	4.095813	0	0
377	1.020065	4.126912	0	0
378	2.848649	-1.478447	0	0
379	4.051265	-0.4761019	0	0
380	0.4196911	-1.950451	0	0
381	-0.5258442	-4.479046	0	0
382	-3.223037	2.192281	0	0
383	1.439376	-5.163776	0	0
384	-3.190165	-0.08640307	0	0
385	2.130753	-1.527855	0	0
386	-1.22099	-1.148848	0	0
387	3.950622	-0.7823807	0	0
388	-3.412766	-0.1968481	0	0
389	-3.08316	-1.145107	0	0
390	3.13716	-1.470801	0	0
391	3.514745	1.078149	0	0
392	-1.698976	0.2320244	0	0
393	0.4792113	-6.067516	0	0
394	3.954868	-0.438417	0	0
395	-3.488502	-2.266502	0	0
396	-3.550492	-1.798553	0	0
397	-1.543592	-3.468342	0	0
398	4.275395	-1.194121	0	0
399	-1.705554	0.2462678	0	0
400	-2.058545	3.70622	0	0
401	-3.103488	-2.42461	0	0
402	3.429761	2.37046	0	0
403	-1.776476	3.151845	0	0
404	-1.949736	4.352217	0	0
405	-0.318653	-4.395403	0	0
406	-3.286316	2.502884	0	0
407	-3.073032	2.527652	0	0
408	3.824299	-1.747185	0	0
409	3.961241	-1.43149	0	0
410	-2.766763	3.116943	0	0
411	-2.211277	4.178964	0	0
412	0.7287107	-4.370915	0	0
413	-1.369221	4.172068	0	0
414	-3.325032	0.5670326	0	0
415	2.238391	3.6789	0	0
416	-2.291841	0.930982	0	0
417	-1.632443	-0.5562589	0	0
418	3.638001	1.753025	0	0
419	4.269441	-0.1711845	0	0
420	3.772877	-2.318293	0	0
421	-0.6018522	4.796601	0	0
422	3.725629	0.832428	0	0
423	4.032101	-1.169544	0	0
424	-1.489264	-3.935819	0	0
425	-0.4654266	-6.117204	0	0
426	3.072971	0.7838392	0	0
427	3.337713	1.410956	0	0
428	3.438863	0.5814373	0	0
429	3.629003	-0.6608726	0	0
430	-3.166497	2.587975	0	0
431	3.168757	3.16984	0	0
432	3.291168	-0.9444799	0	0
433	3.44142	-0.609629	0	0
434	0.8970089	-4.342548	0	0
435	0.5494397	-1.412685	0	0
436	-3.638589	-2.237486	0	0
437	2.949639	0.4404698	0	0
438	-2.825888	0.3692324	0	0
439	4.038679	-1.183787	0	0
440	4.365489	-0.8772193	0	0
441	3.242446	1.356485	0	0
442	-3.56464	1.794457	0	0
443	3.140173	0.5494111	0	0
444	4.255171	-1.040358	0	0
445	-2.607306	-0.3956838	0	0
446	3.3749	2.28174	0	0
447	-3.169678	3.164448	0	0
448	-3.303019	-2.677214	0	0
449	3.143738	-1.485045	0	0
450	-3.825563	-1.736117	0	0
451	1.493655	-4.860551	0	0
452	1.595302	-3.974391	0	0
453	3.731357	-0.3930638	0	0
454	2.461571	3.045372	0	0
455	-3.189248	-2.109075	0	0
456	-1.079612	-1.797885	0	0
457	-2.730561	-3.384768	0	0
458	4.050314	1.495212	0	0
459	-3.717477	-0.1320966	0	0
460	-3.842919	-0.648631	0	0
461	0.8027415	4.525449	0	0
462	-0.5158202	4.731183	0	0
463	-0.8411451	-4.312691	0	0
464	3.030409	-3.115621	0	0
465	-3.294873	2.459424	0	0
466	4.111602	1.240432	0	0
467	4.237246	-0.8136457	0	0
468	3.967068	0.5505247	0	0
469	1.322564	-4.040749	0	0
470	-2.75763	-3.170041	0	0
471	-2.422845	3.267176	0	0
472	3.054537	0.8187166	0	0
473	4.191665	0.8023397	0	0
474	-2.692797	-3.057158	0	0
475	-3.703945	0.1791284	0	0
476	-0.6349224	-5.739777	0	0
477	-3.611791	0.4912058	0	0
478	3.395001	-2.798804	0	0
479	-1.610767	4.230263	0	0
480	3.149949	-0.9843755	0	0
481	3.91707	1.303203	0	0
482	-3.103488	-2.42461	0	0
483	-2.577396	3.065413	0	0
484	-2.676282	-3.081543	0	0
