label	xPos	yPos	vote	north
0	0	0	0	0
1	1.282243	4.054225	0	0
2	3.329384	3.769474	0	0
3	-0.1670028	-0.8647487	0	0
4	6.01651	-1.015663	0	0
5	-5.665471	-0.1902968	0	0
6	3.514506	-0.9407788	0	0
7	-4.103045	1.913881	0	0
8	4.81661	2.972367	0	0
9	-0.414737	5.968248	0	0
10	-4.69157	-0.5219454	0	0
11	1.074343	-5.772318	0	0
12	-1.436357	3.677813	0	0
13	-0.7105116	5.048251	0	0
14	0.2748466	-5.701217	0	0
15	2.82434	5.088214	0	0
16	5.647913	1.858623	0	0
17	3.72941	-4.807202	0	0
18	-5.09428	3.95529	0	0
19	-5.913381	-1.333007	0	0
20	0.6455953	5.172435	0	0
21	5.742244	-1.930625	0	0
22	-3.663171	-1.035682	0	0
23	-4.879342	-2.584518	0	0
24	-2.556161	3.854458	0	0
25	3.128602	-0.1174586	0	0
26	-5.810711	2.321305	0	0
27	2.295934	-4.551646	0	0
28	2.929267	3.902671	0	0
29	0.1722927	-5.032703	0	0
30	3.10602	-5.096864	0	0
31	-2.748591	-2.082719	0	0
32	-4.93443	-3.023906	0	0
33	2.693774	4.820809	0	0
34	-2.556373	-2.569586	0	0
35	-6.090647	0.05191628	0	0
36	-5.730197	2.01609	0	0
37	2.860049	-3.072321	0	0
38	-6.068454	0.4875577	0	0
39	-1.576344	-3.069353	0	0
40	1.954702	3.146516	0	0
41	0.981843	5.151966	0	0
42	2.440145	5.210232	0	0
43	3.574112	-4.628058	0	0
44	3.837148	2.128224	0	0
45	4.398651	4.017796	0	0
46	-5.313585	-3.029772	0	0
47	-4.43706	-2.057328	0	0
48	-2.388698	5.134127	0	0
49	5.030711	0.6065179	0	0
50	3.281762	3.152041	0	0
51	-2.579275	5.846561	0	0
52	-0.06107488	-4.751162	0	0
53	1.258513	3.994955	0	0
54	3.448068	-0.8291001	0	0
55	-4.417033	5.311017	0	0
56	5.758535	1.686572	0	0
57	0.7242006	4.439489	0	0
58	3.720003	-4.552684	0	0
59	2.885769	3.580314	0	0
60	-5.717253	-2.715854	0	0
61	-5.720259	-2.864442	0	0
62	-4.014576	-4.447178	0	0
63	-3.439748	-2.305593	0	0
64	3.417822	-4.505137	0	0
65	4.647388	2.354794	0	0
66	1.57481	-5.853321	0	0
67	-5.84169	0.9070613	0	0
68	-0.1265967	5.860271	0	0
69	0.5726526	-5.244206	0	0
70	2.236608	-2.877878	0	0
71	3.928832	-4.241979	0	0
72	-5.449072	0.9726209	0	0
73	5.507979	1.678822	0	0
74	0.6326466	5.11475	0	0
75	-5.299418	-2.609441	0	0
76	-3.84296	-4.100753	0	0
77	-1.100242	2.068688	0	0
78	4.168792	2.700867	0	0
79	1.296891	4.007497	0	0
80	-5.047234	-2.119314	0	0
81	5.715235	-2.085432	0	0
82	-3.232597	-5.430011	0	0
83	3.094011	-1.724826	0	0
84	4.490092	2.464858	0	0
85	-2.130236	3.336894	0	0
86	2.670989	-2.664232	0	0
87	-1.740888	-5.588869	0	0
88	2.234069	-5.624983	0	0
89	-4.434142	4.014455	0	0
90	-2.766454	5.337057	0	0
91	3.078924	2.14428	0	0
92	-4.548772	1.617932	0	0
93	-3.423035	4.780751	0	0
94	-1.134809	-5.310828	0	0
95	2.161081	-1.99733	0	0
96	3.367176	-4.128336	0	0
97	-0.5309847	4.44073	0	0
98	-5.547237	-1.082477	0	0
99	5.521352	-1.329098	0	0
100	0.00817014	-2.9726	0	0
101	0.6179814	-5.739618	0	0
102	5.988012	0.4107871	0	0
103	0.003002398	-5.03119	0	0
104	5.704795	-1.70736	0	0
105	-3.73972	-5.104494	0	0
106	-4.636966	-0.1850677	0	0
107	6.129285	-0.8792426	0	0
108	4.572155	-2.072995	0	0
109	1.251657	4.644499	0	0
110	-0.6855717	5.239867	0	0
111	2.016207	-5.69407	0	0
112	3.191927	-4.033037	0	0
113	3.229597	-4.744977	0	0
114	1.028405	-3.649937	0	0
115	1.887558	-3.786548	0	0
116	-5.279104	-2.377849	0	0
117	2.166545	1.648303	0	0
118	-4.377663	5.053294	0	0
119	0.4100892	-3.581836	0	0
120	0.2371473	3.459763	0	0
121	0.2324658	4.778678	0	0
122	-0.1459261	-5.952896	0	0
123	2.694231	2.168834	0	0
124	1.500938	-5.590409	0	0
125	3.522368	3.092024	0	0
126	-4.471879	-4.47959	0	0
127	3.484644	-3.8516	0	0
128	0.8018166	4.773867	0	0
129	-0.6491868	2.850303	0	0
130	3.531184	-4.730526	0	0
131	5.25074	0.4119591	0	0
132	4.805423	2.522838	0	0
133	1.134255	4.898271	0	0
134	-1.208954	5.290859	0	0
135	-0.5781844	-5.77197	0	0
136	-1.415672	-4.103298	0	0
137	5.108838	3.186428	0	0
138	-4.515602	-4.575661	0	0
139	5.753804	-1.339369	0	0
140	3.247616	4.39357	0	0
141	-0.7108143	-4.66919	0	0
142	0.4837143	-1.531665	0	0
143	1.69809	5.653108	0	0
144	-4.934955	-3.925192	0	0
145	-4.7017	4.512491	0	0
146	-5.372235	3.29964	0	0
147	3.602235	2.029005	0	0
148	4.998311	2.033742	0	0
149	3.846994	4.927122	0	0
150	3.154986	4.063936	0	0
151	4.341154	0.6084216	0	0
152	-1.808915	4.666125	0	0
153	-1.292057	-4.109136	0	0
154	4.001519	-1.758888	0	0
155	-1.532319	-2.670609	0	0
156	2.68667	4.588249	0	0
157	1.467501	4.264435	0	0
158	0.7203201	-4.320664	0	0
159	-0.6851131	-3.808273	0	0
160	5.904562	-1.444123	0	0
161	-5.446506	-3.105836	0	0
162	1.324581	-1.577685	0	0
163	-0.2904176	-1.922894	0	0
164	-3.269895	-4.574092	0	0
165	5.338316	0.8264542	0	0
166	2.099142	5.406145	0	0
167	3.220666	-5.216112	0	0
168	0.8511472	-5.442265	0	0
169	0.003284228	-5.913979	0	0
170	4.070103	4.652885	0	0
171	0.1643338	5.826423	0	0
172	-0.7673912	0.5635076	0	0
173	-0.9029259	-0.4173484	0	0
174	-1.970297	-4.378342	0	0
175	1.892032	-5.220845	0	0
176	0.7018929	5.732092	0	0
177	-2.866726	5.653111	0	0
178	-3.111428	5.442278	0	0
179	-3.730762	-4.924638	0	0
180	4.420273	2.72103	0	0
181	5.429914	-0.7233744	0	0
182	3.518006	0.2073603	0	0
183	2.961442	-4.434655	0	0
184	-4.989045	-1.78011	0	0
185	0.7741418	-5.471826	0	0
186	-2.726763	-4.538696	0	0
187	-2.710301	1.135624	0	0
188	4.588345	2.85114	0	0
189	5.980455	-1.54849	0	0
190	-4.214057	-4.501073	0	0
191	-4.886313	4.111053	0	0
192	1.833866	-5.498118	0	0
193	0.6499737	-5.926129	0	0
194	-1.771355	-2.146822	0	0
195	-3.159193	4.892415	0	0
196	0.4908919	-3.742596	0	0
197	2.948292	4.787815	0	0
198	-5.001481	-0.7982071	0	0
199	-3.416882	-0.6153278	0	0
200	2.486047	-2.265643	0	0
201	0.5473239	0.06750418	0	0
202	-1.789718	-5.683993	0	0
203	5.957331	0.1368349	0	0
204	4.074097	-2.695591	0	0
205	-3.517694	4.954002	0	0
206	5.028737	2.084997	0	0
207	-1.248873	5.630453	0	0
208	4.287824	1.276338	0	0
209	2.33743	4.362421	0	0
210	1.021199	3.492351	0	0
211	1.460778	-3.644044	0	0
212	5.307333	-2.55067	0	0
213	0.7270352	5.531473	0	0
214	-4.999657	2.436204	0	0
215	-1.209343	-5.526631	0	0
216	-1.29354	1.475799	0	0
217	-1.602508	0.3460461	0	0
218	3.018215	4.7148	0	0
219	4.369664	4.045632	0	0
220	1.954755	-4.85322	0	0
221	-1.193283	3.984647	0	0
222	-3.95272	-5.040498	0	0
223	2.490041	-5.274015	0	0
224	2.740737	3.719218	0	0
225	0.6720009	-5.611847	0	0
226	0.04015355	0.1544523	0	0
227	-5.460099	-2.156602	0	0
228	4.34533	4.323828	0	0
229	4.094337	1.860595	0	0
230	-2.419128	3.674511	0	0
231	-2.857423	-3.557192	0	0
232	5.81249	-0.7647875	0	0
233	6.187322	-0.009433053	0	0
234	0.9279859	0.1861825	0	0
235	0.5065947	3.272519	0	0
236	4.943565	-2.69609	0	0
237	-5.905519	1.324521	0	0
238	-5.888785	-0.6419584	0	0
239	-4.741244	3.758932	0	0
240	-2.89507	2.977742	0	0
241	-1.848942	-4.015533	0	0
242	1.854429	4.174041	0	0
243	5.597088	1.968439	0	0
244	-3.987944	-3.101759	0	0
245	1.280945	-0.2996065	0	0
246	4.809944	-1.17822	0	0
247	4.437555	-2.241778	0	0
248	5.41999	-2.109218	0	0
249	5.325305	2.571183	0	0
250	-1.835994	4.002792	0	0
251	-0.5275186	-5.594438	0	0
252	5.083098	0.8947693	0	0
253	-2.62115	-5.443293	0	0
254	-3.594852	0.946478	0	0
255	5.943664	1.521775	0	0
256	5.29348	-2.507503	0	0
257	1.893741	3.009874	0	0
258	3.911455	3.964399	0	0
259	-1.322598	-1.31742	0	0
260	2.259182	4.410288	0	0
261	3.219862	-1.941011	0	0
262	-4.687754	0.3645716	0	0
263	6.14626	0.787121	0	0
264	1.237728	-4.629062	0	0
265	3.601781	1.684235	0	0
266	-0.3343729	5.887825	0	0
267	4.062533	-0.2957447	0	0
268	4.123498	3.977773	0	0
269	-3.99044	5.156007	0	0
270	-4.921302	-3.526734	0	0
271	-2.24733	-3.478252	0	0
272	-4.57051	2.863436	0	0
273	-4.786648	-4.189043	0	0
274	6.246388	-0.08070793	0	0
275	0.4695122	1.772477	0	0
276	4.416902	-4.113134	0	0
277	-0.4526643	1.202891	0	0
278	5.132717	-2.376011	0	0
279	1.498794	5.572226	0	0
280	-0.3523703	3.939829	0	0
281	1.343634	-2.461173	0	0
282	-4.67462	-1.765857	0	0
283	-3.283931	-4.951388	0	0
284	-2.475791	4.37675	0	0
285	-5.713739	-0.09476433	0	0
286	-1.691427	-5.296066	0	0
287	2.295247	3.162135	0	0
288	-1.698899	-4.723532	0	0
289	5.750583	1.884993	0	0
290	5.596061	1.02193	0	0
291	-3.450168	1.92722	0	0
292	3.660344	-2.25343	0	0
293	4.931592	-0.2322218	0	0
294	0.6614269	-3.295694	0	0
295	1.660496	1.497221	0	0
296	-5.136091	2.489566	0	0
297	3.800636	4.733618	0	0
298	-0.1980552	-5.582485	0	0
299	1.712626	-2.093125	0	0
300	-2.729801	-1.424733	0	0
301	6.002563	-0.8862754	0	0
302	4.160853	1.903647	0	0
303	1.149558	4.358648	0	0
304	2.92911	2.702497	0	0
305	2.335196	4.671591	0	0
306	1.803366	-3.522171	0	0
307	-4.078882	-1.372123	0	0
308	0.990425	-1.049014	0	0
309	3.811571	-1.873416	0	0
310	2.397204	-5.514426	0	0
311	-5.437584	2.802056	0	0
312	-4.623278	4.367299	0	0
313	-3.074347	-5.809506	0	0
314	-5.366284	3.497115	0	0
315	-2.329242	0.1743043	0	0
316	4.23161	2.165456	0	0
317	-1.580279	-5.889551	0	0
318	-4.742937	-4.099143	0	0
319	0.6988044	-3.003068	0	0
320	-0.9118345	5.592269	0	0
321	-5.522603	-1.639375	0	0
322	0.9106918	4.527159	0	0
323	-4.387601	-4.398953	0	0
324	-1.16119	-4.891603	0	0
325	-0.8762934	-1.427756	0	0
326	0.5038767	-4.800434	0	0
327	1.406894	-5.677102	0	0
328	-4.494386	4.361962	0	0
329	-3.862281	0.0987194	0	0
330	-4.86824	4.370231	0	0
331	-5.048152	-4.122274	0	0
332	-3.842144	-5.083627	0	0
333	-3.667579	-5.151725	0	0
334	0.400023	4.47161	0	0
335	-5.692412	-1.438411	0	0
336	1.339198	5.518353	0	0
337	3.261402	4.333241	0	0
338	0.4861212	-4.634665	0	0
339	5.783364	-0.9196756	0	0
340	-3.216874	5.038789	0	0
341	-2.925836	-5.832241	0	0
342	3.312027	4.705145	0	0
343	-0.7005522	-5.017785	0	0
344	-1.103242	-5.681094	0	0
345	-3.048542	4.539618	0	0
346	3.090037	0.6603738	0	0
347	2.185626	3.629666	0	0
348	-1.884907	-3.267532	0	0
349	2.173779	5.061124	0	0
350	-4.334921	-2.252425	0	0
351	-5.663686	-2.930089	0	0
352	-1.971376	5.70873	0	0
353	4.64403	-0.1981195	0	0
354	-0.7600976	5.192303	0	0
355	0.8144589	4.409418	0	0
356	2.099179	-5.06606	0	0
357	-2.533584	-2.148564	0	0
358	-0.9804655	4.551245	0	0
359	-0.1045293	-4.262641	0	0
360	4.685561	3.768117	0	0
361	2.38361	5.225605	0	0
362	-4.637451	-4.531416	0	0
363	5.309126	-2.911586	0	0
364	3.775754	0.03259209	0	0
365	-4.133284	5.443899	0	0
366	-4.194698	-4.80471	0	0
367	1.826231	-3.976891	0	0
368	-5.393396	-2.420886	0	0
369	3.970741	-4.352376	0	0
370	5.618784	-1.700435	0	0
371	-5.281787	1.885842	0	0
372	-3.704771	-1.476573	0	0
373	-2.293206	-5.81039	0	0
374	3.111396	-2.442792	0	0
375	0.7080505	-3.79346	0	0
376	-1.220689	5.928922	0	0
377	4.53045	3.021578	0	0
378	1.833265	0.5460086	0	0
379	-1.539564	-5.373881	0	0
380	-1.3002	4.943756	0	0
381	5.913127	1.638293	0	0
382	4.97949	0.5531286	0	0
383	-5.89392	-1.335832	0	0
384	-2.219822	-3.154431	0	0
385	-1.881475	6.014447	0	0
386	-5.53701	2.163473	0	0
387	1.297286	-2.860632	0	0
388	1.656736	4.954506	0	0
389	-0.2197839	5.585536	0	0
390	4.114354	4.003625	0	0
391	-0.6157813	5.953911	0	0
392	-3.184903	3.8968	0	0
393	-1.293324	5.392582	0	0
394	5.087356	2.300745	0	0
395	-4.300231	4.727322	0	0
396	3.49245	-2.399805	0	0
397	-3.0939	4.751945	0	0
398	5.342436	-2.752542	0	0
399	-0.8333243	5.805351	0	0
400	1.702281	4.693368	0	0
401	5.9767	-1.15714	0	0
402	-3.561275	4.460363	0	0
403	-3.619326	-4.511907	0	0
404	5.502576	-2.327283	0	0
405	1.513661	4.26996	0	0
406	2.444399	5.04057	0	0
407	-4.482988	4.763166	0	0
408	-4.573815	4.592792	0	0
409	0.4217612	-4.198362	0	0
410	5.248918	1.801177	0	0
411	-5.430484	-1.68416	0	0
412	-0.315032	1.716762	0	0
413	4.799531	2.50345	0	0
414	0.4373355	-5.63062	0	0
415	-4.786841	1.891337	0	0
416	-0.3733612	-4.716921	0	0
417	-1.672994	-3.617269	0	0
418	-3.692987	-3.571069	0	0
419	2.789691	-3.862456	0	0
420	0.5479131	-6.009738	0	0
421	-3.907341	1.084169	0	0
422	1.055194	3.42036	0	0
423	2.449419	-0.2220736	0	0
424	5.114226	-3.619742	0	0
425	3.629673	3.06458	0	0
426	6.004405	-1.559981	0	0
427	0.5249076	-5.793153	0	0
428	0.4068918	5.690926	0	0
429	-2.538933	4.316444	0	0
430	4.042298	-2.449808	0	0
431	4.700129	1.805402	0	0
432	-5.51937	-0.334348	0	0
433	-5.567873	-2.281637	0	0
434	-2.185077	0.1664243	0	0
435	-1.902322	-1.489801	0	0
436	5.564787	-2.514579	0	0
437	4.981776	3.654076	0	0
438	-3.88354	-3.010087	0	0
439	-3.984591	3.762762	0	0
440	1.5334	-5.632184	0	0
441	5.935831	1.333564	0	0
442	3.221167	4.841597	0	0
443	-5.42073	-3.335831	0	0
444	0.8284883	5.455346	0	0
445	-4.235382	-4.922103	0	0
446	-2.570014	-3.487219	0	0
447	-3.73082	4.193805	0	0
448	-1.69567	3.193664	0	0
449	-1.470976	5.931036	0	0
450	-4.314495	4.884661	0	0
451	-5.109004	-3.990891	0	0
452	-0.1192969	3.756398	0	0
453	-2.246484	4.50659	0	0
454	-0.4851553	-5.866755	0	0
455	5.927271	0.8641409	0	0
456	-2.918565	-5.657945	0	0
457	-4.89474	2.031876	0	0
458	1.763379	5.211488	0	0
459	-4.825769	2.827691	0	0
460	-2.632138	-5.753412	0	0
461	4.358271	3.988076	0	0
462	-2.990423	5.41238	0	0
463	-1.113523	3.790368	0	0
464	-4.08375	-2.767411	0	0
465	2.950348	1.64235	0	0
466	5.535428	1.960316	0	0
467	-2.858395	2.013348	0	0
468	-2.446467	-5.044749	0	0
469	-2.408804	5.782824	0	0
470	5.338545	-0.2529373	0	0
471	3.735335	2.044659	0	0
472	-3.323579	-2.974033	0	0
473	1.731548	5.142099	0	0
474	3.874714	-4.541528	0	0
475	-0.4418238	5.757573	0	0
476	-4.543691	-1.467407	0	0
477	-4.523834	-4.328966	0	0
478	-1.677985	-5.309586	0	0
479	4.619525	2.777032	0	0
480	2.354841	4.758665	0	0
481	-0.6065391	-4.660002	0	0
482	-1.103992	4.484116	0	0
483	0.3216586	-5.409452	0	0
484	-4.808001	4.334108	0	0
485	-2.954305	-2.98847	0	0
486	5.987088	1.185099	0	0
487	-5.123585	0.08474352	0	0
488	-2.314317	0.1578524	0	0
489	-2.682065	5.545623	0	0
490	4.356168	-2.968272	0	0
491	-1.747255	5.570195	0	0
492	-5.250019	-3.803486	0	0
493	1.709202	5.491901	0	0
494	-5.093441	2.764381	0	0
495	3.052468	-4.872598	0	0
496	1.574387	-4.811663	0	0
497	-0.3665627	-3.330644	0	0
498	-0.8232469	-5.541479	0	0
499	-4.859285	3.182412	0	0
500	-0.5397198	-5.491279	0	0
501	3.175284	-5.071891	0	0
502	2.121625	-4.067975	0	0
503	-6.07918	-0.4628211	0	0
504	3.048812	5.060825	0	0
505	5.32317	2.354261	0	0
506	3.694079	3.383275	0	0
507	4.846071	-2.841422	0	0
508	-6.143661	0.03128137	0	0
509	-5.199345	-2.146451	0	0
510	-4.085586	-3.972764	0	0
511	2.182747	-5.337563	0	0
512	-3.441842	0.8298913	0	0
513	1.416461	5.239285	0	0
514	-2.506613	4.952673	0	0
515	-0.5766454	-2.495466	0	0
516	-4.586206	2.546408	0	0
517	-3.305316	-2.103515	0	0
518	6.229951	0.5225073	0	0
519	4.283746	3.477856	0	0
520	1.446907	5.167805	0	0
521	-4.758812	-0.8100509	0	0
522	5.45032	1.465448	0	0
523	6.226898	-0.3353633	0	0
524	6.093498	-1.218988	0	0
525	3.144178	-4.697079	0	0
526	3.907924	2.511935	0	0
527	-5.092136	4.277452	0	0
528	-4.297554	-4.696508	0	0
529	5.750583	1.884993	0	0
530	-4.082771	0.5595834	0	0
531	5.618897	-2.178059	0	0
532	-3.285051	0.6780857	0	0
533	-0.9223349	-5.885201	0	0
534	-3.088656	-5.097354	0	0
535	4.283076	-4.706273	0	0
536	1.942775	5.048981	0	0
537	-2.6074	5.177832	0	0
538	4.931592	-3.510964	0	0
539	-1.759788	-5.013495	0	0
540	5.822286	-1.597458	0	0
541	-4.309971	-4.618997	0	0
542	-3.61912	1.444112	0	0
543	1.739306	-1.078944	0	0
544	4.226958	-4.545166	0	0
545	-5.197562	3.697661	0	0
546	1.032686	3.796829	0	0
547	1.956443	4.797823	0	0
548	5.875953	-1.236323	0	0
549	5.516115	1.892117	0	0
550	-3.788539	4.659224	0	0
551	-3.843907	-5.149167	0	0
552	-4.96001	-2.929592	0	0
553	-1.76552	-0.6666178	0	0
554	-2.792725	1.993235	0	0
555	-3.796701	3.522512	0	0
556	2.232775	2.91914	0	0
557	1.429697	2.859458	0	0
558	-1.314389	-3.809962	0	0
559	3.730817	0.640761	0	0
560	2.790791	-2.848583	0	0
561	4.729164	-1.560338	0	0
562	-5.680968	0.2717838	0	0
563	0.1505835	0.5671612	0	0
564	-5.865038	-1.830186	0	0
565	-6.087843	0.01188959	0	0
566	-2.414734	-5.565908	0	0
567	-3.13106	-2.773818	0	0
568	-4.664383	-0.1306787	0	0
569	-4.377459	-1.663154	0	0
570	2.45533	-2.214568	0	0
571	4.317327	-3.756455	0	0
572	5.126566	-3.348298	0	0
573	-2.850844	5.629667	0	0
574	-4.312037	1.699972	0	0
575	-5.797635	-2.009817	0	0
576	1.0192	-4.88313	0	0
577	6.146116	-0.6078532	0	0
578	-4.84231	3.463681	0	0
579	3.654957	3.756393	0	0
580	-3.773865	3.986832	0	0
581	-2.607149	-4.312157	0	0
582	5.394629	-2.300853	0	0
583	-4.624267	-2.615941	0	0
584	5.548915	0.1643064	0	0
585	-5.282957	1.136547	0	0
586	4.04599	2.30175	0	0
587	-3.250209	5.156445	0	0
588	-0.07897566	2.488855	0	0
589	3.770209	4.599648	0	0
590	-5.32385	-1.817515	0	0
591	-5.212129	-1.517293	0	0
592	4.992921	-3.045665	0	0
593	1.914163	-5.249778	0	0
594	-6.078677	0.4357892	0	0
595	1.859042	3.888002	0	0
596	-1.795061	-5.461565	0	0
597	4.248845	-3.457016	0	0
598	1.372252	-4.873766	0	0
599	5.41972	2.045499	0	0
600	1.802237	4.158837	0	0
601	-1.801691	6.099784	0	0
602	4.072526	-2.574262	0	0
603	1.09591	-5.883771	0	0
604	5.051191	-3.026707	0	0
605	5.631967	-2.570788	0	0
606	-3.715247	-2.124864	0	0
607	-0.2654313	4.571418	0	0
608	-4.959216	4.065911	0	0
609	-1.987506	-2.882351	0	0
610	2.687247	-5.200626	0	0
611	-1.2765	-4.628209	0	0
612	-2.583357	4.131953	0	0
613	2.439885	-3.323518	0	0
614	2.056578	5.190405	0	0
615	-4.993411	3.694701	0	0
616	1.182424	-5.871257	0	0
617	-5.705735	1.538518	0	0
618	-1.874696	1.882857	0	0
619	-1.806005	6.03733	0	0
620	5.571699	1.801449	0	0
621	-5.054107	1.098808	0	0
622	-4.287426	4.481467	0	0
623	4.364466	1.428985	0	0
624	-1.810784	5.863528	0	0
625	2.647289	-4.727308	0	0
626	0.4808806	-2.407143	0	0
627	-4.865885	-3.529295	0	0
628	-4.501492	-3.398241	0	0
629	5.892737	-1.733984	0	0
630	4.486968	0.2743552	0	0
631	-5.499205	0.3088791	0	0
632	-1.548163	2.702401	0	0
633	-3.269224	-4.892103	0	0
634	-3.241194	5.349073	0	0
635	-5.283628	-3.449283	0	0
636	0.754172	3.848584	0	0
637	-2.251725	-4.499925	0	0
638	2.792069	2.694542	0	0
639	-2.934075	-4.605654	0	0
640	-2.030024	3.894382	0	0
641	3.752418	4.697212	0	0
642	-5.055455	3.279809	0	0
643	3.804048	-0.9683445	0	0
644	3.368421	-3.12492	0	0
645	1.894379	-0.2400129	0	0
646	-5.147915	-2.55875	0	0
647	-3.534444	5.153688	0	0
648	4.927011	3.077182	0	0
649	-5.470783	-3.240261	0	0
650	3.069332	0.6126449	0	0
651	3.464668	-1.093967	0	0
652	-5.217065	1.831953	0	0
653	1.061114	5.093368	0	0
654	-3.717512	-1.654374	0	0
655	-1.355751	-5.635374	0	0
656	1.811768	2.610131	0	0
657	5.242557	1.962166	0	0
658	-5.200352	-3.958094	0	0
659	-5.997597	-0.6585212	0	0
660	-5.409556	-3.225766	0	0
661	-3.988473	-3.268872	0	0
662	3.97276	-1.24879	0	0
663	4.386553	2.747382	0	0
664	-2.529972	5.574885	0	0
665	4.638146	3.768488	0	0
666	1.163894	-5.354199	0	0
667	-5.995382	-0.5877761	0	0
668	5.49442	1.718778	0	0
669	2.282328	-4.067291	0	0
670	3.77147	-2.784541	0	0
671	-0.7429697	-2.377488	0	0
672	-0.04664499	-5.70258	0	0
673	-4.694761	3.290603	0	0
674	-0.9120356	-4.246103	0	0
675	5.395423	-1.127661	0	0
676	5.379061	-2.931415	0	0
677	-3.046626	1.526911	0	0
678	-4.61099	-4.260001	0	0
679	-3.397296	-5.601424	0	0
680	4.202153	-4.143407	0	0
681	-2.201006	-5.803131	0	0
682	0.1603248	4.876566	0	0
683	-5.713071	0.932049	0	0
684	-1.686995	2.183242	0	0
685	3.614709	3.829837	0	0
686	0.5149658	5.529271	0	0
687	-4.341975	3.669114	0	0
688	-2.731232	-5.219637	0	0
689	-3.280886	4.828249	0	0
690	-0.5219824	-4.463853	0	0
691	-2.045094	5.540849	0	0
692	1.77271	-4.791085	0	0
693	-1.987497	-3.490255	0	0
694	-1.950207	-5.537564	0	0
695	4.651102	-3.719697	0	0
696	-2.149951	-1.113431	0	0
697	-5.173631	1.523199	0	0
698	-2.582148	5.684078	0	0
699	5.402617	-2.17017	0	0
700	1.799714	-4.35009	0	0
701	3.157315	-5.184815	0	0
702	-0.6618189	5.359077	0	0
703	-1.090238	5.443294	0	0
704	0.514547	4.357255	0	0
705	-0.3089193	4.423106	0	0
706	0.3622466	4.155948	0	0
707	5.095036	-0.1509169	0	0
708	0.2692026	2.28966	0	0
709	-5.682091	-2.439089	0	0
710	-4.451106	-2.447462	0	0
711	-2.295861	5.98505	0	0
712	-5.309281	-3.490074	0	0
713	2.537124	0.8576195	0	0
714	-5.982189	1.684007	0	0
715	-5.535624	-2.144648	0	0
716	-4.632406	3.562511	0	0
717	-3.266112	5.919338	0	0
718	-0.1872586	-4.169061	0	0
719	-0.582007	5.217778	0	0
720	-0.3644863	-4.850714	0	0
721	5.55124	-1.820626	0	0
722	-0.9970801	-5.092274	0	0
723	-4.177134	-4.898716	0	0
724	-2.452705	-4.112923	0	0
725	-4.514651	-3.998735	0	0
726	-3.897681	-5.162394	0	0
727	-4.765514	4.329407	0	0
728	2.396251	-3.192703	0	0
729	-5.116918	-3.995942	0	0
730	4.434352	3.504676	0	0
731	-3.502821	-3.478112	0	0
732	-3.619574	5.420385	0	0
733	0.5227994	-2.675877	0	0
734	-0.7600776	5.465165	0	0
735	1.650186	-4.879983	0	0
736	1.266283	5.449642	0	0
737	-5.418495	3.067932	0	0
738	-3.351937	1.758603	0	0
739	3.315124	-5.146254	0	0
740	-4.972218	4.150008	0	0
741	-4.502075	-3.728914	0	0
742	-2.005279	-5.865482	0	0
743	-1.746645	4.261956	0	0
744	1.431854	1.132523	0	0
745	-1.368954	6.132317	0	0
746	4.166229	-1.328013	0	0
747	4.799531	2.50345	0	0
748	-4.303563	-3.599799	0	0
749	5.336351	-3.191372	0	0
750	-5.692495	2.173963	0	0
751	-2.080052	4.916502	0	0
752	2.902853	4.168079	0	0
753	2.526838	-5.474221	0	0
754	-4.057538	-0.3653614	0	0
755	-3.911645	5.470902	0	0
756	1.612036	-3.819416	0	0
757	-5.17368	4.030151	0	0
758	-0.1444412	6.033117	0	0
759	5.936551	-1.219652	0	0
760	5.24828	-1.304921	0	0
761	5.943411	0.8895988	0	0
762	-2.015706	1.364889	0	0
763	0.4841562	5.652808	0	0
764	-0.98713	-2.414142	0	0
765	-0.7938041	-5.945634	0	0
766	2.176705	3.377648	0	0
767	5.322102	-2.689211	0	0
768	4.267374	-1.904188	0	0
769	4.270595	-0.2292182	0	0
770	-5.609836	0.8549695	0	0
771	-2.026418	-4.687384	0	0
772	3.808753	0.9190578	0	0
773	4.693001	-2.70679	0	0
774	-0.3550695	-3.130792	0	0
775	4.032444	-3.816315	0	0
776	5.580499	-2.226176	0	0
777	-0.9995255	-5.831207	0	0
778	5.054866	-1.483756	0	0
779	3.554087	1.829587	0	0
780	-0.0880636	-4.557665	0	0
781	-5.416806	3.283447	0	0
782	-2.857145	0.3584993	0	0
783	4.870316	1.012464	0	0
784	-4.876695	-4.211341	0	0
785	4.958847	-1.055567	0	0
786	-5.958618	0.7370596	0	0
787	-5.207874	4.215267	0	0
788	5.342914	-1.611126	0	0
789	6.117089	0.7370973	0	0
790	-3.950444	-4.902046	0	0
791	-4.122335	5.157133	0	0
792	1.472756	5.31857	0	0
793	4.102621	-1.034495	0	0
794	-0.9982641	4.908278	0	0
795	-5.802198	-1.639188	0	0
796	-5.237968	3.550309	0	0
797	4.585296	-3.041998	0	0
798	-5.756563	-1.346851	0	0
799	1.032912	-4.353819	0	0
800	5.126908	1.491521	0	0
801	6.172091	-0.3968019	0	0
802	-2.421905	2.134476	0	0
803	-0.3676183	-5.022632	0	0
804	-0.7154734	3.151645	0	0
805	1.146756	2.383159	0	0
806	0.7295612	4.893122	0	0
807	-5.648927	2.635064	0	0
808	-5.486732	0.4251254	0	0
809	-4.104251	-2.126298	0	0
810	3.921674	-3.077534	0	0
811	3.067969	-1.109964	0	0
812	-1.918227	-5.676932	0	0
813	3.545338	-4.579574	0	0
814	-4.771381	-3.93564	0	0
815	4.841582	2.741256	0	0
816	-4.126359	3.394833	0	0
817	-5.295035	3.541172	0	0
818	-1.310316	-4.379516	0	0
819	2.004185	-5.272364	0	0
820	-4.10954	-4.170912	0	0
821	-3.145994	5.738047	0	0
822	5.658112	1.28781	0	0
823	2.382963	-5.603548	0	0
824	-2.528879	-4.524935	0	0
825	-2.329922	-3.781795	0	0
826	4.281472	-2.444802	0	0
827	-4.172824	4.062468	0	0
828	-4.463048	4.582538	0	0
829	-4.01085	5.271088	0	0
830	3.492454	-3.209336	0	0
831	4.306433	3.367313	0	0
832	1.450716	-3.952825	0	0
833	-5.998007	1.117207	0	0
834	-4.951016	-3.756539	0	0
835	1.406893	-5.350874	0	0
836	-1.66451	5.385376	0	0
837	2.136662	2.346913	0	0
838	0.9825775	1.64205	0	0
839	-4.695238	-4.341539	0	0
840	5.488309	1.51736	0	0
841	-3.354509	2.860551	0	0
842	-2.690857	-5.83926	0	0
843	1.989877	3.028802	0	0
844	-2.283956	-5.147263	0	0
845	5.750835	-0.05891728	0	0
846	-2.267274	-4.12697	0	0
847	-4.807544	-1.668816	0	0
848	1.441293	-4.370485	0	0
849	3.809534	0.08260015	0	0
850	5.226242	2.360197	0	0
851	-5.110675	-1.892905	0	0
852	5.448251	-0.384413	0	0
853	-3.816276	-3.845994	0	0
854	-5.137201	-0.6022985	0	0
855	2.846651	-0.9319811	0	0
856	1.214327	3.956631	0	0
857	4.844171	-3.644407	0	0
858	-2.729985	1.225322	0	0
859	1.559339	5.445393	0	0
860	5.869334	0.4133968	0	0
861	-2.387574	-1.567505	0	0
862	-3.07332	-4.203787	0	0
863	-1.146374	-3.658649	0	0
864	5.043203	2.783268	0	0
865	-2.139953	2.940937	0	0
866	-4.058313	-0.8007731	0	0
867	2.80612	-4.992862	0	0
868	-5.394836	-1.524716	0	0
869	-3.908844	-2.335915	0	0
870	-6.016656	-0.05234592	0	0
871	5.727169	-1.609488	0	0
872	-2.012041	-2.019137	0	0
873	-1.266691	3.510345	0	0
874	5.738237	1.341905	0	0
875	-5.463091	-2.555366	0	0
876	-4.131857	5.040926	0	0
877	5.692899	-2.054702	0	0
878	2.897949	-5.300649	0	0
879	2.432835	3.776677	0	0
880	5.311087	-2.902275	0	0
881	0.1660716	-5.982698	0	0
882	-1.057497	5.648973	0	0
883	-3.995025	-5.058686	0	0
884	4.777439	-3.8823	0	0
885	0.5783393	-0.4942704	0	0
886	1.875028	-5.570512	0	0
887	-2.954924	-2.063318	0	0
888	3.902648	2.841117	0	0
889	3.855967	4.09793	0	0
890	-3.369213	3.737159	0	0
891	4.564833	-3.839519	0	0
892	-5.915556	0.6716366	0	0
893	5.261424	3.116973	0	0
894	2.38783	-5.055134	0	0
895	2.801988	-4.224093	0	0
896	-4.149417	4.633996	0	0
897	-5.648885	2.022515	0	0
898	-2.818304	-1.054012	0	0
899	-0.1684856	-5.848824	0	0
900	5.882272	-0.6386617	0	0
901	3.174426	3.897825	0	0
902	0.4523979	-4.840594	0	0
903	-5.784711	-0.7590729	0	0
904	-4.611709	1.238561	0	0
905	1.20743	-2.892569	0	0
906	-5.282095	2.222821	0	0
907	-3.597881	2.375622	0	0
908	-0.8345384	-3.209284	0	0
909	-2.636273	5.689552	0	0
910	1.48117	4.50582	0	0
911	5.117631	-3.3214	0	0
912	5.391937	2.16579	0	0
913	3.020156	2.918395	0	0
914	2.862541	-4.92798	0	0
915	-0.1429639	5.232389	0	0
916	-0.6354783	-5.206787	0	0
917	5.017811	1.487039	0	0
918	2.870937	4.483089	0	0
919	-5.098304	-3.857513	0	0
920	5.356026	-2.899079	0	0
921	-0.8118517	6.011269	0	0
922	-1.639334	-5.174816	0	0
923	5.076096	3.30101	0	0
924	-5.951387	-0.4615695	0	0
925	-2.157646	-5.115616	0	0
926	2.425677	4.564796	0	0
927	1.088642	0.9543359	0	0
928	5.454982	0.5091284	0	0
929	-1.807846	-4.265368	0	0
930	-1.501663	4.667655	0	0
931	2.584172	-4.767043	0	0
932	-4.501788	-4.06405	0	0
933	4.358711	4.050108	0	0
934	5.993894	-1.642307	0	0
935	4.659751	2.802545	0	0
936	-5.15252	0.2390016	0	0
937	5.637782	-1.583526	0	0
938	-0.5344444	4.360637	0	0
939	-4.552628	-3.001712	0	0
940	0.1986031	5.619045	0	0
941	-4.879159	-4.117461	0	0
942	3.043263	-4.528079	0	0
943	-3.805694	4.566891	0	0
944	0.1587508	5.353199	0	0
945	1.00537	5.139687	0	0
946	3.277302	-0.9302602	0	0
947	1.181145	-4.438198	0	0
948	-1.434199	-5.774252	0	0
949	5.092972	-1.059183	0	0
950	-4.544784	4.400015	0	0
951	-4.738662	-1.277862	0	0
952	-5.579078	2.226689	0	0
953	-1.381294	4.340162	0	0
954	3.942649	2.449219	0	0
955	0.3173004	4.223849	0	0
956	4.621056	3.3686	0	0
957	2.69697	-4.735548	0	0
958	-1.598728	3.479252	0	0
959	3.760066	0.9235012	0	0
960	-6.077935	0.9258949	0	0
961	4.801706	2.040446	0	0
962	5.699795	-0.210155	0	0
963	-3.520589	5.230321	0	0
964	3.80189	4.463833	0	0
965	-1.821376	6.045319	0	0
966	5.815933	-1.555845	0	0
967	-0.8044398	3.551227	0	0
968	3.888173	3.468213	0	0
969	4.268036	-2.061599	0	0
970	3.655694	-4.39619	0	0
971	1.800817	-2.874516	0	0
972	-3.992678	-2.765529	0	0
973	-4.052602	2.700407	0	0
974	-5.599401	2.741738	0	0
975	-2.449894	5.888186	0	0
976	3.139842	2.426432	0	0
977	-3.277406	3.796025	0	0
978	-4.959632	-0.2284925	0	0
979	4.240365	4.0999	0	0
980	-1.45157	5.766554	0	0
981	-5.65121	2.040964	0	0
982	-4.869164	-1.999043	0	0
983	4.683799	3.043466	0	0
984	0.4216449	3.102354	0	0
985	4.64241	3.591557	0	0
986	-6.059481	-0.2461558	0	0
987	5.177643	0.7487904	0	0
988	-4.104022	5.431584	0	0
989	2.042283	-4.387156	0	0
990	-3.835086	3.940102	0	0
991	5.14763	-1.865323	0	0
992	-1.571901	4.083062	0	0
993	-0.3213378	5.490443	0	0
994	3.923175	-3.303678	0	0
995	-3.833085	2.464113	0	0
996	3.398822	-2.40235	0	0
997	-4.265498	3.271264	0	0
998	4.058315	2.579221	0	0
999	-3.455374	1.391482	0	0
1000	5.427995	2.672442	0	0
