from	to	label	distance	angle
1	498	1	0.0050750202	1.1303897
1	831	2	0.0050750202	-2.011203
2	528	3	0.0050750202	-2.011203
3	161	4	0.038332265	-1.738284
3	807	5	0.038332265	1.4033087
4	149	6	0.055186522	-1.6540731
4	727	7	0.028742283	1.3780173
5	184	8	0.15014862	1.8367752
5	447	9	0.015812119	2.3024702
5	465	10	0.062022388	-2.8971737
5	814	11	0.0050750202	1.1303897
6	586	12	0.20428528	-1.3949013
6	864	13	0.014983182	0.19802571
7	383	14	0.08157555	-1.8768876
7	472	15	0.1364574	-2.344981
7	494	16	0.0050750202	1.1303897
7	675	17	0.085597451	0.95515373
7	908	18	0.097878832	0.96406601
7	912	19	0.091642685	0.66934552
8	360	20	0.20902689	-0.93266316
8	396	21	0.17766595	3.0300035
9	437	22	0.059598235	-1.9182945
10	388	23	0.035343489	0.30801585
10	542	24	0.058277326	2.8988819
10	760	25	0.0050750202	1.1303897
11	796	26	0.016905371	-2.9424588
11	856	27	0.014461597	-0.086302721
12	141	28	0.020523565	-0.085092817
12	622	29	0.020523565	3.0564998
13	209	30	0.072870907	2.101903
13	302	31	0.077451659	-1.194468
14	138	32	0.0050750202	-2.011203
14	408	33	0.14363168	2.0144755
15	407	34	0.015322057	-0.94130714
15	484	35	0.063190502	-1.2745063
16	392	36	0.032608744	-1.6571932
16	459	37	0.032608744	1.4843994
17	376	38	0.41305785	-2.2433521
17	708	39	0.2463136	1.0142929
17	723	40	0.039674243	-0.45330042
18	353	41	0.22441951	-1.5641337
18	514	42	0.017172753	-2.4705795
18	524	43	0.078735305	1.1173683
19	111	44	0.15598598	-1.2648128
19	595	45	0.21668179	1.303059
19	862	46	0.0050750202	1.1303897
20	95	47	0.1220275	1.3129568
20	703	48	0.15510557	1.3991112
20	800	49	0.058094742	-1.8389973
21	304	50	0.049627459	-2.1533149
21	468	51	0.0050750202	1.1303897
21	596	52	0.099839063	1.0638081
22	572	53	0.18786238	2.1018376
22	588	54	0.17457407	-1.0696613
23	397	55	0.17862677	-1.6285154
23	766	56	0.17862677	1.5130773
24	248	57	0.017907622	-1.2312012
24	334	58	0.039584375	-1.3214898
25	685	59	0.22242719	1.4532573
25	723	60	0.10575644	-1.5290611
26	170	61	0.052494642	2.5401368
26	204	62	0.029734289	-0.10394341
26	460	63	0.006321245	-1.125264
26	873	64	0.0050750202	1.1303897
27	195	65	0.043200446	2.0506419
27	546	66	0.055717463	-1.4102286
27	802	67	0.089565516	-1.1360556
28	525	68	0.0050750202	-2.011203
29	556	69	0.0050750202	-2.011203
30	277	70	0.070543476	1.5003373
30	342	71	0.11260828	-0.91317098
30	354	72	0.19700835	1.8183339
30	445	73	0.073260502	2.1562626
31	251	74	0.17576375	2.114417
31	677	75	0.076131435	2.0682163
31	739	76	0.17457407	-1.0696613
32	183	77	0.22186974	2.0952305
32	282	78	0.14390727	-1.5893175
32	489	79	0.13389687	-0.74645708
32	880	80	0.0050750202	1.1303897
33	412	81	0.028057301	-1.1009251
34	758	82	0.024694164	2.6676216
34	818	83	0.059671053	0.0023516234
35	909	84	0.0050750202	-2.011203
36	713	85	0.039674243	-0.45330042
36	793	86	0.2973618	1.7881124
36	876	87	0.14698207	-1.4914499
37	320	88	0.11053309	1.0625059
37	829	89	0.11053309	-2.0790867
38	694	90	0.089565516	2.005537
39	122	91	0.13860766	2.2120395
39	357	92	0.16828144	2.1349666
39	475	93	0.16828144	2.1349666
39	719	94	0.088953505	-0.44748158
40	132	95	0.03208792	-1.6390906
41	339	96	0.087554056	2.1635586
41	738	97	0.090258294	-1.0263483
42	246	98	0.09509561	-1.3557837
42	870	99	0.09509561	1.785809
43	274	100	0.0050750202	-2.011203
44	400	101	0.097899134	-2.0335262
44	409	102	0.051725652	0.81920052
44	739	103	0.1158851	2.1914619
45	350	104	0.0050750202	1.1303897
45	362	105	0.019585036	1.7846784
45	470	106	0.019585036	-1.3569142
46	120	107	0.040973039	-1.2965678
46	710	108	0.1043388	-1.0866889
47	81	109	0.040376893	1.4661146
47	547	110	0.01781223	-1.6285272
47	830	111	0.040376893	-1.6754781
48	301	112	0.017302901	-0.75652033
48	658	113	0.017302901	2.3850723
49	694	114	0.089685502	2.3013037
49	779	115	0.15474923	-0.50811279
50	720	116	0.014193578	2.7739586
50	778	117	0.048985597	1.2863728
50	864	118	0.20066425	-1.400188
51	108	119	0.10343755	-2.4393152
51	335	120	0.0050750202	1.1303897
51	416	121	0.23118708	0.86698225
51	799	122	0.26182322	-2.2989646
51	901	123	0.0050750202	1.1303897
52	501	124	0.22589656	-1.2563985
52	609	125	0.0084634984	-0.4701884
52	797	126	0.017815585	-0.75892124
53	71	127	0.074986319	-2.6711525
53	100	128	0.054064841	-2.4634309
53	111	129	0.092332201	0.35139195
53	580	130	0.062785739	-2.505953
53	871	131	0.023431588	-2.9418553
54	59	132	0.07891029	-1.4311691
54	621	133	0.0025233173	-1.3391731
54	676	134	0.0025233173	-1.3391731
54	835	135	0.036444006	1.7242477
55	56	136	0.06057035	0.47682917
55	409	137	0.098587754	1.8521269
55	524	138	0.075656303	-2.0877352
56	591	139	0.057175115	0.0033869795
57	68	140	0.17558709	-0.81274174
57	96	141	0.15437017	2.2888458
58	322	142	0.11260828	-0.91317098
58	445	143	0.098416933	2.003233
59	480	144	0.064101238	-1.4939642
60	137	145	0.14605685	2.0489748
60	381	146	0.033434976	-1.4697335
60	740	147	0.065665977	-0.78244495
60	854	148	0.0050750202	1.1303897
61	79	149	0.038220834	-1.2624551
61	302	150	0.14611585	-1.0890323
61	562	151	0.14866346	2.0737104
61	748	152	0.011218121	2.2617512
62	758	153	0.0050750202	-2.011203
63	94	154	0.40677091	-1.2554154
63	544	155	0.035734605	-2.5651027
64	339	156	0.025204326	1.7326266
65	566	157	0.0073053005	-0.51328129
65	637	158	0.015812119	2.3024702
65	734	159	0.015812119	-0.8391224
66	197	160	0.16577273	-2.4520333
66	657	161	0.27213784	0.61205273
66	863	162	0.19526844	-2.5819944
67	400	163	0.025838856	-0.054829229
67	588	164	0.089468939	2.0016736
68	214	165	0.062022388	0.24441899
68	405	166	0.0050750202	1.1303897
68	572	167	0.10610683	-0.7882728
68	582	168	0.032675426	0.30460376
68	745	169	0.0050750202	1.1303897
69	624	170	0.14518297	1.5423536
70	810	171	0.0333895	-1.8147221
70	883	172	0.0333895	1.3268706
70	911	173	0.0050750202	1.1303897
71	100	174	0.024738805	0.0028878645
71	390	175	0.099449123	-2.1533743
71	580	176	0.016644808	-0.1987069
72	338	177	0.035187564	-1.8645784
72	774	178	0.039148323	-2.6748487
73	231	179	0.026908039	-1.2344124
73	238	180	0.16443376	1.6651797
73	372	181	0.042332579	1.8408669
73	531	182	0.084409999	1.6498578
73	659	183	0.087777923	-1.2915729
74	289	184	0.23304758	0.49698639
74	516	185	0.24362247	-2.5181156
75	143	186	0.0050750202	1.1303897
75	603	187	0.098362441	-1.2609518
75	737	188	0.12550676	1.8735143
76	167	189	0.033434976	-1.4697335
76	439	190	0.033434976	1.6718591
76	535	191	0.0050750202	1.1303897
77	419	192	0.042268014	1.5070438
78	243	193	0.063580936	-1.660023
78	510	194	0.0050750202	1.1303897
78	909	195	0.089095637	1.7323541
79	286	196	0.10946908	-1.365734
79	748	197	0.048807826	1.9650542
79	808	198	0.17196062	-1.1406922
80	457	199	0.21378835	0.76059005
80	866	200	0.039674243	2.6882922
81	565	201	0.07970882	1.4155784
81	629	202	0.07970882	-1.7260142
82	136	203	0.039721931	-1.3133422
82	393	204	0.022868886	-1.2525427
82	762	205	0.047891928	1.7988332
82	768	206	0.02990591	1.844368
83	594	207	0.08157555	1.2647051
83	825	208	0.043303763	1.256858
84	317	209	0.17862677	1.5130773
84	490	210	0.17862677	-1.6285154
84	529	211	0.09167224	1.5027409
85	124	212	0.02046731	-2.3063863
85	299	213	0.075333922	-1.9081858
85	458	214	0.013208083	1.1844515
86	391	215	0.0050750202	1.1303897
86	520	216	0.016889248	1.7946828
86	737	217	0.016889248	-1.3469098
87	117	218	0.19527929	-1.1952442
87	738	219	0.06635243	2.9359003
87	816	220	0.022367302	0.78332608
87	860	221	0.065645214	-0.99294787
88	836	222	0.043328435	-1.9391531
89	296	223	0.073325145	0.94325696
89	399	224	0.021269093	-1.9526601
89	824	225	0.048098835	-2.325858
90	865	226	0.12550676	1.8735143
90	904	227	0.040640023	1.965835
91	471	228	0.1060445	1.5187547
92	158	229	0.056329925	-1.0538848
92	275	230	0.026784561	-0.97634476
93	245	231	0.078282737	1.5830688
93	526	232	0.028742283	-1.7635753
93	690	233	0.044076531	1.6449601
93	716	234	0.0050750202	1.1303897
93	727	235	0.026801088	1.6049885
93	783	236	0.097464182	1.6571261
94	384	237	0.15184635	-0.71954168
95	215	238	0.2642055	-1.6689458
95	370	239	0.2642055	-1.6689458
95	639	240	0.15508793	1.4995085
96	306	241	0.11973889	2.8108223
96	628	242	0.062022388	0.24441899
96	805	243	0.063863626	1.7302916
97	399	244	0.021269093	1.1889326
97	789	245	0.021269093	-1.9526601
97	891	246	0.0050750202	1.1303897
98	175	247	0.088640981	1.4514736
98	255	248	0.0050750202	1.1303897
98	278	249	0.055587772	-1.9939544
98	478	250	0.020493812	0.42733523
99	229	251	0.0050750202	-2.011203
100	225	252	0.013815419	-1.4705658
101	193	253	0.13827464	-0.85863032
101	643	254	0.022174929	-1.8602388
101	657	255	0.17253058	2.5498073
102	207	256	0.055576441	-1.0288717
102	406	257	0.055576441	2.112721
103	170	258	0.062086927	0.98174978
103	387	259	0.0050750202	1.1303897
103	480	260	0.036059377	1.5806906
103	907	261	0.090893341	-1.6828925
104	860	262	0.0050750202	-2.011203
105	460	263	0.006321245	2.0163286
106	150	264	0.033676339	-2.692517
106	466	265	0.0050750202	1.1303897
106	774	266	0.054954097	0.40509912
107	239	267	0.02990591	1.844368
107	431	268	0.023904732	-1.4910224
108	134	269	0.016253399	1.2846344
108	364	270	0.027503083	1.3129876
108	718	271	0.049521644	-2.8429142
109	148	272	0.31144144	1.4834991
109	182	273	0.0050750202	1.1303897
109	329	274	0.44431446	1.6153657
109	377	275	0.0050750202	1.1303897
109	455	276	0.45680219	-1.4710658
110	260	277	0.047021545	0.5975548
110	537	278	0.069875112	-1.55589
110	580	279	0.039622669	2.6031787
111	836	280	0.14171695	-0.65987515
112	456	281	0.06310131	2.672874
112	820	282	0.11444676	-0.80514661
113	246	283	0.43731683	1.8884416
113	507	284	0.0050750202	1.1303897
113	890	285	0.43731683	-1.253151
114	388	286	0.098673193	2.1721955
114	406	287	0.082908372	-0.62714803
114	549	288	0	0
115	528	289	0.15130838	-0.567538
115	883	290	0.085292738	-2.9064584
115	890	291	0.28370239	1.9088187
116	293	292	0.23520477	-1.2341235
116	764	293	0.053279355	-2.1240808
116	859	294	0.1116029	-2.1189587
117	521	295	0.0050750202	1.1303897
117	736	296	0.095918828	-1.1759738
117	755	297	0.17722316	-1.1271157
118	297	298	0.0050750202	-2.011203
119	339	299	0.10803227	2.2390739
119	453	300	0.090245037	-0.74503153
119	801	301	0.090245037	-0.74503153
120	352	302	0.1659002	-1.4500116
120	900	303	0.05464681	0.66643352
121	347	304	0.023262561	0.28941875
121	773	305	0.023262561	-2.8521739
122	280	306	0.0050750202	1.1303897
122	297	307	0.0050750202	1.1303897
122	357	308	0.031922106	1.7940788
122	732	309	0.0050750202	1.1303897
122	831	310	0.13860766	2.2120395
123	325	311	0.12336079	1.3394783
123	328	312	0.089591433	1.0733052
123	761	313	0.13619763	-0.48336163
123	849	314	0.049260136	-2.1846335
124	158	315	0.039982836	1.0042354
124	456	316	0.090421933	-0.85041702
124	458	317	0.033187236	0.97181745
125	142	318	0	0
125	224	319	0.044786447	2.0687446
125	385	320	0.0050750202	-2.011203
126	898	321	0.043540475	0.68056109
127	332	322	0.06724292	1.2336599
127	661	323	0.06724292	-1.9079328
127	711	324	0.036146398	1.226423
128	493	325	0.061021548	-1.2838895
129	528	326	0.0050750202	-2.011203
130	557	327	0.44116855	0.84101698
130	615	328	0.36923022	-2.3045482
131	152	329	0.0050750202	1.1303897
131	570	330	0.0050750202	-2.011203
132	309	331	0.037783569	-0.45395868
132	424	332	0.089943078	2.6853218
133	571	333	0.12211912	0.81440885
133	663	334	0.063476342	0.82683157
133	759	335	0.050208154	2.3270941
134	444	336	0.027503083	1.3129876
135	290	337	0.050125875	-0.28368377
135	585	338	0.094332055	1.3071633
135	714	339	0.059321701	0.54373295
135	742	340	0.082263377	-2.8018557
136	318	341	0.021161066	1.8501273
136	393	342	0.016952346	1.7461899
136	875	343	0.064126633	-1.2694081
137	363	344	0.028515009	-0.3865965
137	398	345	0.057497481	3.0901851
137	740	346	0.20955001	-0.99682462
138	274	347	0.14930792	-0.99817224
138	584	348	0.14363168	2.0144755
139	195	349	0.15638201	-0.79941202
139	528	350	0.14325134	2.9623472
139	839	351	0.12215799	-0.58324433
140	352	352	0.21302405	-1.269041
140	509	353	0.090100669	1.6843907
140	697	354	0.099039099	2.0627254
140	772	355	0.20428528	1.7466913
141	263	356	0.011275903	-0.14500095
141	583	357	0.0050750202	1.1303897
141	678	358	0.012298583	0.37247698
141	721	359	0.020523565	3.0564998
142	385	360	0.0050750202	-2.011203
144	508	361	0.1081589	1.5590851
144	701	362	0.051801276	-1.9395364
145	282	363	0.0050750202	-2.011203
145	687	364	2.220446e-16	3.1415927
146	373	365	0.27752879	-1.2396848
146	779	366	0.15363486	-2.8887807
147	345	367	0.066573311	-2.0156009
147	707	368	0.051801276	1.2020563
147	757	369	0.025762348	1.6517805
148	615	370	0.40440334	1.5365724
149	479	371	0.016842737	1.3410817
149	526	372	0.028742283	1.3780173
149	853	373	0.028742283	-1.7635753
150	601	374	0.0519042	-0.62409614
150	759	375	0.22241776	1.5873285
150	798	376	0.16450148	-1.6934697
151	228	377	0.31583743	-1.4472835
151	284	378	0.0050750202	1.1303897
151	570	379	0.39865212	1.5772443
153	172	380	0.019580099	0.55041313
153	785	381	0.019580099	-2.5911795
154	477	382	0.2445243	-1.3361669
154	847	383	0.23668433	1.7731451
155	309	384	0.16067569	-0.43636451
155	560	385	0.16931459	3.0190287
156	488	386	0.078260649	-1.6371695
156	790	387	0.036444006	1.7242477
156	835	388	0.029839536	-1.3286637
157	178	389	0.15587011	2.1444939
157	607	390	0.19031132	-1.2242696
158	275	391	0.029698408	2.0177886
158	388	392	0.074990733	-0.63693235
159	211	393	0.068371968	1.8756629
159	274	394	0.14930792	-0.99817224
159	584	395	0.14363168	2.0144755
160	200	396	0.081147729	1.5023279
160	210	397	0.081147729	-1.6392647
161	210	398	0.29509857	1.5288655
161	505	399	0.32846388	-1.6213464
162	467	400	0.11849135	2.2399366
162	672	401	0.15587011	-0.99709873
162	850	402	0.0387643	-2.1859606
163	396	403	0.065980415	-1.6500477
163	691	404	0.065980415	1.491545
164	355	405	0.40564617	-2.3367341
164	746	406	0.050631293	-1.8561992
164	879	407	0.44842137	0.8591664
165	313	408	0.040376893	1.4661146
165	650	409	0.040376893	-1.6754781
166	307	410	0.081823291	1.1617803
166	620	411	0.081823291	-1.9798124
168	878	412	0.046322544	1.6645181
169	318	413	0.039584375	-1.3214898
169	334	414	0.039584375	1.8201029
170	480	415	0.038168577	-2.721529
171	454	416	0.0038797472	0.13633054
173	236	417	0.0050750202	1.1303897
173	401	418	0.32846388	1.5202463
173	506	419	0.32846388	-1.6213464
174	682	420	0.03731173	1.2467761
174	896	421	0.03731173	-1.8948165
175	800	422	0.14268631	1.7330197
176	298	423	1.4043334e-15	0.32175055
176	577	424	0.0050750202	1.1303897
176	619	425	0.0050750202	-2.011203
177	723	426	0.0050750202	-2.011203
178	467	427	0.07415212	2.3375798
178	808	428	0.19285459	1.8875317
179	406	429	0.041797489	-0.42212726
179	549	430	0.042839894	2.314481
180	692	431	0.0050750202	-2.011203
181	470	432	0.019585036	1.7846784
183	274	433	0.20305036	2.1385016
183	462	434	0.12356595	1.9780215
184	437	435	0.24840405	1.673792
184	476	436	0.015812119	2.3024702
185	291	437	0.070543476	-1.6412554
186	243	438	0.16614848	1.842941
186	276	439	0.092058428	-1.1910853
186	283	440	0.17320925	1.5087744
186	778	441	0.22924085	-1.4111373
187	210	442	0.15077926	-1.5073904
187	217	443	0.2186569	1.5297071
188	199	444	0.0050750202	-2.011203
189	268	445	0.21836447	-1.4773555
189	278	446	0.28711462	1.7128861
189	421	447	0.13739877	-1.5805951
190	365	448	0.058461594	-1.2357452
190	548	449	0.036041487	-1.5510096
190	611	450	0.11453842	1.5405038
191	817	451	0.030759148	-2.3776285
192	378	452	0.41297163	1.9372525
192	773	453	0.38935731	-1.0323463
193	346	454	0.12857179	-2.5715913
193	355	455	0.25382996	0.76861169
193	569	456	0.031083938	3.0460863
193	642	457	0.046885417	-2.6176204
193	643	458	0.12769701	2.4297635
194	352	459	0.30691241	1.9093029
194	398	460	0.37710461	-1.1938434
195	499	461	0.097680409	-1.2709609
195	546	462	0.097680409	-1.2709609
195	831	463	0.19741936	-1.247264
195	839	464	0.045392526	1.7268615
195	845	465	0.018430912	1.452424
196	372	466	0.0062024898	-0.70561386
197	309	467	0.16097093	3.0273464
197	863	468	0.037629201	3.09356
198	273	469	0.13135991	-1.8922329
198	341	470	0.061234209	-2.1357388
199	234	471	0.0050750202	1.1303897
199	349	472	0.44842137	0.8591664
199	660	473	0.44842137	-2.2824262
199	837	474	0.0050750202	1.1303897
200	201	475	0.081147729	1.5023279
202	408	476	0	0
202	584	477	0.0050750202	-2.011203
203	249	478	0.23436082	-1.2710911
203	330	479	0.0050750202	1.1303897
203	667	480	0.18110417	2.0612361
204	542	481	0.059833728	-0.31343353
204	632	482	0.019780868	2.7928966
205	328	483	0.10892424	0.58576412
205	730	484	0.12814892	2.4497534
205	849	485	0.061974564	-1.2483974
205	869	486	0.067005658	-1.9090724
206	717	487	0.081823291	-1.9798124
207	641	488	0.055576441	-1.0288717
208	242	489	0.24577031	1.4540972
208	265	490	0.016276306	-1.6114606
208	319	491	0.13967397	-0.9492331
208	822	492	0.17285058	1.6588955
209	302	493	0.14987306	-1.1194418
209	420	494	0.014230468	1.6642087
209	562	495	0.14514672	2.105641
210	258	496	0.0050750202	1.1303897
210	513	497	0.2186569	1.5297071
211	606	498	0.0050750202	1.1303897
211	892	499	0.14363168	2.0144755
212	246	500	0.2626746	-1.0546732
212	292	501	0.17449871	2.5253241
212	706	502	0.10383876	-0.98933866
213	361	503	0.0054676768	2.5365446
213	558	504	0.011275903	2.9965917
214	252	505	0.12940421	1.4905667
214	582	506	0.029471728	-2.96391
214	749	507	0.17558709	2.3288509
215	775	508	0.0050750202	1.1303897
215	821	509	0.34421055	-1.5166203
216	478	510	0.020493812	-2.7142574
217	348	511	0.2186569	1.5297071
217	513	512	0.15077926	-1.5073904
218	418	513	0.015239117	-2.5551969
219	550	514	0.049955872	-1.6257565
219	751	515	0.049955872	1.5158361
220	563	516	0.1218798	1.1158925
220	685	517	0.091833153	-2.1993127
220	713	518	0.28627365	1.2533193
220	868	519	0.039674243	-0.45330042
221	465	520	0.12940421	1.4905667
221	722	521	0.22797168	1.5471517
221	793	522	0.27349501	-1.5395787
221	899	523	0.13580898	-1.55814
222	290	524	0.041153886	1.2899075
222	627	525	0.17401098	-2.318475
223	433	526	0.073325145	0.94325696
223	788	527	0.091642685	0.66934552
223	812	528	0.044913079	3.0578565
224	252	529	0.037218724	2.1959641
224	385	530	0.047961376	-1.1583007
225	369	531	0.013815419	-1.4705658
226	267	532	0.022172067	-0.72567663
226	477	533	0.22259973	-1.379033
226	747	534	0.23668433	1.7731451
227	602	535	0.011993501	0.66661781
227	776	536	0.019580099	0.55041313
227	792	537	0.019580099	-2.5911795
227	886	538	0.15938581	-1.7498988
228	348	539	0.27812903	-1.4058547
228	495	540	0.0050750202	1.1303897
228	587	541	0.0050750202	1.1303897
229	603	542	0.085283828	1.866712
229	646	543	0.11242668	1.8548015
229	865	544	0.040640023	-1.1757577
229	904	545	0.12550676	-1.2680784
230	751	546	0.049955872	-1.6257565
231	531	547	0.1106442	1.7117884
231	659	548	0.060933224	-1.3168039
232	843	549	0.073859399	-1.1352691
233	576	550	0.031050006	0.067610283
233	788	551	0.031050006	-3.0739824
234	837	552	0	0
235	568	553	0.12550676	1.8735143
235	574	554	0.0050750202	1.1303897
235	646	555	0.11242668	-1.2867912
237	351	556	0.11054097	1.4166402
237	446	557	0.13538332	-1.5982932
238	531	558	0.080044115	-1.4602553
238	550	559	0.15070525	1.7752224
238	695	560	0.07891029	1.7104236
239	762	561	0.023904732	-1.4910224
240	538	562	0.1005377	1.6990925
240	883	563	0.099021383	0.16801202
241	300	564	0.11053309	-2.0790867
241	692	565	0.11053309	1.0625059
242	282	566	0.15192449	1.6297274
242	822	567	0.08421903	-2.118072
243	285	568	0.047894385	2.5224119
243	365	569	0.13128715	1.6423891
243	909	570	0.15151147	1.6280243
244	447	571	0.015812119	-0.8391224
244	518	572	0.0050750202	1.1303897
244	734	573	0.015812119	2.3024702
245	407	574	0.10517556	1.6397661
245	690	575	0.034398798	-1.6378601
246	706	576	0.1592018	2.0443227
247	346	577	0.021406556	0.45636216
247	671	578	0.0255687	-2.561029
248	334	579	0.021809548	-1.395592
249	310	580	0.23624744	-1.316639
250	376	581	0.46444464	0.92655058
250	718	582	0.49078279	-2.1381733
251	572	583	0.097899134	-2.0335262
251	677	584	0.099775528	-0.99192853
252	385	585	0.084706646	-1.0654254
253	423	586	0.063152167	1.3548065
253	425	587	0.22281202	-1.7351744
253	827	588	0.11638904	1.3526796
253	910	589	0.0050750202	1.1303897
254	305	590	0.030606975	-0.064552958
254	619	591	0.077355534	0.66851481
254	666	592	0.026467729	2.9808159
256	380	593	0.083336805	-1.7330689
256	846	594	0.0050750202	-2.011203
257	392	595	0.0050750202	-2.011203
259	673	596	0.03286209	-2.6108839
259	782	597	0.03286209	0.53070875
261	294	598	0.0050750202	-2.011203
262	770	599	0.0050750202	-2.011203
263	366	600	0.011275903	-0.14500095
264	399	601	0.048098835	0.8157347
264	824	602	0.021269093	1.1889326
265	464	603	0.016276306	-1.6114606
266	299	604	0.021350322	1.1972963
266	848	605	0.021350322	-1.9442964
268	421	606	0.082915283	1.8358528
268	533	607	0.038434057	2.0821226
268	765	608	0.3222749	-1.3457166
268	878	609	0.079793013	1.5432064
268	900	610	0.044994717	2.2013
269	506	611	0.0050750202	-2.011203
269	887	612	0.0050750202	1.1303897
270	365	613	0.0050750202	-2.011203
271	574	614	0.0050750202	-2.011203
272	731	615	0.0050750202	-2.011203
273	341	616	0.073431709	1.4517968
273	614	617	0.13075633	-1.8821798
274	315	618	0.0050750202	1.1303897
274	462	619	0.083441908	-0.76419516
276	283	620	0.25943365	1.6610604
276	778	621	0.14084316	-1.5542991
277	636	622	0.070543476	1.5003373
278	312	623	0.21288564	-1.4378069
278	394	624	0.21001895	1.9652831
279	481	625	0.031159397	1.7404266
279	568	626	0.031159397	-1.401166
279	838	627	0.013577934	-1.2938945
281	768	628	0.02990591	-1.2972246
282	687	629	0.0050750202	1.1303897
283	345	630	0.16120078	1.5696241
285	681	631	0.0050750202	1.1303897
285	696	632	0.0441597	2.0034128
285	884	633	0.033792177	-1.7628869
286	467	634	0.18815659	-1.2572724
287	585	635	0.0050750202	-2.011203
288	364	636	0.027503083	-1.8286051
288	375	637	0.027503083	1.3129876
288	444	638	0.011265644	-1.7876929
289	503	639	0.11925392	0.87481332
289	664	640	0.13495254	-0.25365582
290	714	641	0.044797182	1.5117373
291	636	642	0.070543476	-1.6412554
292	398	643	0.17379216	2.810799
293	759	644	0.1116029	-2.1189587
294	455	645	0.55839905	1.6450038
294	570	646	0.61499947	-1.5193733
294	826	647	0.0050750202	1.1303897
295	368	648	0.094026835	-2.0312388
295	415	649	0.0050750202	1.1303897
295	436	650	0.13906085	1.2287995
295	893	651	0.11212854	-1.8927232
296	654	652	0.091512673	0.71604894
296	791	653	0.048098835	-2.325858
298	619	654	0.0050750202	-2.011203
299	441	655	0.039237852	-1.9547866
301	525	656	0.017302901	-0.75652033
302	382	657	0.16923745	-1.0818953
302	808	658	0.065128009	-1.3289312
303	567	659	0.41169612	-2.1948848
303	627	660	0.42827086	0.845472
304	912	661	0.073325145	-2.1983357
305	619	662	0.058324879	1.027313
305	651	663	0.097135574	-2.1030083
305	666	664	0.057009007	3.0324197
305	859	665	0.20095081	-1.2931203
306	664	666	0.13040377	2.7515114
306	805	667	0.10589931	0.23021895
307	717	668	0.081823291	1.1617803
308	871	669	0.0050750202	-2.011203
309	863	670	0.12344929	-0.13441573
310	625	671	0.13236885	-1.2517138
311	329	672	0.26473588	-0.99072471
311	384	673	0.27729359	1.3497851
311	725	674	0.0050750202	1.1303897
311	823	675	0.38058739	1.7203226
312	500	676	0.0050750202	1.1303897
312	688	677	0.0050750202	1.1303897
312	878	678	0.21375055	-1.4062828
313	502	679	0.040376893	1.4661146
313	830	680	0.07970882	1.4155784
314	426	681	0.081823291	1.1617803
314	503	682	0.081823291	-1.9798124
316	441	683	0.065653974	-1.9557339
316	458	684	0.062145024	1.2438077
317	397	685	0.17862677	1.5130773
317	529	686	0.08696459	-1.6176194
318	431	687	0.036610838	1.7639209
318	652	688	0.11242668	-1.2867912
318	875	689	0.085283828	-1.2748807
319	390	690	0.15637535	-1.0440711
320	786	691	0.11053309	1.0625059
321	374	692	0.13860766	-0.92955315
321	440	693	0.15177704	1.1184655
322	735	694	0.10235411	-1.0318177
323	591	695	0.023612127	-0.10132634
324	697	696	0.23752821	-1.4354426
324	720	697	0.313685	1.7410136
325	328	698	0.043803834	-1.2340577
325	358	699	0.064049856	-0.27534826
325	836	700	0.1004001	2.168697
326	672	701	0.0050750202	-2.011203
327	784	702	0.080069821	1.4595419
327	809	703	0.12881247	1.303973
329	615	704	0.27729359	1.3497851
331	462	705	0.039549928	-1.781055
332	711	706	0.031098569	-1.8995212
333	617	707	0.019220484	-1.3665458
333	803	708	0.019220484	1.7750468
335	669	709	0.035487377	-2.4240697
335	901	710	0	0
336	805	711	0.13518935	2.0824476
336	851	712	0.17558709	-0.81274174
337	559	713	0.055242137	-2.7907276
337	902	714	0.059763495	-0.79818021
338	532	715	0.070844519	-1.2306098
338	601	716	0.081156904	-2.4692696
338	774	717	0.029524228	2.566283
339	635	718	0.066090191	2.0477908
339	738	719	0.17776048	-1.0025586
339	813	720	0.022535886	1.754814
340	659	721	0.014391031	1.0937114
340	689	722	0.0067192152	-1.1371478
340	715	723	0.012722677	2.7028582
340	794	724	0.12950321	-1.1197421
340	855	725	0.032450087	1.805689
340	882	726	0.049985031	-1.0512365
341	356	727	0.051199386	-2.6697432
341	698	728	0.0057777217	0.29708821
342	437	729	0.13111414	-1.1701786
343	422	730	0.053596005	1.1616037
343	516	731	0.058668767	-1.9826886
344	520	732	0.016889248	-1.3469098
345	670	733	0.074994091	1.7621692
345	757	734	0.089791732	1.270494
346	355	735	0.38072036	0.70193034
346	360	736	0.23817651	-2.7477434
346	671	737	0.046885417	-2.6176204
348	679	738	0.073615749	0.87442357
349	492	739	0.033052227	1.5961352
349	634	740	0.40564617	0.80485858
349	769	741	0.018827864	1.5355726
351	407	742	0.065083692	1.5581184
352	434	743	0.0050750202	1.1303897
353	608	744	0.040769785	-1.9032502
353	722	745	0.056069252	-1.9160572
354	385	746	0.22377452	1.8162656
354	445	747	0.13017713	-1.5109376
356	585	748	0.03052536	-1.3555581
356	894	749	0.082263377	-2.8018557
357	440	750	0.16140486	2.1101013
358	836	751	0.15504729	2.4372638
358	906	752	0.13849736	-0.13695921
359	584	753	0.29311191	-1.235663
359	756	754	0.045071202	-1.331759
359	852	755	0.0050750202	1.1303897
359	872	756	0.43731683	1.8884416
359	892	757	0.22478078	-1.2264579
360	436	758	0.35506558	-1.8792146
360	881	759	0.0050750202	1.1303897
361	558	760	0.006823153	-2.9228366
362	643	761	0.019585036	1.7846784
363	545	762	0.23521234	2.0156701
363	590	763	0.27039945	-1.0780285
363	815	764	0.10059187	-1.0635846
365	611	765	0.17042633	1.6633677
365	909	766	0.020325534	1.5351089
366	558	767	0.011275903	-0.14500095
367	635	768	0.029986875	0.98660351
367	639	769	0.021810376	2.8011179
367	780	770	0.033089058	-1.4507166
367	841	771	0.10084242	-1.6565636
368	565	772	0.07970882	-1.7260142
368	842	773	0.027308785	-3.1088794
370	821	774	0.34421055	-1.5166203
371	741	775	0.097878832	-2.1775266
371	812	776	0.1364574	0.79661163
372	485	777	0.07891029	1.7104236
373	543	778	0.0050750202	1.1303897
373	802	779	0.080111512	-1.3204265
374	424	780	0.088953505	-0.44748158
376	817	781	0.030759148	0.76396413
376	866	782	0.039674243	-0.45330042
378	477	783	0.275012	1.7636303
378	877	784	0.0050750202	1.1303897
379	654	785	0.040450443	1.3093011
380	513	786	0.039267966	-2.2508078
380	846	787	0.078469193	1.4262821
381	439	788	0.033434976	-1.4697335
382	443	789	0.25616895	-1.245244
383	594	790	0.08157555	-1.8768876
384	615	791	0.26473588	-0.99072471
384	823	792	0.15809571	2.4085097
386	602	793	0.019580099	-2.5911795
386	785	794	0.00779256	0.37100426
388	549	795	0.098673193	-0.96939712
389	912	796	0.0050750202	-2.011203
390	580	797	0.10680378	0.84320803
390	731	798	0.15513373	-1.7206071
390	897	799	0.047820402	-0.99426401
392	684	800	0.064101238	-1.4939642
392	806	801	0.044994073	1.2848139
393	834	802	0.0050750202	1.1303897
394	794	803	0.2171426	1.9796918
395	562	804	0.0098229966	-1.9425521
395	804	805	0.024269937	-1.7989411
396	410	806	0.15010988	-2.7594954
399	540	807	0.0050750202	1.1303897
400	514	808	0.11843266	-1.3920158
400	588	809	0.10407096	2.2230435
401	505	810	0.32846388	1.5202463
401	709	811	0.0050750202	1.1303897
402	612	812	0.053202532	-1.5821244
403	485	813	0.14193775	-1.45934
403	617	814	0.10221437	1.7436041
404	815	815	0.0099972322	-1.0023735
404	913	816	0.0064737764	1.7578967
406	549	817	0.082908372	2.5144446
406	562	818	0.069056217	-0.4520041
408	584	819	0.0050750202	-2.011203
409	579	820	0.10369142	0.46934846
410	469	821	0.11740572	-3.0162061
410	626	822	0.0050750202	1.1303897
411	661	823	0.097858131	1.9255638
411	664	824	0.12791261	-2.7995899
411	805	825	0.123773	-0.5847463
412	555	826	0.0050750202	1.1303897
412	662	827	0.028057301	-1.1009251
412	795	828	0.0050750202	1.1303897
413	741	829	0.0050750202	-2.011203
414	905	830	0.0050750202	-2.011203
416	567	831	0.31467051	0.90086079
417	451	832	0.026467729	2.9808159
417	666	833	0.025537218	-0.35296899
418	856	834	0.015239117	-2.5551969
419	686	835	0.0050750202	1.1303897
419	849	836	0.042268014	1.5070438
419	905	837	0.02351217	1.467338
420	693	838	0.020541291	-3.0708847
421	797	839	0.3222749	-1.3457166
422	516	840	0.11226467	-1.9813998
422	767	841	0.11226467	1.1601929
423	827	842	0.053237189	1.3501565
425	452	843	0.22281202	1.4064183
425	457	844	0.15129924	-2.1423006
426	620	845	0.081823291	1.1617803
427	892	846	0.10315453	1.9441644
428	578	847	0.018898766	0.84891721
429	849	848	0.0050750202	-2.011203
430	532	849	0.15456305	1.2686471
430	683	850	0.27553317	1.5605602
430	792	851	0.32847063	-1.5336667
430	857	852	0.30480099	1.5352041
431	762	853	0.02990591	1.844368
432	765	854	0.0050750202	-2.011203
433	618	855	0.083086899	1.1655975
433	728	856	0.17731895	0.78600757
435	473	857	0.042444125	-1.7013768
435	517	858	0.0050750202	1.1303897
435	552	859	0.03764256	1.4813335
436	906	860	0.18536411	-2.0746927
437	735	861	0.0050750202	1.1303897
438	483	862	0.011549356	1.8785694
438	739	863	0.011549356	-1.2630233
440	475	864	0.16140486	-1.0314913
440	839	865	0.1844755	1.9180275
441	656	866	0.10650733	1.5549428
441	707	867	0.1081589	-1.5825075
442	553	868	0.020523565	3.0564998
442	721	869	0.020523565	-0.085092817
443	607	870	0.17612321	-1.2020349
446	797	871	0.033218469	-0.8728776
447	476	872	0.15014862	1.8367752
448	564	873	0.049627459	-2.1533149
448	819	874	0.099839063	1.0638081
449	565	875	0.11212854	1.2488695
449	889	876	0.094026835	1.1103539
450	889	877	0.0050750202	-2.011203
451	666	878	0.05176509	-0.25514815
451	840	879	0.069048447	3.130922
452	827	880	0.11638904	1.3526796
453	556	881	0.041553118	0.58296625
454	525	882	0.017302901	2.3850723
454	632	883	0.019780868	-0.34869609
457	655	884	0.0050750202	1.1303897
457	674	885	0.20341805	1.0429566
461	608	886	0.040769785	1.2383425
463	501	887	0.32463363	1.875701
463	833	888	0.0050750202	1.1303897
463	913	889	0.18190854	-0.90227433
464	604	890	0.016276306	-1.6114606
466	539	891	0.054954097	0.40509912
467	556	892	0.024228578	-2.4941261
469	595	893	0.05383821	-1.5228644
469	782	894	0.18037982	2.4321777
471	570	895	0.1060445	1.5187547
472	614	896	0.12494119	-2.5626682
472	741	897	0.16025772	-2.2169272
473	552	898	0.080069821	1.4595419
473	809	899	0.044913079	-0.083736131
474	625	900	0.0050750202	-2.011203
479	526	901	0.011927261	1.4301867
482	665	902	0.032617322	0.99023053
482	714	903	0.037649251	-2.1325297
482	753	904	0.0050750202	1.1303897
484	690	905	0.091305469	-1.6199522
486	693	906	0.065433061	-0.66705173
486	804	907	0.057251474	1.6175989
486	820	908	0.096411375	2.4191861
487	620	909	0.0050750202	-2.011203
488	496	910	0.036444006	-1.417345
489	560	911	0.095190895	-0.52060196
489	782	912	0.12007624	-0.16446054
490	536	913	0.17862677	-1.6285154
490	631	914	0.08696459	-1.6176194
491	684	915	0.044994073	-1.8567788
491	702	916	0.044017167	-1.3219778
491	806	917	0.064101238	1.6476284
492	699	918	0.033052227	1.5961352
492	769	919	0.014304346	-1.4657071
493	882	920	0.061021548	-1.2838895
496	621	921	0.048420134	1.3005949
496	676	922	0.048420134	1.3005949
496	806	923	0.035582398	-1.8063709
497	674	924	0.0050750202	-2.011203
499	831	925	0.099793221	-1.2240689
500	688	926	1.5423711e-15	-0.52807445
502	629	927	0.040376893	1.4661146
503	661	928	0.14099277	0.065859334
504	571	929	0.0050750202	-2.011203
506	624	930	0.14518297	-1.5992391
506	766	931	0.17862677	-1.6285154
508	633	932	0.028057301	2.0406675
508	656	933	0.074994091	-1.3794234
509	772	934	0.11449691	1.7957053
511	712	935	0.20190356	-1.4235846
511	715	936	0.036358949	-0.11506875
511	884	937	0.076058473	1.7314158
512	575	938	0.0089674579	-0.13512516
512	758	939	0.0089674579	3.0064675
513	846	940	0.11401474	1.2496223
514	524	941	0.094516747	1.0388556
514	722	942	0.26652779	-1.5859226
515	600	943	0.11249859	0.94358079
515	876	944	0.11249859	-2.1980119
516	634	945	0.39788633	-2.3592128
519	867	946	0.06535877	-1.8532337
522	803	947	0.019220484	-1.3665458
522	832	948	0.019220484	1.7750468
523	638	949	0.20522893	-2.3327798
523	746	950	0.062125993	-0.38926152
526	727	951	0.055186522	1.4875196
527	614	952	0.0050750202	-2.011203
530	785	953	0.0050750202	-2.011203
532	649	954	0.035187564	1.2770143
532	857	955	0.16093174	1.790971
532	895	956	0.06535877	1.288359
533	900	957	0.0082204208	2.7907315
534	698	958	0.0050750202	-2.011203
536	631	959	0.09167224	1.5027409
537	730	960	0.10038221	-0.30792422
538	584	961	0.0941444	1.7759543
538	811	962	0.17505163	1.8963381
539	774	963	0.0050750202	-2.011203
541	635	964	0.029986875	0.98660351
541	639	965	0.021810376	2.8011179
542	744	966	0.0050750202	1.1303897
544	607	967	0.36255146	1.9920368
544	823	968	0.39249701	-1.1707773
544	902	969	0.24291237	1.9514712
545	765	970	0.30691241	1.9093029
546	831	971	0.099793221	-1.2240689
547	830	972	0.022599759	-1.7124777
550	724	973	0.074542887	1.502931
551	703	974	0.0050750202	-2.011203
552	596	975	0.12881247	-1.8376197
552	792	976	0.15938581	1.3916938
552	886	977	0.019580099	0.55041313
553	622	978	0.020523565	-0.085092817
553	644	979	0.011395637	0.12521918
553	856	980	0.020523565	3.0564998
554	665	981	0.070263474	-2.1412716
555	795	982	0	0
556	801	983	0.041553118	-2.5586264
556	850	984	0.13061548	-1.001053
557	660	985	0.43494435	0.8376628
559	755	986	0.065314978	2.3110969
561	866	987	0.0050750202	-2.011203
563	713	988	0.16638286	1.3538407
564	728	989	0.073325145	-2.1983357
565	680	990	0.027308785	-3.1088794
566	734	991	0.0091935875	-1.0963069
567	752	992	0.0077302553	-2.1093015
568	838	993	0.017719245	1.6582917
568	875	994	0.098362441	1.8806408
569	638	995	0.40564617	0.80485858
569	643	996	0.10389765	2.255953
571	663	997	0.058652978	-2.3406282
571	683	998	0.19539051	-1.7172211
571	857	999	0.16548286	-1.6948856
572	851	1000	0.18209563	2.2926698
573	882	1001	0.0050750202	-2.011203
576	796	1002	0.031050006	0.067610283
578	589	1003	0.29711051	0.85193339
578	746	1004	0.081156904	-2.4692696
579	840	1005	0.090853148	0.34437835
580	871	1006	0.042707014	0.86942292
580	897	1007	0.12800666	-1.9297176
581	694	1008	0.089565516	-1.1360556
581	890	1009	0.089565516	2.005537
584	892	1010	0.068371968	1.8756629
586	697	1011	0.13859828	-1.4491556
589	799	1012	0.44842137	0.8591664
590	740	1013	0.083514426	2.0777508
590	815	1014	0.16982429	2.0550088
590	872	1015	0.41154337	-1.2073486
591	599	1016	0.085121847	0.18333729
592	864	1017	0.0050750202	-2.011203
593	720	1018	0.0050750202	-2.011203
594	825	1019	0.038274628	-1.8680094
596	784	1020	0.044913079	-0.083736131
597	731	1021	0.0050750202	-2.011203
598	726	1022	0.16769518	1.8276505
598	765	1023	0.089770691	-1.1206579
599	651	1024	0.086178699	0.29504848
600	824	1025	0.060934001	0.37070903
602	668	1026	0.019580099	0.55041313
605	638	1027	0.0050750202	-2.011203
609	797	1028	0.0099972322	-1.0023735
610	816	1029	0.059268156	-1.5361722
611	907	1030	0.088429703	1.8896641
611	909	1031	0.15029023	-1.4609257
612	670	1032	0.10650733	-1.5866499
612	701	1033	0.066573311	1.1259917
613	704	1034	0.014587082	-1.9186841
614	627	1035	0.16025772	-2.2169272
615	786	1036	0.11053309	-2.0790867
616	689	1037	0.032450087	-1.3359037
616	855	1038	0.0067192152	2.0044449
617	684	1039	0.09864582	1.8639329
617	695	1040	0.1223704	-1.3301859
618	828	1041	0.023463323	-3.1238129
619	764	1042	0.20095081	-1.2931203
621	676	1043	0	0
622	644	1044	0.0096760394	2.8080867
623	698	1045	0.0050750202	-2.011203
625	822	1046	0.10755132	-1.1117053
627	741	1047	0.12494119	0.57892442
628	749	1048	0.15437017	-0.85274689
629	861	1049	0.034518866	-1.7437396
630	656	1050	0.041610471	-2.0212565
633	662	1051	0.028057301	2.0406675
633	750	1052	0.0050750202	1.1303897
638	746	1053	0.23508395	0.56013103
639	703	1054	0.12088159	-1.700742
639	904	1055	0.081303377	1.8696661
640	757	1056	0.0050750202	-2.011203
642	858	1057	0.19706754	-2.3560101
643	657	1058	0.18037982	2.4321777
644	645	1059	0.0050750202	1.1303897
647	763	1060	0.088888401	-1.5052589
648	654	1061	0.13377664	-2.1897487
648	798	1062	0.23925153	1.3956127
649	895	1063	0.03017611	1.3015878
652	737	1064	0.11242668	-1.2867912
653	708	1065	0.12136183	-1.7774801
653	758	1066	0.033387597	-0.53665177
653	876	1067	0.19954289	1.4619967
653	894	1068	0.063092343	-0.043744702
658	729	1069	0.017302901	2.3850723
659	794	1070	0.13860767	-1.2029512
665	714	1071	0.070263474	-2.1412716
667	787	1072	0.26474292	1.9893767
668	785	1073	0.00779256	0.37100426
669	754	1074	0.22665646	-2.2794269
669	901	1075	0.035487377	0.71752297
671	858	1076	0.076581143	-1.9886624
672	902	1077	0.26464997	-1.180971
674	723	1078	0.039674243	2.6882922
675	828	1079	0.015749837	1.1110367
675	908	1080	0.012308444	1.0260842
675	912	1081	0.025941732	-0.52579501
678	874	1082	0.012298583	0.37247698
679	731	1083	0.021780599	0.053286756
679	763	1084	0.09878189	-1.5877422
680	842	1085	0.07970882	1.4155784
689	715	1086	0.018383585	2.4656209
689	855	1087	0.039059559	1.8396618
690	783	1088	0.053393605	1.667169
692	829	1089	0.11053309	1.0625059
693	704	1090	0.014587082	1.2229085
696	884	1091	0.074248401	-1.4076111
698	818	1092	0.11260235	-2.3786011
700	751	1093	0.0050750202	-2.011203
702	907	1094	0.07891029	-1.4311691
703	841	1095	0.030124078	0.41361205
705	904	1096	0.0050750202	-2.011203
708	742	1097	0.070044729	-0.069641244
708	888	1098	0.036062565	-0.46854281
710	726	1099	0.030467055	-0.75048203
712	720	1100	0.15897718	-1.1987645
718	879	1101	0.44842137	-2.2824262
719	863	1102	0.089943078	-0.45627087
722	844	1103	0.0050750202	1.1303897
724	907	1104	0.011843703	-2.3826353
726	900	1105	0.1087717	1.7258115
727	783	1106	0.070713308	1.6768791
728	781	1107	0.044913079	3.0578565
728	788	1108	0.16025772	-2.2169272
731	763	1109	0.10263636	-1.8010442
731	897	1110	0.12353509	1.1609773
733	868	1111	0.0050750202	-2.011203
736	755	1112	0.081553446	-1.0696426
740	896	1113	0.31869529	-1.2159016
742	888	1114	0.03938817	-2.8476645
743	848	1115	0.021350322	1.1972963
747	783	1116	0.30265043	1.7436133
754	799	1117	0.0050750202	-2.011203
756	811	1118	0.16667068	-1.2728619
757	771	1119	0.0050750202	1.1303897
758	894	1120	0.037200587	0.39487245
759	859	1121	0.23520477	1.9074691
761	893	1122	0.13475941	0.56366234
763	846	1123	0.2186569	-1.6118856
764	859	1124	0.058324879	-2.1142797
765	797	1125	0.082915283	1.8358528
770	774	1126	0.091362443	-2.1631987
770	777	1127	0.0050750202	1.1303897
770	867	1128	0.06535877	1.288359
770	895	1129	0.097136663	-1.4093711
772	864	1130	0.23300752	1.7822596
773	787	1131	0.33402963	-1.2531643
776	785	1132	0.019580099	0.55041313
778	864	1133	0.24561078	-1.4879544
780	813	1134	0.044259986	0.50225341
780	841	1135	0.068785234	-1.7550473
781	912	1136	0.097878832	-2.1775266
783	821	1137	0.33929207	1.753439
783	847	1138	0.28136364	-1.4366857
784	819	1139	0.097878832	0.96406601
787	898	1140	0.043540475	-2.4610316
791	824	1141	0.073325145	-2.1983357
793	899	1142	0.13773249	1.6203159
794	882	1143	0.079708891	1.9789114
796	856	1144	0.031050006	0.067610283
812	828	1145	0.16349817	0.93489319
812	908	1146	0.16025772	0.92466546
815	913	1147	0.016186318	1.989822
816	860	1148	0.073544282	-1.295268
827	868	1149	0.12094258	1.2803494
828	908	1150	0.0036388718	-1.7394565
839	845	1151	0.02809885	-1.2360204
843	913	1152	0.073859399	-1.1352691
849	869	1153	0.042106136	-3.0362634
849	905	1154	0.01879756	-1.5848771
850	860	1155	0.044459162	2.8040695
855	882	1156	0.081639408	-1.1630973
861	903	1157	0.034518866	-1.7437396
872	896	1158	0.17612766	2.0176301
885	907	1159	0.0050750202	-2.011203
889	893	1160	0.07970882	1.4155784
498	1	1161	0.0050750202	-2.011203
831	1	1162	0.0050750202	1.1303897
528	2	1163	0.0050750202	1.1303897
161	3	1164	0.038332265	1.4033087
807	3	1165	0.038332265	-1.738284
149	4	1166	0.055186522	1.4875196
727	4	1167	0.028742283	-1.7635753
184	5	1168	0.15014862	-1.3048175
447	5	1169	0.015812119	-0.8391224
465	5	1170	0.062022388	0.24441899
814	5	1171	0.0050750202	-2.011203
586	6	1172	0.20428528	1.7466913
864	6	1173	0.014983182	-2.9435669
383	7	1174	0.08157555	1.2647051
472	7	1175	0.1364574	0.79661163
494	7	1176	0.0050750202	-2.011203
675	7	1177	0.085597451	-2.1864389
908	7	1178	0.097878832	-2.1775266
912	7	1179	0.091642685	-2.4722471
360	8	1180	0.20902689	2.2089295
396	8	1181	0.17766595	-0.1115892
437	9	1182	0.059598235	1.2232981
388	10	1183	0.035343489	-2.8335768
542	10	1184	0.058277326	-0.24271075
760	10	1185	0.0050750202	-2.011203
796	11	1186	0.016905371	0.19913386
856	11	1187	0.014461597	3.0552899
141	12	1188	0.020523565	3.0564998
622	12	1189	0.020523565	-0.085092817
209	13	1190	0.072870907	-1.0396897
302	13	1191	0.077451659	1.9471246
138	14	1192	0.0050750202	1.1303897
408	14	1193	0.14363168	-1.1271172
407	15	1194	0.015322057	2.2002855
484	15	1195	0.063190502	1.8670863
392	16	1196	0.032608744	1.4843994
459	16	1197	0.032608744	-1.6571932
376	17	1198	0.41305785	0.89824053
708	17	1199	0.2463136	-2.1272998
723	17	1200	0.039674243	2.6882922
353	18	1201	0.22441951	1.5774589
514	18	1202	0.017172753	0.6710132
524	18	1203	0.078735305	-2.0242243
111	19	1204	0.15598598	1.8767799
595	19	1205	0.21668179	-1.8385337
862	19	1206	0.0050750202	-2.011203
95	20	1207	0.1220275	-1.8286359
703	20	1208	0.15510557	-1.7424815
800	20	1209	0.058094742	1.3025954
304	21	1210	0.049627459	0.98827775
468	21	1211	0.0050750202	-2.011203
596	21	1212	0.099839063	-2.0777846
572	22	1213	0.18786238	-1.039755
588	22	1214	0.17457407	2.0719314
397	23	1215	0.17862677	1.5130773
766	23	1216	0.17862677	-1.6285154
248	24	1217	0.017907622	1.9103915
334	24	1218	0.039584375	1.8201029
685	25	1219	0.22242719	-1.6883353
723	25	1220	0.10575644	1.6125316
170	26	1221	0.052494642	-0.60145583
204	26	1222	0.029734289	3.0376492
460	26	1223	0.006321245	2.0163286
873	26	1224	0.0050750202	-2.011203
195	27	1225	0.043200446	-1.0909508
546	27	1226	0.055717463	1.731364
802	27	1227	0.089565516	2.005537
525	28	1228	0.0050750202	1.1303897
556	29	1229	0.0050750202	1.1303897
277	30	1230	0.070543476	-1.6412554
342	30	1231	0.11260828	2.2284217
354	30	1232	0.19700835	-1.3232587
445	30	1233	0.073260502	-0.98533001
251	31	1234	0.17576375	-1.0271757
677	31	1235	0.076131435	-1.0733764
739	31	1236	0.17457407	2.0719314
183	32	1237	0.22186974	-1.0463622
282	32	1238	0.14390727	1.5522752
489	32	1239	0.13389687	2.3951356
880	32	1240	0.0050750202	-2.011203
412	33	1241	0.028057301	2.0406675
758	34	1242	0.024694164	-0.47397102
818	34	1243	0.059671053	-3.139241
909	35	1244	0.0050750202	1.1303897
713	36	1245	0.039674243	2.6882922
793	36	1246	0.2973618	-1.3534803
876	36	1247	0.14698207	1.6501427
320	37	1248	0.11053309	-2.0790867
829	37	1249	0.11053309	1.0625059
694	38	1250	0.089565516	-1.1360556
122	39	1251	0.13860766	-0.92955315
357	39	1252	0.16828144	-1.0066261
475	39	1253	0.16828144	-1.0066261
719	39	1254	0.088953505	2.6941111
132	40	1255	0.03208792	1.5025021
339	41	1256	0.087554056	-0.97803403
738	41	1257	0.090258294	2.1152443
246	42	1258	0.09509561	1.785809
870	42	1259	0.09509561	-1.3557837
274	43	1260	0.0050750202	1.1303897
400	44	1261	0.097899134	1.1080664
409	44	1262	0.051725652	-2.3223921
739	44	1263	0.1158851	-0.9501308
350	45	1264	0.0050750202	-2.011203
362	45	1265	0.019585036	-1.3569142
470	45	1266	0.019585036	1.7846784
120	46	1267	0.040973039	1.8450248
710	46	1268	0.1043388	2.0549037
81	47	1269	0.040376893	-1.6754781
547	47	1270	0.01781223	1.5130654
830	47	1271	0.040376893	1.4661146
301	48	1272	0.017302901	2.3850723
658	48	1273	0.017302901	-0.75652033
694	49	1274	0.089685502	-0.84028898
779	49	1275	0.15474923	2.6334799
720	50	1276	0.014193578	-0.3676341
778	50	1277	0.048985597	-1.8552198
864	50	1278	0.20066425	1.7414047
108	51	1279	0.10343755	0.70227745
335	51	1280	0.0050750202	-2.011203
416	51	1281	0.23118708	-2.2746104
799	51	1282	0.26182322	0.84262801
901	51	1283	0.0050750202	-2.011203
501	52	1284	0.22589656	1.8851942
609	52	1285	0.0084634984	2.6714043
797	52	1286	0.017815585	2.3826714
71	53	1287	0.074986319	0.47044016
100	53	1288	0.054064841	0.67816171
111	53	1289	0.092332201	-2.7902007
580	53	1290	0.062785739	0.63563969
871	53	1291	0.023431588	0.19973734
59	54	1292	0.07891029	1.7104236
621	54	1293	0.0025233173	1.8024195
676	54	1294	0.0025233173	1.8024195
835	54	1295	0.036444006	-1.417345
56	55	1296	0.06057035	-2.6647635
409	55	1297	0.098587754	-1.2894657
524	55	1298	0.075656303	1.0538574
591	56	1299	0.057175115	-3.1382057
68	57	1300	0.17558709	2.3288509
96	57	1301	0.15437017	-0.85274689
322	58	1302	0.11260828	2.2284217
445	58	1303	0.098416933	-1.1383597
480	59	1304	0.064101238	1.6476284
137	60	1305	0.14605685	-1.0926178
381	60	1306	0.033434976	1.6718591
740	60	1307	0.065665977	2.3591477
854	60	1308	0.0050750202	-2.011203
79	61	1309	0.038220834	1.8791376
302	61	1310	0.14611585	2.0525603
562	61	1311	0.14866346	-1.0678822
748	61	1312	0.011218121	-0.87984148
758	62	1313	0.0050750202	1.1303897
94	63	1314	0.40677091	1.8861773
544	63	1315	0.035734605	0.57648998
339	64	1316	0.025204326	-1.4089661
566	65	1317	0.0073053005	2.6283114
637	65	1318	0.015812119	-0.8391224
734	65	1319	0.015812119	2.3024702
197	66	1320	0.16577273	0.68955932
657	66	1321	0.27213784	-2.5295399
863	66	1322	0.19526844	0.5595982
400	67	1323	0.025838856	3.0867634
588	67	1324	0.089468939	-1.139919
214	68	1325	0.062022388	-2.8971737
405	68	1326	0.0050750202	-2.011203
572	68	1327	0.10610683	2.3533199
582	68	1328	0.032675426	-2.8369889
745	68	1329	0.0050750202	-2.011203
624	69	1330	0.14518297	-1.5992391
810	70	1331	0.0333895	1.3268706
883	70	1332	0.0333895	-1.8147221
911	70	1333	0.0050750202	-2.011203
100	71	1334	0.024738805	-3.1387048
390	71	1335	0.099449123	0.98821836
580	71	1336	0.016644808	2.9428857
338	72	1337	0.035187564	1.2770143
774	72	1338	0.039148323	0.46674399
231	73	1339	0.026908039	1.9071803
238	73	1340	0.16443376	-1.4764129
372	73	1341	0.042332579	-1.3007257
531	73	1342	0.084409999	-1.4917348
659	73	1343	0.087777923	1.8500197
289	74	1344	0.23304758	-2.6446063
516	74	1345	0.24362247	0.62347701
143	75	1346	0.0050750202	-2.011203
603	75	1347	0.098362441	1.8806408
737	75	1348	0.12550676	-1.2680784
167	76	1349	0.033434976	1.6718591
439	76	1350	0.033434976	-1.4697335
535	76	1351	0.0050750202	-2.011203
419	77	1352	0.042268014	-1.6345488
243	78	1353	0.063580936	1.4815696
510	78	1354	0.0050750202	-2.011203
909	78	1355	0.089095637	-1.4092385
286	79	1356	0.10946908	1.7758587
748	79	1357	0.048807826	-1.1765385
808	79	1358	0.17196062	2.0009004
457	80	1359	0.21378835	-2.3810026
866	80	1360	0.039674243	-0.45330042
565	81	1361	0.07970882	-1.7260142
629	81	1362	0.07970882	1.4155784
136	82	1363	0.039721931	1.8282505
393	82	1364	0.022868886	1.8890499
762	82	1365	0.047891928	-1.3427595
768	82	1366	0.02990591	-1.2972246
594	83	1367	0.08157555	-1.8768876
825	83	1368	0.043303763	-1.8847346
317	84	1369	0.17862677	-1.6285154
490	84	1370	0.17862677	1.5130773
529	84	1371	0.09167224	-1.6388518
124	85	1372	0.02046731	0.83520634
299	85	1373	0.075333922	1.2334069
458	85	1374	0.013208083	-1.9571411
391	86	1375	0.0050750202	-2.011203
520	86	1376	0.016889248	-1.3469098
737	86	1377	0.016889248	1.7946828
117	87	1378	0.19527929	1.9463484
738	87	1379	0.06635243	-0.20569236
816	87	1380	0.022367302	-2.3582666
860	87	1381	0.065645214	2.1486448
836	88	1382	0.043328435	1.2024396
296	89	1383	0.073325145	-2.1983357
399	89	1384	0.021269093	1.1889326
824	89	1385	0.048098835	0.8157347
865	90	1386	0.12550676	-1.2680784
904	90	1387	0.040640023	-1.1757577
471	91	1388	0.1060445	-1.6228379
158	92	1389	0.056329925	2.0877078
275	92	1390	0.026784561	2.1652479
245	93	1391	0.078282737	-1.5585238
526	93	1392	0.028742283	1.3780173
690	93	1393	0.044076531	-1.4966325
716	93	1394	0.0050750202	-2.011203
727	93	1395	0.026801088	-1.5366042
783	93	1396	0.097464182	-1.4844666
384	94	1397	0.15184635	2.422051
215	95	1398	0.2642055	1.4726469
370	95	1399	0.2642055	1.4726469
639	95	1400	0.15508793	-1.6420841
306	96	1401	0.11973889	-0.33077034
628	96	1402	0.062022388	-2.8971737
805	96	1403	0.063863626	-1.411301
399	97	1404	0.021269093	-1.9526601
789	97	1405	0.021269093	1.1889326
891	97	1406	0.0050750202	-2.011203
175	98	1407	0.088640981	-1.6901191
255	98	1408	0.0050750202	-2.011203
278	98	1409	0.055587772	1.1476383
478	98	1410	0.020493812	-2.7142574
229	99	1411	0.0050750202	1.1303897
225	100	1412	0.013815419	1.6710268
193	101	1413	0.13827464	2.2829623
643	101	1414	0.022174929	1.2813538
657	101	1415	0.17253058	-0.59178534
207	102	1416	0.055576441	2.112721
406	102	1417	0.055576441	-1.0288717
170	103	1418	0.062086927	-2.1598429
387	103	1419	0.0050750202	-2.011203
480	103	1420	0.036059377	-1.5609021
907	103	1421	0.090893341	1.4587002
860	104	1422	0.0050750202	1.1303897
460	105	1423	0.006321245	-1.125264
150	106	1424	0.033676339	0.44907569
466	106	1425	0.0050750202	-2.011203
774	106	1426	0.054954097	-2.7364935
239	107	1427	0.02990591	-1.2972246
431	107	1428	0.023904732	1.6505702
134	108	1429	0.016253399	-1.8569583
364	108	1430	0.027503083	-1.8286051
718	108	1431	0.049521644	0.29867848
148	109	1432	0.31144144	-1.6580936
182	109	1433	0.0050750202	-2.011203
329	109	1434	0.44431446	-1.526227
377	109	1435	0.0050750202	-2.011203
455	109	1436	0.45680219	1.6705268
260	110	1437	0.047021545	-2.5440379
537	110	1438	0.069875112	1.5857027
580	110	1439	0.039622669	-0.53841394
836	111	1440	0.14171695	2.4817175
456	112	1441	0.06310131	-0.46871862
820	112	1442	0.11444676	2.336446
246	113	1443	0.43731683	-1.253151
507	113	1444	0.0050750202	-2.011203
890	113	1445	0.43731683	1.8884416
388	114	1446	0.098673193	-0.96939712
406	114	1447	0.082908372	2.5144446
549	114	1448	0	0
528	115	1449	0.15130838	2.5740547
883	115	1450	0.085292738	0.23513429
890	115	1451	0.28370239	-1.2327739
293	116	1452	0.23520477	1.9074691
764	116	1453	0.053279355	1.0175118
859	116	1454	0.1116029	1.022634
521	117	1455	0.0050750202	-2.011203
736	117	1456	0.095918828	1.9656188
755	117	1457	0.17722316	2.0144769
297	118	1458	0.0050750202	1.1303897
339	119	1459	0.10803227	-0.90251877
453	119	1460	0.090245037	2.3965611
801	119	1461	0.090245037	2.3965611
352	120	1462	0.1659002	1.691581
900	120	1463	0.05464681	-2.4751591
347	121	1464	0.023262561	-2.8521739
773	121	1465	0.023262561	0.28941875
280	122	1466	0.0050750202	-2.011203
297	122	1467	0.0050750202	-2.011203
357	122	1468	0.031922106	-1.3475138
732	122	1469	0.0050750202	-2.011203
831	122	1470	0.13860766	-0.92955315
325	123	1471	0.12336079	-1.8021143
328	123	1472	0.089591433	-2.0682874
761	123	1473	0.13619763	2.658231
849	123	1474	0.049260136	0.95695919
158	124	1475	0.039982836	-2.1373572
456	124	1476	0.090421933	2.2911756
458	124	1477	0.033187236	-2.1697752
142	125	1478	0	0
224	125	1479	0.044786447	-1.072848
385	125	1480	0.0050750202	1.1303897
898	126	1481	0.043540475	-2.4610316
332	127	1482	0.06724292	-1.9079328
661	127	1483	0.06724292	1.2336599
711	127	1484	0.036146398	-1.9151696
493	128	1485	0.061021548	1.8577031
528	129	1486	0.0050750202	1.1303897
557	130	1487	0.44116855	-2.3005757
615	130	1488	0.36923022	0.83704443
152	131	1489	0.0050750202	-2.011203
570	131	1490	0.0050750202	1.1303897
309	132	1491	0.037783569	2.687634
424	132	1492	0.089943078	-0.45627087
571	133	1493	0.12211912	-2.3271838
663	133	1494	0.063476342	-2.3147611
759	133	1495	0.050208154	-0.81449852
444	134	1496	0.027503083	-1.8286051
290	135	1497	0.050125875	2.8579089
585	135	1498	0.094332055	-1.8344293
714	135	1499	0.059321701	-2.5978597
742	135	1500	0.082263377	0.339737
318	136	1501	0.021161066	-1.2914654
393	136	1502	0.016952346	-1.3954028
875	136	1503	0.064126633	1.8721845
363	137	1504	0.028515009	2.7549962
398	137	1505	0.057497481	-0.051407528
740	137	1506	0.20955001	2.144768
274	138	1507	0.14930792	2.1434204
584	138	1508	0.14363168	-1.1271172
195	139	1509	0.15638201	2.3421806
528	139	1510	0.14325134	-0.1792455
839	139	1511	0.12215799	2.5583483
352	140	1512	0.21302405	1.8725516
509	140	1513	0.090100669	-1.457202
697	140	1514	0.099039099	-1.0788673
772	140	1515	0.20428528	-1.3949013
263	141	1516	0.011275903	2.9965917
583	141	1517	0.0050750202	-2.011203
678	141	1518	0.012298583	-2.7691157
721	141	1519	0.020523565	-0.085092817
385	142	1520	0.0050750202	1.1303897
508	144	1521	0.1081589	-1.5825075
701	144	1522	0.051801276	1.2020563
282	145	1523	0.0050750202	1.1303897
687	145	1524	2.220446e-16	0
373	146	1525	0.27752879	1.9019079
779	146	1526	0.15363486	0.25281196
345	147	1527	0.066573311	1.1259917
707	147	1528	0.051801276	-1.9395364
757	147	1529	0.025762348	-1.4898121
615	148	1530	0.40440334	-1.6050203
479	149	1531	0.016842737	-1.8005109
526	149	1532	0.028742283	-1.7635753
853	149	1533	0.028742283	1.3780173
601	150	1534	0.0519042	2.5174965
759	150	1535	0.22241776	-1.5542642
798	150	1536	0.16450148	1.448123
228	151	1537	0.31583743	1.6943092
284	151	1538	0.0050750202	-2.011203
570	151	1539	0.39865212	-1.5643484
172	153	1540	0.019580099	-2.5911795
785	153	1541	0.019580099	0.55041313
477	154	1542	0.2445243	1.8054257
847	154	1543	0.23668433	-1.3684476
309	155	1544	0.16067569	2.7052281
560	155	1545	0.16931459	-0.12256391
488	156	1546	0.078260649	1.5044232
790	156	1547	0.036444006	-1.417345
835	156	1548	0.029839536	1.8129289
178	157	1549	0.15587011	-0.99709873
607	157	1550	0.19031132	1.9173231
275	158	1551	0.029698408	-1.123804
388	158	1552	0.074990733	2.5046603
211	159	1553	0.068371968	-1.2659297
274	159	1554	0.14930792	2.1434204
584	159	1555	0.14363168	-1.1271172
200	160	1556	0.081147729	-1.6392647
210	160	1557	0.081147729	1.5023279
210	161	1558	0.29509857	-1.6127272
505	161	1559	0.32846388	1.5202463
467	162	1560	0.11849135	-0.901656
672	162	1561	0.15587011	2.1444939
850	162	1562	0.0387643	0.95563206
396	163	1563	0.065980415	1.491545
691	163	1564	0.065980415	-1.6500477
355	164	1565	0.40564617	0.80485858
746	164	1566	0.050631293	1.2853935
879	164	1567	0.44842137	-2.2824262
313	165	1568	0.040376893	-1.6754781
650	165	1569	0.040376893	1.4661146
307	166	1570	0.081823291	-1.9798124
620	166	1571	0.081823291	1.1617803
878	168	1572	0.046322544	-1.4770746
318	169	1573	0.039584375	1.8201029
334	169	1574	0.039584375	-1.3214898
480	170	1575	0.038168577	0.42006361
454	171	1576	0.0038797472	-3.0052621
236	173	1577	0.0050750202	-2.011203
401	173	1578	0.32846388	-1.6213464
506	173	1579	0.32846388	1.5202463
682	174	1580	0.03731173	-1.8948165
896	174	1581	0.03731173	1.2467761
800	175	1582	0.14268631	-1.408573
298	176	1583	1.4043334e-15	-2.8198421
577	176	1584	0.0050750202	-2.011203
619	176	1585	0.0050750202	1.1303897
723	177	1586	0.0050750202	1.1303897
467	178	1587	0.07415212	-0.80401288
808	178	1588	0.19285459	-1.254061
406	179	1589	0.041797489	2.7194654
549	179	1590	0.042839894	-0.82711166
692	180	1591	0.0050750202	1.1303897
470	181	1592	0.019585036	-1.3569142
274	183	1593	0.20305036	-1.0030911
462	183	1594	0.12356595	-1.1635711
437	184	1595	0.24840405	-1.4678007
476	184	1596	0.015812119	-0.8391224
291	185	1597	0.070543476	1.5003373
243	186	1598	0.16614848	-1.2986516
276	186	1599	0.092058428	1.9505074
283	186	1600	0.17320925	-1.6328183
778	186	1601	0.22924085	1.7304553
210	187	1602	0.15077926	1.6342023
217	187	1603	0.2186569	-1.6118856
199	188	1604	0.0050750202	1.1303897
268	189	1605	0.21836447	1.6642372
278	189	1606	0.28711462	-1.4287065
421	189	1607	0.13739877	1.5609976
365	190	1608	0.058461594	1.9058475
548	190	1609	0.036041487	1.590583
611	190	1610	0.11453842	-1.6010888
817	191	1611	0.030759148	0.76396413
378	192	1612	0.41297163	-1.2043402
773	192	1613	0.38935731	2.1092463
346	193	1614	0.12857179	0.57000136
355	193	1615	0.25382996	-2.372981
569	193	1616	0.031083938	-0.095506314
642	193	1617	0.046885417	0.52397223
643	193	1618	0.12769701	-0.71182918
352	194	1619	0.30691241	-1.2322897
398	194	1620	0.37710461	1.9477492
499	195	1621	0.097680409	1.8706318
546	195	1622	0.097680409	1.8706318
831	195	1623	0.19741936	1.8943287
839	195	1624	0.045392526	-1.4147311
845	195	1625	0.018430912	-1.6891686
372	196	1626	0.0062024898	2.4359788
309	197	1627	0.16097093	-0.11424622
863	197	1628	0.037629201	-0.048032641
273	198	1629	0.13135991	1.2493598
341	198	1630	0.061234209	1.0058539
234	199	1631	0.0050750202	-2.011203
349	199	1632	0.44842137	-2.2824262
660	199	1633	0.44842137	0.8591664
837	199	1634	0.0050750202	-2.011203
201	200	1635	0.081147729	-1.6392647
408	202	1636	0	0
584	202	1637	0.0050750202	1.1303897
249	203	1638	0.23436082	1.8705015
330	203	1639	0.0050750202	-2.011203
667	203	1640	0.18110417	-1.0803565
542	204	1641	0.059833728	2.8281591
632	204	1642	0.019780868	-0.34869609
328	205	1643	0.10892424	-2.5558285
730	205	1644	0.12814892	-0.69183929
849	205	1645	0.061974564	1.8931953
869	205	1646	0.067005658	1.2325203
717	206	1647	0.081823291	1.1617803
641	207	1648	0.055576441	2.112721
242	208	1649	0.24577031	-1.6874955
265	208	1650	0.016276306	1.5301321
319	208	1651	0.13967397	2.1923596
822	208	1652	0.17285058	-1.4826971
302	209	1653	0.14987306	2.0221508
420	209	1654	0.014230468	-1.4773839
562	209	1655	0.14514672	-1.0359516
258	210	1656	0.0050750202	-2.011203
513	210	1657	0.2186569	-1.6118856
606	211	1658	0.0050750202	-2.011203
892	211	1659	0.14363168	-1.1271172
246	212	1660	0.2626746	2.0869194
292	212	1661	0.17449871	-0.61626856
706	212	1662	0.10383876	2.152254
361	213	1663	0.0054676768	-0.60504806
558	213	1664	0.011275903	-0.14500095
252	214	1665	0.12940421	-1.651026
582	214	1666	0.029471728	0.17768263
749	214	1667	0.17558709	-0.81274174
775	215	1668	0.0050750202	-2.011203
821	215	1669	0.34421055	1.6249724
478	216	1670	0.020493812	0.42733523
348	217	1671	0.2186569	-1.6118856
513	217	1672	0.15077926	1.6342023
418	218	1673	0.015239117	0.58639573
550	219	1674	0.049955872	1.5158361
751	219	1675	0.049955872	-1.6257565
563	220	1676	0.1218798	-2.0257002
685	220	1677	0.091833153	0.94227991
713	220	1678	0.28627365	-1.8882733
868	220	1679	0.039674243	2.6882922
465	221	1680	0.12940421	-1.651026
722	221	1681	0.22797168	-1.5944409
793	221	1682	0.27349501	1.6020139
899	221	1683	0.13580898	1.5834527
290	222	1684	0.041153886	-1.8516851
627	222	1685	0.17401098	0.82311763
433	223	1686	0.073325145	-2.1983357
788	223	1687	0.091642685	-2.4722471
812	223	1688	0.044913079	-0.083736131
252	224	1689	0.037218724	-0.94562857
385	224	1690	0.047961376	1.9832919
369	225	1691	0.013815419	1.6710268
267	226	1692	0.022172067	2.415916
477	226	1693	0.22259973	1.7625596
747	226	1694	0.23668433	-1.3684476
602	227	1695	0.011993501	-2.4749748
776	227	1696	0.019580099	-2.5911795
792	227	1697	0.019580099	0.55041313
886	227	1698	0.15938581	1.3916938
348	228	1699	0.27812903	1.735738
495	228	1700	0.0050750202	-2.011203
587	228	1701	0.0050750202	-2.011203
603	229	1702	0.085283828	-1.2748807
646	229	1703	0.11242668	-1.2867912
865	229	1704	0.040640023	1.965835
904	229	1705	0.12550676	1.8735143
751	230	1706	0.049955872	1.5158361
531	231	1707	0.1106442	-1.4298042
659	231	1708	0.060933224	1.8247888
843	232	1709	0.073859399	2.0063235
576	233	1710	0.031050006	-3.0739824
788	233	1711	0.031050006	0.067610283
837	234	1712	0	0
568	235	1713	0.12550676	-1.2680784
574	235	1714	0.0050750202	-2.011203
646	235	1715	0.11242668	1.8548015
351	237	1716	0.11054097	-1.7249525
446	237	1717	0.13538332	1.5432995
531	238	1718	0.080044115	1.6813374
550	238	1719	0.15070525	-1.3663702
695	238	1720	0.07891029	-1.4311691
762	239	1721	0.023904732	1.6505702
538	240	1722	0.1005377	-1.4425002
883	240	1723	0.099021383	-2.9735806
300	241	1724	0.11053309	1.0625059
692	241	1725	0.11053309	-2.0790867
282	242	1726	0.15192449	-1.5118652
822	242	1727	0.08421903	1.0235207
285	243	1728	0.047894385	-0.61918078
365	243	1729	0.13128715	-1.4992036
909	243	1730	0.15151147	-1.5135683
447	244	1731	0.015812119	2.3024702
518	244	1732	0.0050750202	-2.011203
734	244	1733	0.015812119	-0.8391224
407	245	1734	0.10517556	-1.5018266
690	245	1735	0.034398798	1.5037325
706	246	1736	0.1592018	-1.09727
346	247	1737	0.021406556	-2.6852305
671	247	1738	0.0255687	0.58056363
334	248	1739	0.021809548	1.7460006
310	249	1740	0.23624744	1.8249536
376	250	1741	0.46444464	-2.2150421
718	250	1742	0.49078279	1.0034194
572	251	1743	0.097899134	1.1080664
677	251	1744	0.099775528	2.1496641
385	252	1745	0.084706646	2.0761673
423	253	1746	0.063152167	-1.7867861
425	253	1747	0.22281202	1.4064183
827	253	1748	0.11638904	-1.7889131
910	253	1749	0.0050750202	-2.011203
305	254	1750	0.030606975	3.0770397
619	254	1751	0.077355534	-2.4730778
666	254	1752	0.026467729	-0.16077678
380	256	1753	0.083336805	1.4085238
846	256	1754	0.0050750202	1.1303897
392	257	1755	0.0050750202	1.1303897
673	259	1756	0.03286209	0.53070875
782	259	1757	0.03286209	-2.6108839
294	261	1758	0.0050750202	1.1303897
770	262	1759	0.0050750202	1.1303897
366	263	1760	0.011275903	2.9965917
399	264	1761	0.048098835	-2.325858
824	264	1762	0.021269093	-1.9526601
464	265	1763	0.016276306	1.5301321
299	266	1764	0.021350322	-1.9442964
848	266	1765	0.021350322	1.1972963
421	268	1766	0.082915283	-1.3057398
533	268	1767	0.038434057	-1.0594701
765	268	1768	0.3222749	1.795876
878	268	1769	0.079793013	-1.5983863
900	268	1770	0.044994717	-0.94029264
506	269	1771	0.0050750202	1.1303897
887	269	1772	0.0050750202	-2.011203
365	270	1773	0.0050750202	1.1303897
574	271	1774	0.0050750202	1.1303897
731	272	1775	0.0050750202	1.1303897
341	273	1776	0.073431709	-1.6897959
614	273	1777	0.13075633	1.2594129
315	274	1778	0.0050750202	-2.011203
462	274	1779	0.083441908	2.3773975
283	276	1780	0.25943365	-1.4805322
778	276	1781	0.14084316	1.5872935
636	277	1782	0.070543476	-1.6412554
312	278	1783	0.21288564	1.7037858
394	278	1784	0.21001895	-1.1763095
481	279	1785	0.031159397	-1.401166
568	279	1786	0.031159397	1.7404266
838	279	1787	0.013577934	1.8476982
768	281	1788	0.02990591	1.844368
687	282	1789	0.0050750202	-2.011203
345	283	1790	0.16120078	-1.5719686
681	285	1791	0.0050750202	-2.011203
696	285	1792	0.0441597	-1.1381799
884	285	1793	0.033792177	1.3787057
467	286	1794	0.18815659	1.8843202
585	287	1795	0.0050750202	1.1303897
364	288	1796	0.027503083	1.3129876
375	288	1797	0.027503083	-1.8286051
444	288	1798	0.011265644	1.3538997
503	289	1799	0.11925392	-2.2667793
664	289	1800	0.13495254	2.8879368
714	290	1801	0.044797182	-1.6298554
636	291	1802	0.070543476	1.5003373
398	292	1803	0.17379216	-0.33079367
759	293	1804	0.1116029	1.022634
455	294	1805	0.55839905	-1.4965888
570	294	1806	0.61499947	1.6222194
826	294	1807	0.0050750202	-2.011203
368	295	1808	0.094026835	1.1103539
415	295	1809	0.0050750202	-2.011203
436	295	1810	0.13906085	-1.9127932
893	295	1811	0.11212854	1.2488695
654	296	1812	0.091512673	-2.4255437
791	296	1813	0.048098835	0.8157347
619	298	1814	0.0050750202	1.1303897
441	299	1815	0.039237852	1.1868061
525	301	1816	0.017302901	2.3850723
382	302	1817	0.16923745	2.0596974
808	302	1818	0.065128009	1.8126614
567	303	1819	0.41169612	0.9467079
627	303	1820	0.42827086	-2.2961207
912	304	1821	0.073325145	0.94325696
619	305	1822	0.058324879	-2.1142797
651	305	1823	0.097135574	1.0385844
666	305	1824	0.057009007	-0.10917295
859	305	1825	0.20095081	1.8484723
664	306	1826	0.13040377	-0.39008122
805	306	1827	0.10589931	-2.9113737
717	307	1828	0.081823291	-1.9798124
871	308	1829	0.0050750202	1.1303897
863	309	1830	0.12344929	3.0071769
625	310	1831	0.13236885	1.8898789
329	311	1832	0.26473588	2.1508679
384	311	1833	0.27729359	-1.7918075
725	311	1834	0.0050750202	-2.011203
823	311	1835	0.38058739	-1.4212701
500	312	1836	0.0050750202	-2.011203
688	312	1837	0.0050750202	-2.011203
878	312	1838	0.21375055	1.7353099
502	313	1839	0.040376893	-1.6754781
830	313	1840	0.07970882	-1.7260142
426	314	1841	0.081823291	-1.9798124
503	314	1842	0.081823291	1.1617803
441	316	1843	0.065653974	1.1858587
458	316	1844	0.062145024	-1.8977849
397	317	1845	0.17862677	-1.6285154
529	317	1846	0.08696459	1.5239733
431	318	1847	0.036610838	-1.3776718
652	318	1848	0.11242668	1.8548015
875	318	1849	0.085283828	1.866712
390	319	1850	0.15637535	2.0975216
786	320	1851	0.11053309	-2.0790867
374	321	1852	0.13860766	2.2120395
440	321	1853	0.15177704	-2.0231272
735	322	1854	0.10235411	2.109775
591	323	1855	0.023612127	3.0402663
697	324	1856	0.23752821	1.7061501
720	324	1857	0.313685	-1.4005791
328	325	1858	0.043803834	1.907535
358	325	1859	0.064049856	2.8662444
836	325	1860	0.1004001	-0.97289567
672	326	1861	0.0050750202	1.1303897
784	327	1862	0.080069821	-1.6820507
809	327	1863	0.12881247	-1.8376197
615	329	1864	0.27729359	-1.7918075
462	331	1865	0.039549928	1.3605377
711	332	1866	0.031098569	1.2420714
617	333	1867	0.019220484	1.7750468
803	333	1868	0.019220484	-1.3665458
669	335	1869	0.035487377	0.71752297
901	335	1870	0	0
805	336	1871	0.13518935	-1.059145
851	336	1872	0.17558709	2.3288509
559	337	1873	0.055242137	0.35086504
902	337	1874	0.059763495	2.3434124
532	338	1875	0.070844519	1.9109829
601	338	1876	0.081156904	0.67232304
774	338	1877	0.029524228	-0.57530961
635	339	1878	0.066090191	-1.0938019
738	339	1879	0.17776048	2.139034
813	339	1880	0.022535886	-1.3867787
659	340	1881	0.014391031	-2.0478813
689	340	1882	0.0067192152	2.0044449
715	340	1883	0.012722677	-0.43873442
794	340	1884	0.12950321	2.0218505
855	340	1885	0.032450087	-1.3359037
882	340	1886	0.049985031	2.0903562
356	341	1887	0.051199386	0.47184949
698	341	1888	0.0057777217	-2.8445044
437	342	1889	0.13111414	1.9714141
422	343	1890	0.053596005	-1.979989
516	343	1891	0.058668767	1.158904
520	344	1892	0.016889248	1.7946828
670	345	1893	0.074994091	-1.3794234
757	345	1894	0.089791732	-1.8710986
355	346	1895	0.38072036	-2.4396623
360	346	1896	0.23817651	0.39384924
671	346	1897	0.046885417	0.52397223
679	348	1898	0.073615749	-2.2671691
492	349	1899	0.033052227	-1.5454575
634	349	1900	0.40564617	-2.3367341
769	349	1901	0.018827864	-1.6060201
407	351	1902	0.065083692	-1.5834742
434	352	1903	0.0050750202	-2.011203
608	353	1904	0.040769785	1.2383425
722	353	1905	0.056069252	1.2255354
385	354	1906	0.22377452	-1.3253271
445	354	1907	0.13017713	1.6306551
585	356	1908	0.03052536	1.7860345
894	356	1909	0.082263377	0.339737
440	357	1910	0.16140486	-1.0314913
836	358	1911	0.15504729	-0.70432888
906	358	1912	0.13849736	3.0046334
584	359	1913	0.29311191	1.9059297
756	359	1914	0.045071202	1.8098337
852	359	1915	0.0050750202	-2.011203
872	359	1916	0.43731683	-1.253151
892	359	1917	0.22478078	1.9151347
436	360	1918	0.35506558	1.262378
881	360	1919	0.0050750202	-2.011203
558	361	1920	0.006823153	0.21875609
643	362	1921	0.019585036	-1.3569142
545	363	1922	0.23521234	-1.1259226
590	363	1923	0.27039945	2.0635641
815	363	1924	0.10059187	2.0780081
611	365	1925	0.17042633	-1.478225
909	365	1926	0.020325534	-1.6064837
558	366	1927	0.011275903	2.9965917
635	367	1928	0.029986875	-2.1549891
639	367	1929	0.021810376	-0.34047474
780	367	1930	0.033089058	1.690876
841	367	1931	0.10084242	1.4850291
565	368	1932	0.07970882	1.4155784
842	368	1933	0.027308785	0.03271321
821	370	1934	0.34421055	1.6249724
741	371	1935	0.097878832	0.96406601
812	371	1936	0.1364574	-2.344981
485	372	1937	0.07891029	-1.4311691
543	373	1938	0.0050750202	-2.011203
802	373	1939	0.080111512	1.8211662
424	374	1940	0.088953505	2.6941111
817	376	1941	0.030759148	-2.3776285
866	376	1942	0.039674243	2.6882922
477	378	1943	0.275012	-1.3779624
877	378	1944	0.0050750202	-2.011203
654	379	1945	0.040450443	-1.8322916
513	380	1946	0.039267966	0.89078489
846	380	1947	0.078469193	-1.7153106
439	381	1948	0.033434976	1.6718591
443	382	1949	0.25616895	1.8963486
594	383	1950	0.08157555	1.2647051
615	384	1951	0.26473588	2.1508679
823	384	1952	0.15809571	-0.73308299
602	386	1953	0.019580099	0.55041313
785	386	1954	0.00779256	-2.7705884
549	388	1955	0.098673193	2.1721955
912	389	1956	0.0050750202	1.1303897
580	390	1957	0.10680378	-2.2983846
731	390	1958	0.15513373	1.4209855
897	390	1959	0.047820402	2.1473286
684	392	1960	0.064101238	1.6476284
806	392	1961	0.044994073	-1.8567788
834	393	1962	0.0050750202	-2.011203
794	394	1963	0.2171426	-1.1619008
562	395	1964	0.0098229966	1.1990406
804	395	1965	0.024269937	1.3426516
410	396	1966	0.15010988	0.3820973
540	399	1967	0.0050750202	-2.011203
514	400	1968	0.11843266	1.7495769
588	400	1969	0.10407096	-0.91854916
505	401	1970	0.32846388	-1.6213464
709	401	1971	0.0050750202	-2.011203
612	402	1972	0.053202532	1.5594683
485	403	1973	0.14193775	1.6822526
617	403	1974	0.10221437	-1.3979885
815	404	1975	0.0099972322	2.1392192
913	404	1976	0.0064737764	-1.3836959
549	406	1977	0.082908372	-0.62714803
562	406	1978	0.069056217	2.6895886
584	408	1979	0.0050750202	1.1303897
579	409	1980	0.10369142	-2.6722442
469	410	1981	0.11740572	0.12538658
626	410	1982	0.0050750202	-2.011203
661	411	1983	0.097858131	-1.2160288
664	411	1984	0.12791261	0.34200275
805	411	1985	0.123773	2.5568464
555	412	1986	0.0050750202	-2.011203
662	412	1987	0.028057301	2.0406675
795	412	1988	0.0050750202	-2.011203
741	413	1989	0.0050750202	1.1303897
905	414	1990	0.0050750202	1.1303897
567	416	1991	0.31467051	-2.2407319
451	417	1992	0.026467729	-0.16077678
666	417	1993	0.025537218	2.7886237
856	418	1994	0.015239117	0.58639573
686	419	1995	0.0050750202	-2.011203
849	419	1996	0.042268014	-1.6345488
905	419	1997	0.02351217	-1.6742547
693	420	1998	0.020541291	0.070707952
797	421	1999	0.3222749	1.795876
516	422	2000	0.11226467	1.1601929
767	422	2001	0.11226467	-1.9813998
827	423	2002	0.053237189	-1.7914361
452	425	2003	0.22281202	-1.7351744
457	425	2004	0.15129924	0.99929205
620	426	2005	0.081823291	-1.9798124
892	427	2006	0.10315453	-1.1974283
578	428	2007	0.018898766	-2.2926754
849	429	2008	0.0050750202	1.1303897
532	430	2009	0.15456305	-1.8729455
683	430	2010	0.27553317	-1.5810325
792	430	2011	0.32847063	1.607926
857	430	2012	0.30480099	-1.6063885
762	431	2013	0.02990591	-1.2972246
765	432	2014	0.0050750202	1.1303897
618	433	2015	0.083086899	-1.9759951
728	433	2016	0.17731895	-2.3555851
473	435	2017	0.042444125	1.4402159
517	435	2018	0.0050750202	-2.011203
552	435	2019	0.03764256	-1.6602591
906	436	2020	0.18536411	1.0669
735	437	2021	0.0050750202	-2.011203
483	438	2022	0.011549356	-1.2630233
739	438	2023	0.011549356	1.8785694
475	440	2024	0.16140486	2.1101013
839	440	2025	0.1844755	-1.2235651
656	441	2026	0.10650733	-1.5866499
707	441	2027	0.1081589	1.5590851
553	442	2028	0.020523565	-0.085092817
721	442	2029	0.020523565	3.0564998
607	443	2030	0.17612321	1.9395577
797	446	2031	0.033218469	2.2687151
476	447	2032	0.15014862	-1.3048175
564	448	2033	0.049627459	0.98827775
819	448	2034	0.099839063	-2.0777846
565	449	2035	0.11212854	-1.8927232
889	449	2036	0.094026835	-2.0312388
889	450	2037	0.0050750202	1.1303897
666	451	2038	0.05176509	2.8864445
840	451	2039	0.069048447	-0.01067062
827	452	2040	0.11638904	-1.7889131
556	453	2041	0.041553118	-2.5586264
525	454	2042	0.017302901	-0.75652033
632	454	2043	0.019780868	2.7928966
655	457	2044	0.0050750202	-2.011203
674	457	2045	0.20341805	-2.098636
608	461	2046	0.040769785	-1.9032502
501	463	2047	0.32463363	-1.2658916
833	463	2048	0.0050750202	-2.011203
913	463	2049	0.18190854	2.2393183
604	464	2050	0.016276306	1.5301321
539	466	2051	0.054954097	-2.7364935
556	467	2052	0.024228578	0.64746655
595	469	2053	0.05383821	1.6187282
782	469	2054	0.18037982	-0.70941493
570	471	2055	0.1060445	-1.6228379
614	472	2056	0.12494119	0.57892442
741	472	2057	0.16025772	0.92466546
552	473	2058	0.080069821	-1.6820507
809	473	2059	0.044913079	3.0578565
625	474	2060	0.0050750202	1.1303897
526	479	2061	0.011927261	-1.7114059
665	482	2062	0.032617322	-2.1513621
714	482	2063	0.037649251	1.0090629
753	482	2064	0.0050750202	-2.011203
690	484	2065	0.091305469	1.5216404
693	486	2066	0.065433061	2.4745409
804	486	2067	0.057251474	-1.5239938
820	486	2068	0.096411375	-0.72240656
620	487	2069	0.0050750202	1.1303897
496	488	2070	0.036444006	1.7242477
560	489	2071	0.095190895	2.6209907
782	489	2072	0.12007624	2.9771321
536	490	2073	0.17862677	1.5130773
631	490	2074	0.08696459	1.5239733
684	491	2075	0.044994073	1.2848139
702	491	2076	0.044017167	1.8196149
806	491	2077	0.064101238	-1.4939642
699	492	2078	0.033052227	-1.5454575
769	492	2079	0.014304346	1.6758856
882	493	2080	0.061021548	1.8577031
621	496	2081	0.048420134	-1.8409978
676	496	2082	0.048420134	-1.8409978
806	496	2083	0.035582398	1.3352217
674	497	2084	0.0050750202	1.1303897
831	499	2085	0.099793221	1.9175238
688	500	2086	1.5423711e-15	2.6135182
629	502	2087	0.040376893	-1.6754781
661	503	2088	0.14099277	-3.0757333
571	504	2089	0.0050750202	1.1303897
624	506	2090	0.14518297	1.5423536
766	506	2091	0.17862677	1.5130773
633	508	2092	0.028057301	-1.1009251
656	508	2093	0.074994091	1.7621692
772	509	2094	0.11449691	-1.3458874
712	511	2095	0.20190356	1.718008
715	511	2096	0.036358949	3.0265239
884	511	2097	0.076058473	-1.4101768
575	512	2098	0.0089674579	3.0064675
758	512	2099	0.0089674579	-0.13512516
846	513	2100	0.11401474	-1.8919703
524	514	2101	0.094516747	-2.102737
722	514	2102	0.26652779	1.55567
600	515	2103	0.11249859	-2.1980119
876	515	2104	0.11249859	0.94358079
634	516	2105	0.39788633	0.7823799
867	519	2106	0.06535877	1.288359
803	522	2107	0.019220484	1.7750468
832	522	2108	0.019220484	-1.3665458
638	523	2109	0.20522893	0.80881284
746	523	2110	0.062125993	2.7523311
727	526	2111	0.055186522	-1.6540731
614	527	2112	0.0050750202	1.1303897
785	530	2113	0.0050750202	1.1303897
649	532	2114	0.035187564	-1.8645784
857	532	2115	0.16093174	-1.3506217
895	532	2116	0.06535877	-1.8532337
900	533	2117	0.0082204208	-0.35086111
698	534	2118	0.0050750202	1.1303897
631	536	2119	0.09167224	-1.6388518
730	537	2120	0.10038221	2.8336684
584	538	2121	0.0941444	-1.3656384
811	538	2122	0.17505163	-1.2452545
774	539	2123	0.0050750202	1.1303897
635	541	2124	0.029986875	-2.1549891
639	541	2125	0.021810376	-0.34047474
744	542	2126	0.0050750202	-2.011203
607	544	2127	0.36255146	-1.1495559
823	544	2128	0.39249701	1.9708154
902	544	2129	0.24291237	-1.1901214
765	545	2130	0.30691241	-1.2322897
831	546	2131	0.099793221	1.9175238
830	547	2132	0.022599759	1.429115
724	550	2133	0.074542887	-1.6386617
703	551	2134	0.0050750202	1.1303897
596	552	2135	0.12881247	1.303973
792	552	2136	0.15938581	-1.7498988
886	552	2137	0.019580099	-2.5911795
622	553	2138	0.020523565	3.0564998
644	553	2139	0.011395637	-3.0163735
856	553	2140	0.020523565	-0.085092817
665	554	2141	0.070263474	1.0003211
795	555	2142	0	0
801	556	2143	0.041553118	0.58296625
850	556	2144	0.13061548	2.1405396
660	557	2145	0.43494435	-2.3039299
755	559	2146	0.065314978	-0.8304958
866	561	2147	0.0050750202	1.1303897
713	563	2148	0.16638286	-1.7877519
728	564	2149	0.073325145	0.94325696
680	565	2150	0.027308785	0.03271321
734	566	2151	0.0091935875	2.0452857
752	567	2152	0.0077302553	1.0322911
838	568	2153	0.017719245	-1.483301
875	568	2154	0.098362441	-1.2609518
638	569	2155	0.40564617	-2.3367341
643	569	2156	0.10389765	-0.88563966
663	571	2157	0.058652978	0.80096448
683	571	2158	0.19539051	1.4243716
857	571	2159	0.16548286	1.446707
851	572	2160	0.18209563	-0.84892288
882	573	2161	0.0050750202	1.1303897
796	576	2162	0.031050006	-3.0739824
589	578	2163	0.29711051	-2.2896593
746	578	2164	0.081156904	0.67232304
840	579	2165	0.090853148	-2.7972143
871	580	2166	0.042707014	-2.2721697
897	580	2167	0.12800666	1.2118751
694	581	2168	0.089565516	2.005537
890	581	2169	0.089565516	-1.1360556
892	584	2170	0.068371968	-1.2659297
697	586	2171	0.13859828	1.6924371
799	589	2172	0.44842137	-2.2824262
740	590	2173	0.083514426	-1.0638418
815	590	2174	0.16982429	-1.0865839
872	590	2175	0.41154337	1.9342441
599	591	2176	0.085121847	-2.9582554
864	592	2177	0.0050750202	1.1303897
720	593	2178	0.0050750202	1.1303897
825	594	2179	0.038274628	1.2735832
784	596	2180	0.044913079	3.0578565
731	597	2181	0.0050750202	1.1303897
726	598	2182	0.16769518	-1.3139421
765	598	2183	0.089770691	2.0209348
651	599	2184	0.086178699	-2.8465442
824	600	2185	0.060934001	-2.7708836
668	602	2186	0.019580099	-2.5911795
638	605	2187	0.0050750202	1.1303897
797	609	2188	0.0099972322	2.1392192
816	610	2189	0.059268156	1.6054205
907	611	2190	0.088429703	-1.2519285
909	611	2191	0.15029023	1.680667
670	612	2192	0.10650733	1.5549428
701	612	2193	0.066573311	-2.0156009
704	613	2194	0.014587082	1.2229085
627	614	2195	0.16025772	0.92466546
786	615	2196	0.11053309	1.0625059
689	616	2197	0.032450087	1.805689
855	616	2198	0.0067192152	-1.1371478
684	617	2199	0.09864582	-1.2776597
695	617	2200	0.1223704	1.8114067
828	618	2201	0.023463323	0.017779738
764	619	2202	0.20095081	1.8484723
676	621	2203	0	0
644	622	2204	0.0096760394	-0.33350598
698	623	2205	0.0050750202	1.1303897
822	625	2206	0.10755132	2.0298874
741	627	2207	0.12494119	-2.5626682
749	628	2208	0.15437017	2.2888458
861	629	2209	0.034518866	1.3978531
656	630	2210	0.041610471	1.1203361
662	633	2211	0.028057301	-1.1009251
750	633	2212	0.0050750202	-2.011203
746	638	2213	0.23508395	-2.5814616
703	639	2214	0.12088159	1.4408507
904	639	2215	0.081303377	-1.2719266
757	640	2216	0.0050750202	1.1303897
858	642	2217	0.19706754	0.78558251
657	643	2218	0.18037982	-0.70941493
645	644	2219	0.0050750202	-2.011203
763	647	2220	0.088888401	1.6363338
654	648	2221	0.13377664	0.95184394
798	648	2222	0.23925153	-1.7459799
895	649	2223	0.03017611	-1.8400048
737	652	2224	0.11242668	1.8548015
708	653	2225	0.12136183	1.3641126
758	653	2226	0.033387597	2.6049409
876	653	2227	0.19954289	-1.679596
894	653	2228	0.063092343	3.097848
729	658	2229	0.017302901	-0.75652033
794	659	2230	0.13860767	1.9386415
714	665	2231	0.070263474	1.0003211
787	667	2232	0.26474292	-1.152216
785	668	2233	0.00779256	-2.7705884
754	669	2234	0.22665646	0.86216577
901	669	2235	0.035487377	-2.4240697
858	671	2236	0.076581143	1.1529302
902	672	2237	0.26464997	1.9606217
723	674	2238	0.039674243	-0.45330042
828	675	2239	0.015749837	-2.0305559
908	675	2240	0.012308444	-2.1155085
912	675	2241	0.025941732	2.6157976
874	678	2242	0.012298583	-2.7691157
731	679	2243	0.021780599	-3.0883059
763	679	2244	0.09878189	1.5538504
842	680	2245	0.07970882	-1.7260142
715	689	2246	0.018383585	-0.67597176
855	689	2247	0.039059559	-1.3019308
783	690	2248	0.053393605	-1.4744236
829	692	2249	0.11053309	-2.0790867
704	693	2250	0.014587082	-1.9186841
884	696	2251	0.074248401	1.7339815
818	698	2252	0.11260235	0.76299159
751	700	2253	0.0050750202	1.1303897
907	702	2254	0.07891029	1.7104236
841	703	2255	0.030124078	-2.7279806
904	705	2256	0.0050750202	1.1303897
742	708	2257	0.070044729	3.0719514
888	708	2258	0.036062565	2.6730498
726	710	2259	0.030467055	2.3911106
720	712	2260	0.15897718	1.9428282
879	718	2261	0.44842137	0.8591664
863	719	2262	0.089943078	2.6853218
844	722	2263	0.0050750202	-2.011203
907	724	2264	0.011843703	0.75895734
900	726	2265	0.1087717	-1.4157812
783	727	2266	0.070713308	-1.4647136
781	728	2267	0.044913079	-0.083736131
788	728	2268	0.16025772	0.92466546
763	731	2269	0.10263636	1.3405485
897	731	2270	0.12353509	-1.9806154
868	733	2271	0.0050750202	1.1303897
755	736	2272	0.081553446	2.07195
896	740	2273	0.31869529	1.925691
888	742	2274	0.03938817	0.2939282
848	743	2275	0.021350322	-1.9442964
783	747	2276	0.30265043	-1.3979794
799	754	2277	0.0050750202	1.1303897
811	756	2278	0.16667068	1.8687308
771	757	2279	0.0050750202	-2.011203
894	758	2280	0.037200587	-2.7467202
859	759	2281	0.23520477	-1.2341235
893	761	2282	0.13475941	-2.5779303
846	763	2283	0.2186569	1.5297071
859	764	2284	0.058324879	1.027313
797	765	2285	0.082915283	-1.3057398
774	770	2286	0.091362443	0.97839393
777	770	2287	0.0050750202	-2.011203
867	770	2288	0.06535877	-1.8532337
895	770	2289	0.097136663	1.7322216
864	772	2290	0.23300752	-1.3593331
787	773	2291	0.33402963	1.8884283
785	776	2292	0.019580099	-2.5911795
864	778	2293	0.24561078	1.6536382
813	780	2294	0.044259986	-2.6393392
841	780	2295	0.068785234	1.3865453
912	781	2296	0.097878832	0.96406601
821	783	2297	0.33929207	-1.3881537
847	783	2298	0.28136364	1.704907
819	784	2299	0.097878832	-2.1775266
898	787	2300	0.043540475	0.68056109
824	791	2301	0.073325145	0.94325696
899	793	2302	0.13773249	-1.5212768
882	794	2303	0.079708891	-1.1626813
856	796	2304	0.031050006	-3.0739824
828	812	2305	0.16349817	-2.2066995
908	812	2306	0.16025772	-2.2169272
913	815	2307	0.016186318	-1.1517706
860	816	2308	0.073544282	1.8463246
868	827	2309	0.12094258	-1.8612433
908	828	2310	0.0036388718	1.4021361
845	839	2311	0.02809885	1.9055722
913	843	2312	0.073859399	2.0063235
869	849	2313	0.042106136	0.10532921
905	849	2314	0.01879756	1.5567156
860	850	2315	0.044459162	-0.33752311
882	855	2316	0.081639408	1.9784954
903	861	2317	0.034518866	1.3978531
896	872	2318	0.17612766	-1.1239626
907	885	2319	0.0050750202	1.1303897
893	889	2320	0.07970882	-1.7260142
