from	to	label	distance	angle
1	129	1	0.047570087	-1.4017454
1	304	2	0.16793125	-0.98403246
1	352	3	0.14603933	2.5770371
1	408	4	0.10739632	-0.9364545
2	29	5	0.23454596	1.0755983
2	110	6	0.068836829	1.1156262
2	171	7	0.17969219	-1.6371552
2	298	8	0.21713908	-1.9377525
3	287	9	0.10808568	2.356117
3	371	10	0.090610878	-2.0682887
3	408	11	0.085268769	0.050697407
4	12	12	0.37694431	-2.0279922
4	377	13	0.15805534	1.1151061
4	392	14	0.44792481	1.1020828
5	117	15	0.046556381	-1.6620097
5	393	16	0.046556381	1.4795829
6	58	17	0.23156271	2.1751456
6	84	18	0.11685858	-1.7010855
7	94	19	0.041415263	1.1441869
7	395	20	0.11416596	1.1579397
8	45	21	0.059047826	-0.4040757
8	229	22	0.073645091	-1.0602097
9	239	23	0.30105443	2.0775774
9	341	24	0.23622699	-0.75934319
10	12	25	0.59583351	1.113201
10	27	26	0.48932854	1.0986516
10	338	27	0.67860625	-2.0346962
11	60	28	0.049678783	0.58401031
11	206	29	0.30195171	-1.494518
11	216	30	0.10154839	1.112368
11	445	31	0.145433	1.9299523
12	64	32	0.48932854	1.0986516
13	106	33	0.57156057	1.4989245
13	226	34	0.11897343	1.3447033
13	269	35	0.48170854	-1.5737934
14	46	36	0.21463292	2.5100424
14	86	37	0.12414724	-0.32311012
15	31	38	0.47554477	2.4906265
15	77	39	0.17209598	0.80323564
15	98	40	0.21551654	0.36561091
16	231	41	0.038941338	-0.39823054
16	317	42	0.031363955	-1.9473256
16	328	43	0.031363955	-1.9473256
16	451	44	0.050528518	2.0738905
17	36	45	0.23107997	1.4158825
17	93	46	0.16445676	-2.7466736
17	144	47	0.051114202	-2.2844229
18	84	48	0.23033769	-0.84852132
18	341	49	0.17580153	1.8830736
19	244	50	0.022385028	-2.1886121
20	152	51	0.04658697	1.4117939
21	80	52	0.16535244	-0.58413955
21	155	53	0.26737768	-0.74896125
21	236	54	0.30835218	2.1196758
21	273	55	0.036354937	-2.4974998
22	205	56	0.50561772	-2.0205619
22	338	57	0.44912789	1.113177
22	404	58	0.10980917	-2.0666576
23	130	59	0.074524911	0.99677477
23	168	60	0.16364219	-2.3711319
23	434	61	0.14066951	-2.0446636
24	112	62	0.36212661	2.4481246
24	121	63	0.31969543	-0.6368739
25	87	64	0.19529506	1.0939887
25	382	65	0.19057332	-2.1059331
26	266	66	0.13774849	2.8795872
26	329	67	0.19562803	-0.13222284
27	64	68	0.59583351	1.113201
28	206	69	0.065439829	1.6638441
28	256	70	0.2461939	-1.6769458
29	81	71	0.36479003	-1.7963923
29	248	72	0.20353902	-1.9095948
29	262	73	0.17021425	1.0577095
30	104	74	0.077702553	-1.4335494
30	185	75	0.12716655	1.4706463
30	337	76	0.082742167	1.9659099
31	163	77	0.22186129	-2.6819697
31	278	78	0.1713999	2.0878625
32	181	79	0.18808745	1.8399183
32	200	80	0.06015904	-1.9692794
32	228	81	0.16472617	-1.1913207
32	448	82	0.047883085	2.5039582
33	209	83	0.10298223	-1.0957996
33	391	84	0.33668051	2.3697755
33	416	85	0.19463141	-0.44140392
34	84	86	0.4010004	2.5429834
34	363	87	0.46143859	-0.67735829
34	427	88	0.031363955	-1.9473256
35	141	89	0.18643469	-1.2749893
35	288	90	0.16841626	2.1305283
35	447	91	0.024410751	0.26761574
36	323	92	0.11346763	1.1676601
36	385	93	0.26338967	1.2041843
37	117	94	0.046556381	1.4795829
37	134	95	0.13352149	-1.8740594
38	155	96	0.13271469	1.9906813
38	284	97	0.070942217	-0.16792241
39	409	98	0.14052126	1.6722057
39	414	99	0.21183557	-1.5243888
40	147	100	0.034849636	-2.044981
40	228	101	0.28258734	1.463713
40	309	102	0.26966419	-1.7800178
40	324	103	0.11869147	1.5034124
40	409	104	0.038606052	-2.1242743
41	180	105	0.14764738	1.9785145
41	203	106	0.063217786	-0.98034459
41	361	107	0.15867499	-0.86177912
41	416	108	0.23556026	2.4515906
42	89	109	0.023760256	0.13249889
43	118	110	0.084813311	2.9340637
43	371	111	0.15049952	1.9141023
44	337	112	0.02392087	2.4006477
45	81	113	0.21097621	0.99193103
45	357	114	0.059047826	2.737517
45	437	115	0.18183698	-1.8711806
46	191	116	0.077381562	0.20119639
46	301	117	0.032212609	1.3879664
46	422	118	0.11384323	-2.0750448
47	309	119	0.011694894	-0.76591069
48	67	120	0.028783266	-0.17746906
48	376	121	0.031363955	-1.9473256
48	442	122	0.028783266	2.9641236
48	450	123	0.031363955	-1.9473256
49	115	124	0.007102435	-0.44372821
49	227	125	0.25183558	1.4810755
50	61	126	0.25032433	1.7326295
50	221	127	0.20373523	-1.9884471
50	282	128	0.031363955	-1.9473256
50	300	129	0.066389065	2.8076712
50	359	130	0.087159131	1.5057774
50	384	131	0.38028647	-1.1510565
50	413	132	0.10213471	0.64923912
51	258	133	0.099904729	2.584156
51	280	134	0.12891783	0.92468212
52	75	135	0.030056225	-1.1731034
53	87	136	0.021275078	-1.6000038
54	211	137	0.1120999	1.1131164
55	60	138	0.026715788	-1.0618461
55	188	139	0.11940012	1.933659
55	198	140	0.057034059	2.1253663
55	443	141	0.10963941	1.459019
56	130	142	0.11983451	1.1086017
56	261	143	0.24332918	-2.1327002
56	434	144	0.095405992	-2.1375616
57	320	145	0.11090716	-0.20328882
58	341	146	0.096000201	2.7828238
58	372	147	0.06643208	0.5828129
59	373	148	0.27709541	0.84994444
59	397	149	0.13984508	-1.338604
60	443	150	0.13228727	1.5767521
61	102	151	0.27332099	1.6533674
61	215	152	0.02551725	0.49784053
61	359	153	0.16655592	-1.2909929
62	152	154	0.031363955	1.194267
63	70	155	0.17115557	2.4482528
63	86	156	0.091813018	-1.4327719
63	191	157	0.2218717	2.7206488
64	449	158	0.50117752	1.1103668
65	82	159	0.025682673	-2.2069652
65	124	160	0.038606052	1.0173184
65	367	161	0.080286629	1.6995013
66	267	162	0.1154554	1.1454061
66	395	163	0.02007028	-1.9617909
66	432	164	0.074040188	-1.9955046
67	68	165	0.028783266	-0.17746906
69	116	166	0.48326949	-0.8273394
69	208	167	0.42233973	2.3935003
70	191	168	0.073296958	-2.8832547
70	246	169	0.16339102	1.5344067
71	175	170	0.063176245	2.6353519
72	204	171	0.047442464	0.50773668
72	396	172	0.1207906	0.67307355
73	295	173	0.18082764	1.1423608
73	326	174	0.14951478	-2.0101157
74	221	175	0.15099549	0.73673082
74	418	176	0.1453397	2.825671
75	157	177	0.087347487	-3.1066725
75	201	178	0.031363955	-1.9473256
75	246	179	0.13060355	-1.5720347
75	399	180	0.057118777	1.5472066
75	444	181	0.038898783	-1.5862999
76	275	182	0.021899586	2.0847491
76	339	183	0.012238988	-2.7164275
76	378	184	0.021899586	-1.0568435
77	98	185	0.094212088	-0.51972898
77	363	186	0.19937278	0.61237726
78	220	187	0.035594605	-2.7087747
78	305	188	0.1179806	-1.0538064
78	344	189	0.082667576	-2.7311758
78	412	190	0.2536733	1.8486655
79	243	191	0.080098016	1.20478
80	155	192	0.10773808	-1.0035201
80	252	193	0.24962351	2.3663152
80	259	194	0.129573	-0.45877241
81	171	195	0.051501078	-2.5168799
81	248	196	0.16417174	1.4857103
81	383	197	0.21795618	-1.9222002
82	176	198	0.21215648	1.3272817
83	250	199	0.030377725	1.0947776
83	255	200	0.26521801	2.5115468
83	335	201	0.26194392	-0.21284155
84	128	202	0.26266005	-2.3739828
85	258	203	0.18574771	0.47763293
85	262	204	0.20634699	-2.1913868
85	296	205	0.14830674	0.30565803
85	299	206	0.098818099	-2.4972934
86	183	207	0.11794109	-1.1730715
86	311	208	0.067712235	-2.4763991
87	154	209	0.031363955	-1.9473256
87	161	210	0.031363955	-1.9473256
87	261	211	0.15667937	1.0197577
88	196	212	0.2338401	1.8750441
88	289	213	0.27319509	-1.4951995
89	132	214	0.18547898	-2.5984067
89	218	215	0.049862981	1.1383275
89	234	216	0.022385028	0.95298058
90	288	217	0.042124913	-0.38121554
90	379	218	0.13680042	1.3427977
91	247	219	0.16191562	-0.46517009
91	314	220	0.089801495	-2.4710049
91	424	221	0.11311425	-2.6294995
92	128	222	0.13082041	1.7623353
93	240	223	0.094794075	-2.0246612
94	395	224	0.072756838	1.1657681
95	196	225	0.13756218	1.6078104
96	229	226	0.01430621	1.6091787
96	369	227	0.10470287	2.8702805
96	424	228	0.069559118	0.0078368471
97	158	229	0.045566939	0.34568094
98	210	230	0.2301304	-0.82171939
98	363	231	0.18074524	1.1038053
99	340	232	0.067387071	-0.29589523
100	187	233	0.05896128	-1.868624
101	370	234	0.053673914	-1.6248783
101	419	235	0.053484231	-2.7158084
102	254	236	0.18269701	1.4808972
102	388	237	0.069936059	-2.9061061
103	289	238	0.078051597	-2.985836
103	303	239	0.033173125	-1.6404939
103	312	240	0.13060354	-0.20199881
104	197	241	0.12716655	1.4706463
104	257	242	0.078786414	-1.7252871
104	337	243	0.15911429	1.841049
104	443	244	0.26874451	-1.5082411
105	375	245	0.024410751	-2.8739769
105	441	246	0.024410751	0.26761574
106	437	247	0.44216182	1.4460342
107	236	248	0.078706967	1.3691933
108	138	249	0.02694471	-2.8882466
108	174	250	0.12979578	-0.28319194
109	160	251	0.031363955	-1.9473256
109	227	252	0.15209304	-2.2118793
109	309	253	0.30400702	1.2303594
109	401	254	0.22637733	-1.9178683
110	168	255	0.14834021	1.3755153
110	394	256	0.011416086	2.5221778
111	292	257	0.06317886	0.54683306
112	152	258	0.3032078	2.5542743
112	272	259	0.041185679	2.7731433
113	397	260	0.38422219	1.3448216
113	438	261	0.580624	-1.7206314
114	297	262	0.027375237	-1.9627689
114	431	263	0.027375237	1.1788237
115	175	264	0.19590612	-0.85685216
115	396	265	0.13385923	-2.8022729
115	401	266	0.16564704	1.388008
116	217	267	0.39368721	-0.65301924
117	241	268	0.031363955	-1.9473256
118	293	269	0.12883181	-0.88463384
118	306	270	0.12983079	-0.65221495
118	365	271	0.15867499	2.2798135
119	279	272	0.065338676	1.5894355
120	143	273	0.021899586	-1.0568435
120	249	274	0.04744369	-2.2245425
120	354	275	0.02833351	1.3373353
121	325	276	0.045531541	-1.055042
121	442	277	0.30389392	-0.73476734
121	452	278	0.15812894	-0.82777764
122	426	279	0.053250654	2.6389467
123	287	280	0.07866123	0.47002855
123	319	281	0.11121998	2.7229006
123	371	282	0.15867499	-0.86177912
123	426	283	0.053250654	-0.50264598
124	400	284	0.0011854441	1.2582025
124	401	285	0.12688128	2.0198282
124	412	286	0.18377297	-0.95139324
125	162	287	0.22966485	1.2093672
125	298	288	0.12812221	0.98124959
125	302	289	0.33605659	-2.0834649
125	382	290	0.12512575	-2.3269051
126	440	291	0.047290007	-0.012328135
127	196	292	0.25273346	-1.2871832
127	321	293	0.29372115	2.1740321
127	342	294	0.068654523	-0.5392123
128	237	295	0.17187935	-2.723674
128	278	296	0.1896707	-0.78495293
129	304	297	0.12593858	-0.83019447
130	177	298	0.12538388	-1.7938762
130	285	299	0.20418172	0.6576568
130	299	300	0.081541186	1.3349248
130	434	301	0.21495016	-2.0793368
131	231	302	0.084589716	2.3636102
132	172	303	0.11688446	-2.4974622
132	279	304	0.22558655	-2.4890353
133	444	305	0.025889137	-1.3945074
134	449	306	0.13352149	-1.8740594
135	239	307	0.031363955	1.194267
136	404	308	0.10980917	1.0749351
137	187	309	0.021100326	-2.8682557
137	188	310	0.12501796	-1.100738
138	287	311	0.021164408	-3.1369863
139	179	312	0.058722946	1.3340862
140	180	313	0.042618456	2.1951056
141	222	314	0.084589716	-0.77798249
142	191	315	0.033159209	-1.2732954
142	368	316	0.15797314	1.5476401
143	275	317	0.021899586	-1.0568435
144	240	318	0.19398582	-2.5397523
144	288	319	0.18774779	0.56706081
145	219	320	0.15290552	1.1410393
145	431	321	0.28779229	-2.0232316
146	296	322	0.078916964	-2.1426649
146	348	323	0.17037133	0.41177812
146	423	324	0.044742427	2.4675342
147	409	325	0.0047503025	-2.7443657
148	235	326	0.26861017	-2.4118596
148	387	327	0.22307843	0.8054609
149	288	328	0.28219256	-1.6456285
149	333	329	0.37044677	1.5373872
149	346	330	0.058435748	-1.9065324
149	385	331	0.13155735	1.6922089
150	159	332	0.11646637	-1.2585406
150	290	333	0.16663396	1.6330223
151	265	334	0.22700086	-0.24429936
151	308	335	0.2563517	-2.2399159
151	407	336	0.2788616	1.2117287
152	170	337	0.033340926	2.9282757
153	211	338	0.031363955	1.194267
155	259	339	0.067215647	0.52143343
155	284	340	0.18190112	-0.82038023
155	417	341	0.11902865	-1.0535914
156	210	342	0.19404363	2.2128566
156	321	343	0.23314895	-0.86955907
156	374	344	0.062480154	1.3749417
157	368	345	0.12000449	-1.5352808
158	233	346	0.045566939	0.34568094
159	215	347	0.16250603	-1.0491758
159	307	348	0.21543547	1.7486086
162	327	349	0.17021425	1.0577095
162	446	350	0.18736128	1.2291105
163	265	351	0.27452154	-2.3841256
164	313	352	0.072582571	-0.92079462
165	349	353	0.22030682	1.1111442
166	274	354	0.0084335467	1.0607856
166	374	355	0.0084335467	-2.0808071
167	399	356	0.057118777	-1.5943861
168	446	357	0.14066951	-2.0446636
169	203	358	0.22445569	-0.50331538
169	209	359	0.17203066	2.6196924
170	223	360	0.24039484	2.7312615
170	340	361	0.34598771	-0.97398609
170	433	362	0.16775079	2.7838786
171	383	363	0.17765509	-1.7590666
172	279	364	0.10871071	-2.4799748
173	217	365	0.20355201	2.3305642
173	251	366	0.14248046	-0.88135662
173	331	367	0.099127688	-0.67511388
174	212	368	0.055595565	-0.60246372
174	281	369	0.043963982	-1.3209344
174	419	370	0.053484231	0.4257843
175	220	371	0.23464398	-1.1264471
176	336	372	0.26434148	1.1437445
176	343	373	0.16104452	1.1782806
178	192	374	0.0062109154	-1.704971
179	330	375	0.21767518	0.66196052
179	387	376	0.20654315	-2.3805036
180	293	377	0.19761756	-0.97645877
180	365	378	0.093251561	2.4923328
180	416	379	0.12396916	3.0251816
181	182	380	0.23420962	1.9445428
181	448	381	0.15324732	-1.4954527
182	366	382	0.23671917	2.2051115
183	223	383	0.25483454	-0.24902181
183	233	384	0.079474171	-0.51393559
183	263	385	0.18904579	2.6331894
183	406	386	0.22128687	2.916936
184	192	387	0.031363955	1.194267
185	197	388	0.077702553	-1.4335494
186	367	389	0.031363955	1.194267
187	253	390	0.049516975	2.512909
187	291	391	0.050313942	-2.2563185
187	445	392	0.13782142	-1.2780042
188	198	393	0.064335328	-1.3776591
189	257	394	0.013901984	-1.7798205
189	429	395	0.16635873	-1.4932317
190	199	396	0.055541497	1.3145669
192	417	397	0.0062109154	-1.704971
193	213	398	0.17375288	-0.85358698
193	352	399	0.098189828	2.6731969
193	421	400	0.069453834	2.8816249
194	225	401	0.01413703	2.8595352
194	238	402	0.040197222	1.9700104
194	260	403	0.040197222	-1.1715823
195	398	404	0.041185679	-0.36844938
196	342	405	0.20772145	1.6276727
197	322	406	0.12716655	1.4706463
198	429	407	0.10278993	1.283627
199	315	408	0.30918263	-0.59540106
199	440	409	0.33110825	2.3968377
202	269	410	0.031363955	1.194267
203	347	411	0.2323352	-1.6028118
204	396	412	0.074405956	0.778209
205	219	413	0.33033757	-2.0041579
205	295	414	0.007126089	-2.208273
206	413	415	0.2461939	-1.6769458
207	223	416	0.031363955	1.194267
207	358	417	0.079483604	-1.4304038
208	242	418	0.051493944	2.8728267
208	340	419	0.26253758	2.3159958
208	372	420	0.054172323	2.975074
209	334	421	0.18896784	-1.3956668
211	295	422	0.1120999	1.1131164
212	281	423	0.036655731	-2.8341116
212	370	424	0.053484231	0.4257843
213	337	425	0.15501492	-0.81842206
213	350	426	0.1222069	-1.1911024
214	258	427	0.11894248	-2.426395
214	280	428	0.077785736	-0.36709304
214	285	429	0.26071187	-2.3942117
214	406	430	0.15149427	-0.071707639
214	422	431	0.11769274	1.7831879
215	312	432	0.17899304	-2.5008688
215	359	433	0.17386976	-1.4347738
216	443	434	0.068746583	1.6331246
217	331	435	0.30206429	-0.76654826
218	330	436	0.16332526	-2.3727105
218	418	437	0.12175982	1.0873656
219	326	438	0.007126089	-2.208273
222	451	439	0.084589716	-0.77798249
223	239	440	0.16231661	-1.0787158
223	433	441	0.0734083	-0.5308061
224	338	442	0.031363955	1.194267
225	238	443	0.033164764	1.6325284
228	308	444	0.21819131	0.69348995
228	324	445	0.16405704	-1.7065977
229	357	446	0.073645091	2.081383
230	269	447	0.27709541	0.84994444
230	449	448	0.19737599	-2.6265456
231	451	449	0.084589716	2.3636102
232	326	450	0.15290552	1.1410393
232	431	451	0.28079091	-2.0185623
233	380	452	0.20173423	-0.74074016
233	386	453	0.031363955	-1.9473256
234	244	454	0.022385028	0.95298058
235	354	455	0.38365573	2.7851671
235	355	456	0.38028647	-1.1510565
236	252	457	0.21623554	-0.97957659
236	269	458	0.36421469	2.3062897
236	286	459	0.0020087035	1.9104763
237	407	460	0.23427718	-2.2358561
238	243	461	0.040197222	1.9700104
239	380	462	0.1099416	2.8590057
240	243	463	0.23562225	-2.6141525
242	372	464	0.0060259168	-2.2483803
243	329	465	0.19875305	-3.0932299
245	348	466	0.031363955	1.194267
246	444	467	0.091710402	1.5756084
247	353	468	0.077763767	-1.4482887
247	405	469	0.25623816	-0.75755528
250	255	470	0.26228094	2.6262482
250	335	471	0.25572889	-0.32779323
251	331	472	0.049780572	1.8402099
253	254	473	0.20345746	-1.5705902
253	291	474	0.068559183	-1.4509512
253	306	475	0.13765179	2.0704949
253	364	476	0.049977235	1.5094696
253	430	477	0.1035391	1.1236076
255	284	478	0.26922426	2.6131032
255	344	479	0.038906962	0.12161198
256	413	480	0.065439829	1.6638441
257	337	481	0.2331715	1.7013548
257	443	482	0.19255552	-1.4200153
258	296	483	0.047059022	-2.0943397
259	396	484	0.043712392	0.96222273
263	280	485	0.14226649	-2.7078412
263	348	486	0.11728666	-3.004076
263	406	487	0.06621966	-2.4402498
263	439	488	0.19866547	-2.6261118
264	326	489	0.031363955	1.194267
266	355	490	0.32182275	2.2249008
267	395	491	0.13551557	-1.9910935
267	431	492	0.15687064	1.1450842
268	288	493	0.031363955	1.194267
270	351	494	0.048879957	1.4340278
270	356	495	0.048879957	-1.7075648
271	273	496	0.036354937	0.64409284
272	398	497	0.041185679	2.7731433
275	339	498	0.024121607	-1.5866755
276	289	499	0.26634182	1.4392396
276	418	500	0.16031443	-1.1273975
277	308	501	0.031363955	1.194267
279	387	502	0.13722645	-2.1906576
281	408	503	0.021164408	-3.1369863
283	294	504	0.13079316	-0.78715322
283	374	505	0.076702638	2.4345099
284	417	506	0.071590406	2.7155965
286	436	507	0.0020087035	1.9104763
288	379	508	0.14915713	1.6256661
289	381	509	0.031363955	-1.9473256
289	403	510	0.15209353	-0.35599824
290	307	511	0.065601212	-1.4479916
290	361	512	0.2433599	1.3123546
290	388	513	0.17472704	-1.4897391
292	335	514	0.42075766	2.6613605
292	354	515	0.46933943	-0.53016126
293	361	516	0.10550412	-1.0641247
293	364	517	0.10349236	-0.50491844
294	321	518	0.097734198	-1.6977662
295	326	519	0.33033757	-2.0041579
295	349	520	0.45031827	1.1178309
296	439	521	0.15162122	0.35495159
298	415	522	0.17995912	-1.8559228
300	403	523	0.18537636	2.6249567
302	382	524	0.21672913	1.1977439
302	397	525	0.4004127	-1.954046
303	435	526	0.13060354	-0.20199881
304	350	527	0.07719189	-1.1609682
305	344	528	0.15109026	2.6630261
305	425	529	0.23131004	-0.655292
306	364	530	0.098974393	-0.79909443
307	347	531	0.1377602	1.7267129
310	350	532	0.18042028	-0.52941996
310	352	533	0.21776697	2.0038904
312	403	534	0.073622302	-2.584689
312	435	535	0.033173125	-1.6404939
313	389	536	0.072582571	-0.92079462
314	402	537	0.027244812	-2.6352562
314	424	538	0.028251033	3.1281233
315	352	539	0.27506475	-1.0084158
316	445	540	0.031363955	1.194267
317	328	541	0	0
318	432	542	0.074040188	1.146088
319	331	543	0.24928361	2.3754657
319	365	544	0.18307457	-1.1827144
320	353	545	0.18408708	2.5619072
320	366	546	0.17156807	-0.39083502
321	390	547	0.031363955	-1.9473256
323	385	548	0.15005493	1.2318004
324	409	549	0.15388614	-1.7556526
327	434	550	0.17194335	0.97383161
332	349	551	0.031363955	1.194267
333	384	552	0.4171683	1.7981517
333	385	553	0.2413172	-1.6883712
334	342	554	0.11930052	-1.6142406
335	389	555	0.072582571	2.220798
335	425	556	0.11434082	3.0910404
336	343	557	0.10354241	-2.051579
336	414	558	0.11589909	1.0456037
338	349	559	0.51142812	-2.0272416
343	367	560	0.27631013	-1.9715899
343	414	561	0.21938758	1.0665581
345	356	562	0.0052934339	-1.0972322
348	439	563	0.099557795	-2.1763574
350	430	564	0.19044103	-1.6070905
351	362	565	0.048879957	1.4340278
352	421	566	0.033480555	-0.9120582
356	366	567	0.08380082	-1.7602632
357	369	568	0.081779838	-2.4762042
358	380	569	0.028841261	-2.9837519
360	422	570	0.031363955	1.194267
361	364	571	0.057710042	0.81978711
363	391	572	0.39828588	-0.88774527
366	405	573	0.15172936	2.6820047
366	420	574	0.031363955	-1.9473256
373	415	575	0.31372544	0.94220875
375	447	576	0.024410751	-2.8739769
379	385	577	0.26339727	1.5201135
383	437	578	0.17346771	-2.1448426
392	449	579	0.1656524	1.090802
397	410	580	0.031363955	-1.9473256
411	437	581	0.096297259	1.8102176
415	437	582	0.12457161	-1.6579349
428	436	583	0.0020087035	-1.2311164
429	443	584	0.040315986	-1.2385835
434	446	585	0.16364219	-2.3711319
438	449	586	0.37610724	-1.4510482
440	442	587	0.28786556	2.2166963
442	452	588	0.14718304	2.5067751
129	1	589	0.047570087	1.7398472
304	1	590	0.16793125	2.1575602
352	1	591	0.14603933	-0.56455559
408	1	592	0.10739632	2.2051381
29	2	593	0.23454596	-2.0659943
110	2	594	0.068836829	-2.0259665
171	2	595	0.17969219	1.5044375
298	2	596	0.21713908	1.2038401
287	3	597	0.10808568	-0.78547565
371	3	598	0.090610878	1.0733039
408	3	599	0.085268769	-3.0908952
12	4	600	0.37694431	1.1136004
377	4	601	0.15805534	-2.0264866
392	4	602	0.44792481	-2.0395099
117	5	603	0.046556381	1.4795829
393	5	604	0.046556381	-1.6620097
58	6	605	0.23156271	-0.96644703
84	6	606	0.11685858	1.4405072
94	7	607	0.041415263	-1.9974057
395	7	608	0.11416596	-1.9836529
45	8	609	0.059047826	2.737517
229	8	610	0.073645091	2.081383
239	9	611	0.30105443	-1.0640153
341	9	612	0.23622699	2.3822495
12	10	613	0.59583351	-2.0283916
27	10	614	0.48932854	-2.042941
338	10	615	0.67860625	1.1068964
60	11	616	0.049678783	-2.5575823
206	11	617	0.30195171	1.6470746
216	11	618	0.10154839	-2.0292247
445	11	619	0.145433	-1.2116404
64	12	620	0.48932854	-2.042941
106	13	621	0.57156057	-1.6426682
226	13	622	0.11897343	-1.7968894
269	13	623	0.48170854	1.5677993
46	14	624	0.21463292	-0.63155025
86	14	625	0.12414724	2.8184825
31	15	626	0.47554477	-0.65096613
77	15	627	0.17209598	-2.338357
98	15	628	0.21551654	-2.7759817
231	16	629	0.038941338	2.7433621
317	16	630	0.031363955	1.194267
328	16	631	0.031363955	1.194267
451	16	632	0.050528518	-1.0677022
36	17	633	0.23107997	-1.7257101
93	17	634	0.16445676	0.39491901
144	17	635	0.051114202	0.85716974
84	18	636	0.23033769	2.2930713
341	18	637	0.17580153	-1.2585191
244	19	638	0.022385028	0.95298058
152	20	639	0.04658697	-1.7297988
80	21	640	0.16535244	2.5574531
155	21	641	0.26737768	2.3926314
236	21	642	0.30835218	-1.0219168
273	21	643	0.036354937	0.64409284
205	22	644	0.50561772	1.1210308
338	22	645	0.44912789	-2.0284157
404	22	646	0.10980917	1.0749351
130	23	647	0.074524911	-2.1448179
168	23	648	0.16364219	0.77046079
434	23	649	0.14066951	1.096929
112	24	650	0.36212661	-0.69346809
121	24	651	0.31969543	2.5047188
87	25	652	0.19529506	-2.0476039
382	25	653	0.19057332	1.0356596
266	26	654	0.13774849	-0.26200542
329	26	655	0.19562803	3.0093698
64	27	656	0.59583351	-2.0283916
206	28	657	0.065439829	-1.4777486
256	28	658	0.2461939	1.4646468
81	29	659	0.36479003	1.3452003
248	29	660	0.20353902	1.2319978
262	29	661	0.17021425	-2.0838832
104	30	662	0.077702553	1.7080432
185	30	663	0.12716655	-1.6709464
337	30	664	0.082742167	-1.1756828
163	31	665	0.22186129	0.45962298
278	31	666	0.1713999	-1.0537302
181	32	667	0.18808745	-1.3016744
200	32	668	0.06015904	1.1723132
228	32	669	0.16472617	1.9502719
448	32	670	0.047883085	-0.63763449
209	33	671	0.10298223	2.045793
391	33	672	0.33668051	-0.77181718
416	33	673	0.19463141	2.7001887
84	34	674	0.4010004	-0.59860924
363	34	675	0.46143859	2.4642344
427	34	676	0.031363955	1.194267
141	35	677	0.18643469	1.8666034
288	35	678	0.16841626	-1.0110644
447	35	679	0.024410751	-2.8739769
323	36	680	0.11346763	-1.9739325
385	36	681	0.26338967	-1.9374083
117	37	682	0.046556381	-1.6620097
134	37	683	0.13352149	1.2675333
155	38	684	0.13271469	-1.1509113
284	38	685	0.070942217	2.9736702
409	39	686	0.14052126	-1.4693869
414	39	687	0.21183557	1.6172039
147	40	688	0.034849636	1.0966117
228	40	689	0.28258734	-1.6778797
309	40	690	0.26966419	1.3615749
324	40	691	0.11869147	-1.6381803
409	40	692	0.038606052	1.0173184
180	41	693	0.14764738	-1.1630781
203	41	694	0.063217786	2.1612481
361	41	695	0.15867499	2.2798135
416	41	696	0.23556026	-0.69000202
89	42	697	0.023760256	-3.0090938
118	43	698	0.084813311	-0.2075289
371	43	699	0.15049952	-1.2274904
337	44	700	0.02392087	-0.74094491
81	45	701	0.21097621	-2.1496616
357	45	702	0.059047826	-0.4040757
437	45	703	0.18183698	1.270412
191	46	704	0.077381562	-2.9403963
301	46	705	0.032212609	-1.7536263
422	46	706	0.11384323	1.0665478
309	47	707	0.011694894	2.375682
67	48	708	0.028783266	2.9641236
376	48	709	0.031363955	1.194267
442	48	710	0.028783266	-0.17746906
450	48	711	0.031363955	1.194267
115	49	712	0.007102435	2.6978644
227	49	713	0.25183558	-1.6605172
61	50	714	0.25032433	-1.4089631
221	50	715	0.20373523	1.1531455
282	50	716	0.031363955	1.194267
300	50	717	0.066389065	-0.33392146
359	50	718	0.087159131	-1.6358153
384	50	719	0.38028647	1.9905362
413	50	720	0.10213471	-2.4923535
258	51	721	0.099904729	-0.55743663
280	51	722	0.12891783	-2.2169105
75	52	723	0.030056225	1.9684893
87	53	724	0.021275078	1.5415889
211	54	725	0.1120999	-2.0284762
60	55	726	0.026715788	2.0797465
188	55	727	0.11940012	-1.2079337
198	55	728	0.057034059	-1.0162264
443	55	729	0.10963941	-1.6825736
130	56	730	0.11983451	-2.0329909
261	56	731	0.24332918	1.0088924
434	56	732	0.095405992	1.0040311
320	57	733	0.11090716	2.9383038
341	58	734	0.096000201	-0.35876883
372	58	735	0.06643208	-2.5587798
373	59	736	0.27709541	-2.2916482
397	59	737	0.13984508	1.8029886
443	60	738	0.13228727	-1.5648406
102	61	739	0.27332099	-1.4882253
215	61	740	0.02551725	-2.6437521
359	61	741	0.16655592	1.8505997
152	62	742	0.031363955	-1.9473256
70	63	743	0.17115557	-0.69333982
86	63	744	0.091813018	1.7088208
191	63	745	0.2218717	-0.42094382
449	64	746	0.50117752	-2.0312258
82	65	747	0.025682673	0.93462743
124	65	748	0.038606052	-2.1242743
367	65	749	0.080286629	-1.4420913
267	66	750	0.1154554	-1.9961866
395	66	751	0.02007028	1.1798018
432	66	752	0.074040188	1.146088
68	67	753	0.028783266	2.9641236
116	69	754	0.48326949	2.3142532
208	69	755	0.42233973	-0.74809235
191	70	756	0.073296958	0.25833797
246	70	757	0.16339102	-1.607186
175	71	758	0.063176245	-0.50624076
204	72	759	0.047442464	-2.633856
396	72	760	0.1207906	-2.4685191
295	73	761	0.18082764	-1.9992319
326	73	762	0.14951478	1.131477
221	74	763	0.15099549	-2.4048618
418	74	764	0.1453397	-0.31592166
157	75	765	0.087347487	0.034920203
201	75	766	0.031363955	1.194267
246	75	767	0.13060355	1.569558
399	75	768	0.057118777	-1.5943861
444	75	769	0.038898783	1.5552928
275	76	770	0.021899586	-1.0568435
339	76	771	0.012238988	0.42516518
378	76	772	0.021899586	2.0847491
98	77	773	0.094212088	2.6218637
363	77	774	0.19937278	-2.5292154
220	78	775	0.035594605	0.43281798
305	78	776	0.1179806	2.0877862
344	78	777	0.082667576	0.41041688
412	78	778	0.2536733	-1.2929271
243	79	779	0.080098016	-1.9368127
155	80	780	0.10773808	2.1380726
252	80	781	0.24962351	-0.77527742
259	80	782	0.129573	2.6828202
171	81	783	0.051501078	0.62471275
248	81	784	0.16417174	-1.6558823
383	81	785	0.21795618	1.2193925
176	82	786	0.21215648	-1.814311
250	83	787	0.030377725	-2.046815
255	83	788	0.26521801	-0.6300459
335	83	789	0.26194392	2.9287511
128	84	790	0.26266005	0.76760987
258	85	791	0.18574771	-2.6639597
262	85	792	0.20634699	0.95020584
296	85	793	0.14830674	-2.8359346
299	85	794	0.098818099	0.64429927
183	86	795	0.11794109	1.9685212
311	86	796	0.067712235	0.66519351
154	87	797	0.031363955	1.194267
161	87	798	0.031363955	1.194267
261	87	799	0.15667937	-2.121835
196	88	800	0.2338401	-1.2665485
289	88	801	0.27319509	1.6463931
132	89	802	0.18547898	0.5431859
218	89	803	0.049862981	-2.0032651
234	89	804	0.022385028	-2.1886121
288	90	805	0.042124913	2.7603771
379	90	806	0.13680042	-1.798795
247	91	807	0.16191562	2.6764226
314	91	808	0.089801495	0.67058779
424	91	809	0.11311425	0.5120932
128	92	810	0.13082041	-1.3792574
240	93	811	0.094794075	1.1169315
395	94	812	0.072756838	-1.9758246
196	95	813	0.13756218	-1.5337822
229	96	814	0.01430621	-1.5324139
369	96	815	0.10470287	-0.27131213
424	96	816	0.069559118	-3.1337558
158	97	817	0.045566939	-2.7959117
210	98	818	0.2301304	2.3198733
363	98	819	0.18074524	-2.0377874
340	99	820	0.067387071	2.8456974
187	100	821	0.05896128	1.2729686
370	101	822	0.053673914	1.5167144
419	101	823	0.053484231	0.4257843
254	102	824	0.18269701	-1.6606955
388	102	825	0.069936059	0.23548659
289	103	826	0.078051597	0.15575661
303	103	827	0.033173125	1.5010988
312	103	828	0.13060354	2.9395938
197	104	829	0.12716655	-1.6709464
257	104	830	0.078786414	1.4163055
337	104	831	0.15911429	-1.3005437
443	104	832	0.26874451	1.6333516
375	105	833	0.024410751	0.26761574
441	105	834	0.024410751	-2.8739769
437	106	835	0.44216182	-1.6955584
236	107	836	0.078706967	-1.7723993
138	108	837	0.02694471	0.25334603
174	108	838	0.12979578	2.8584007
160	109	839	0.031363955	1.194267
227	109	840	0.15209304	0.92971337
309	109	841	0.30400702	-1.9112332
401	109	842	0.22637733	1.2237244
168	110	843	0.14834021	-1.7660774
394	110	844	0.011416086	-0.61941487
292	111	845	0.06317886	-2.5947596
152	112	846	0.3032078	-0.58731833
272	112	847	0.041185679	-0.36844938
397	113	848	0.38422219	-1.7967711
438	113	849	0.580624	1.4209612
297	114	850	0.027375237	1.1788237
431	114	851	0.027375237	-1.9627689
175	115	852	0.19590612	2.2847405
396	115	853	0.13385923	0.3393198
401	115	854	0.16564704	-1.7535846
217	116	855	0.39368721	2.4885734
241	117	856	0.031363955	1.194267
293	118	857	0.12883181	2.2569588
306	118	858	0.12983079	2.4893777
365	118	859	0.15867499	-0.86177912
279	119	860	0.065338676	-1.5521571
143	120	861	0.021899586	2.0847491
249	120	862	0.04744369	0.91705017
354	120	863	0.02833351	-1.8042574
325	121	864	0.045531541	2.0865507
442	121	865	0.30389392	2.4068253
452	121	866	0.15812894	2.313815
426	122	867	0.053250654	-0.50264598
287	123	868	0.07866123	-2.6715641
319	123	869	0.11121998	-0.41869205
371	123	870	0.15867499	2.2798135
426	123	871	0.053250654	2.6389467
400	124	872	0.0011854441	-1.8833902
401	124	873	0.12688128	-1.1217644
412	124	874	0.18377297	2.1901994
162	125	875	0.22966485	-1.9322255
298	125	876	0.12812221	-2.1603431
302	125	877	0.33605659	1.0581278
382	125	878	0.12512575	0.81468755
440	126	879	0.047290007	3.1292645
196	127	880	0.25273346	1.8544094
321	127	881	0.29372115	-0.96756059
342	127	882	0.068654523	2.6023804
237	128	883	0.17187935	0.41791866
278	128	884	0.1896707	2.3566397
304	129	885	0.12593858	2.3113982
177	130	886	0.12538388	1.3477164
285	130	887	0.20418172	-2.4839359
299	130	888	0.081541186	-1.8066678
434	130	889	0.21495016	1.0622558
231	131	890	0.084589716	-0.77798249
172	132	891	0.11688446	0.64413044
279	132	892	0.22558655	0.65255733
444	133	893	0.025889137	1.7470852
449	134	894	0.13352149	1.2675333
239	135	895	0.031363955	-1.9473256
404	136	896	0.10980917	-2.0666576
187	137	897	0.021100326	0.27333692
188	137	898	0.12501796	2.0408546
287	138	899	0.021164408	0.0046063915
179	139	900	0.058722946	-1.8075065
180	140	901	0.042618456	-0.94648707
222	141	902	0.084589716	2.3636102
191	142	903	0.033159209	1.8682973
368	142	904	0.15797314	-1.5939526
275	143	905	0.021899586	2.0847491
240	144	906	0.19398582	0.60184033
288	144	907	0.18774779	-2.5745318
219	145	908	0.15290552	-2.0005534
431	145	909	0.28779229	1.118361
296	146	910	0.078916964	0.99892772
348	146	911	0.17037133	-2.7298145
423	146	912	0.044742427	-0.67405843
409	147	913	0.0047503025	0.39722692
235	148	914	0.26861017	0.72973302
387	148	915	0.22307843	-2.3361318
288	149	916	0.28219256	1.4959641
333	149	917	0.37044677	-1.6042055
346	149	918	0.058435748	1.2350603
385	149	919	0.13155735	-1.4493837
159	150	920	0.11646637	1.8830521
290	150	921	0.16663396	-1.5085704
265	151	922	0.22700086	2.8972933
308	151	923	0.2563517	0.90167675
407	151	924	0.2788616	-1.9298639
170	152	925	0.033340926	-0.21331694
211	153	926	0.031363955	-1.9473256
259	155	927	0.067215647	-2.6201592
284	155	928	0.18190112	2.3212124
417	155	929	0.11902865	2.0880013
210	156	930	0.19404363	-0.92873606
321	156	931	0.23314895	2.2720336
374	156	932	0.062480154	-1.766651
368	157	933	0.12000449	1.6063118
233	158	934	0.045566939	-2.7959117
215	159	935	0.16250603	2.0924169
307	159	936	0.21543547	-1.392984
327	162	937	0.17021425	-2.0838832
446	162	938	0.18736128	-1.9124821
265	163	939	0.27452154	0.75746708
313	164	940	0.072582571	2.220798
349	165	941	0.22030682	-2.0304484
274	166	942	0.0084335467	-2.0808071
374	166	943	0.0084335467	1.0607856
399	167	944	0.057118777	1.5472066
446	168	945	0.14066951	1.096929
203	169	946	0.22445569	2.6382773
209	169	947	0.17203066	-0.52190023
223	170	948	0.24039484	-0.41033111
340	170	949	0.34598771	2.1676066
433	170	950	0.16775079	-0.35771402
383	171	951	0.17765509	1.3825261
279	172	952	0.10871071	0.66161784
217	173	953	0.20355201	-0.81102849
251	173	954	0.14248046	2.260236
331	173	955	0.099127688	2.4664788
212	174	956	0.055595565	2.5391289
281	174	957	0.043963982	1.8206582
419	174	958	0.053484231	-2.7158084
220	175	959	0.23464398	2.0151456
336	176	960	0.26434148	-1.9978481
343	176	961	0.16104452	-1.963312
192	178	962	0.0062109154	1.4366216
330	179	963	0.21767518	-2.4796321
387	179	964	0.20654315	0.76108908
293	180	965	0.19761756	2.1651339
365	180	966	0.093251561	-0.64925987
416	180	967	0.12396916	-0.11641102
182	181	968	0.23420962	-1.1970498
448	181	969	0.15324732	1.64614
366	182	970	0.23671917	-0.93648111
223	183	971	0.25483454	2.8925708
233	183	972	0.079474171	2.6276571
263	183	973	0.18904579	-0.50840325
406	183	974	0.22128687	-0.22465663
192	184	975	0.031363955	-1.9473256
197	185	976	0.077702553	1.7080432
367	186	977	0.031363955	-1.9473256
253	187	978	0.049516975	-0.62868368
291	187	979	0.050313942	0.88527411
445	187	980	0.13782142	1.8635885
198	188	981	0.064335328	1.7639335
257	189	982	0.013901984	1.3617721
429	189	983	0.16635873	1.648361
199	190	984	0.055541497	-1.8270258
417	192	985	0.0062109154	1.4366216
213	193	986	0.17375288	2.2880057
352	193	987	0.098189828	-0.46839572
421	193	988	0.069453834	-0.25996776
225	194	989	0.01413703	-0.28205749
238	194	990	0.040197222	-1.1715823
260	194	991	0.040197222	1.9700104
398	195	992	0.041185679	2.7731433
342	196	993	0.20772145	-1.5139199
322	197	994	0.12716655	-1.6709464
429	198	995	0.10278993	-1.8579657
315	199	996	0.30918263	2.5461916
440	199	997	0.33110825	-0.74475491
269	202	998	0.031363955	-1.9473256
347	203	999	0.2323352	1.5387808
396	204	1000	0.074405956	-2.3633837
219	205	1001	0.33033757	1.1374347
295	205	1002	0.007126089	0.93331968
413	206	1003	0.2461939	1.4646468
223	207	1004	0.031363955	-1.9473256
358	207	1005	0.079483604	1.7111889
242	208	1006	0.051493944	-0.26876596
340	208	1007	0.26253758	-0.82559684
372	208	1008	0.054172323	-0.16651864
334	209	1009	0.18896784	1.7459259
295	211	1010	0.1120999	-2.0284762
281	212	1011	0.036655731	0.30748108
370	212	1012	0.053484231	-2.7158084
337	213	1013	0.15501492	2.3231706
350	213	1014	0.1222069	1.9504902
258	214	1015	0.11894248	0.71519763
280	214	1016	0.077785736	2.7744996
285	214	1017	0.26071187	0.74738092
406	214	1018	0.15149427	3.069885
422	214	1019	0.11769274	-1.3584047
312	215	1020	0.17899304	0.6407239
359	215	1021	0.17386976	1.7068188
443	216	1022	0.068746583	-1.5084681
331	217	1023	0.30206429	2.3750444
330	218	1024	0.16332526	0.76888219
418	218	1025	0.12175982	-2.0542271
326	219	1026	0.007126089	0.93331968
451	222	1027	0.084589716	2.3636102
239	223	1028	0.16231661	2.0628768
433	223	1029	0.0734083	2.6107866
338	224	1030	0.031363955	-1.9473256
238	225	1031	0.033164764	-1.5090643
308	228	1032	0.21819131	-2.4481027
324	228	1033	0.16405704	1.4349949
357	229	1034	0.073645091	-1.0602097
269	230	1035	0.27709541	-2.2916482
449	230	1036	0.19737599	0.51504705
451	231	1037	0.084589716	-0.77798249
326	232	1038	0.15290552	-2.0005534
431	232	1039	0.28079091	1.1230304
380	233	1040	0.20173423	2.4008525
386	233	1041	0.031363955	1.194267
244	234	1042	0.022385028	-2.1886121
354	235	1043	0.38365573	-0.35642553
355	235	1044	0.38028647	1.9905362
252	236	1045	0.21623554	2.1620161
269	236	1046	0.36421469	-0.835303
286	236	1047	0.0020087035	-1.2311164
407	237	1048	0.23427718	0.90573658
243	238	1049	0.040197222	-1.1715823
380	239	1050	0.1099416	-0.28258692
243	240	1051	0.23562225	0.52744019
372	242	1052	0.0060259168	0.89321235
329	243	1053	0.19875305	0.04836277
348	245	1054	0.031363955	-1.9473256
444	246	1055	0.091710402	-1.5659843
353	247	1056	0.077763767	1.6933039
405	247	1057	0.25623816	2.3840374
255	250	1058	0.26228094	-0.51534441
335	250	1059	0.25572889	2.8137994
331	251	1060	0.049780572	-1.3013827
254	253	1061	0.20345746	1.5710024
291	253	1062	0.068559183	1.6906414
306	253	1063	0.13765179	-1.0710977
364	253	1064	0.049977235	-1.6321231
430	253	1065	0.1035391	-2.017985
284	255	1066	0.26922426	-0.52848947
344	255	1067	0.038906962	-3.0199807
413	256	1068	0.065439829	-1.4777486
337	257	1069	0.2331715	-1.4402379
443	257	1070	0.19255552	1.7215774
296	258	1071	0.047059022	1.047253
396	259	1072	0.043712392	-2.1793699
280	263	1073	0.14226649	0.43375145
348	263	1074	0.11728666	0.13751666
406	263	1075	0.06621966	0.70134288
439	263	1076	0.19866547	0.51548084
326	264	1077	0.031363955	-1.9473256
355	266	1078	0.32182275	-0.91669187
395	267	1079	0.13551557	1.1504992
431	267	1080	0.15687064	-1.9965084
288	268	1081	0.031363955	-1.9473256
351	270	1082	0.048879957	-1.7075648
356	270	1083	0.048879957	1.4340278
273	271	1084	0.036354937	-2.4974998
398	272	1085	0.041185679	-0.36844938
339	275	1086	0.024121607	1.5549172
289	276	1087	0.26634182	-1.702353
418	276	1088	0.16031443	2.0141951
308	277	1089	0.031363955	-1.9473256
387	279	1090	0.13722645	0.95093508
408	281	1091	0.021164408	0.0046063915
294	283	1092	0.13079316	2.3544394
374	283	1093	0.076702638	-0.70708278
417	284	1094	0.071590406	-0.42599612
436	286	1095	0.0020087035	-1.2311164
379	288	1096	0.14915713	-1.5159265
381	289	1097	0.031363955	1.194267
403	289	1098	0.15209353	2.7855944
307	290	1099	0.065601212	1.6936011
361	290	1100	0.2433599	-1.8292381
388	290	1101	0.17472704	1.6518535
335	292	1102	0.42075766	-0.4802322
354	292	1103	0.46933943	2.6114314
361	293	1104	0.10550412	2.077468
364	293	1105	0.10349236	2.6366742
321	294	1106	0.097734198	1.4438264
326	295	1107	0.33033757	1.1374347
349	295	1108	0.45031827	-2.0237617
439	296	1109	0.15162122	-2.7866411
415	298	1110	0.17995912	1.2856698
403	300	1111	0.18537636	-0.51663595
382	302	1112	0.21672913	-1.9438487
397	302	1113	0.4004127	1.1875467
435	303	1114	0.13060354	2.9395938
350	304	1115	0.07719189	1.9806245
344	305	1116	0.15109026	-0.47856652
425	305	1117	0.23131004	2.4863007
364	306	1118	0.098974393	2.3424982
347	307	1119	0.1377602	-1.4148797
350	310	1120	0.18042028	2.6121727
352	310	1121	0.21776697	-1.1377023
403	312	1122	0.073622302	0.55690364
435	312	1123	0.033173125	1.5010988
389	313	1124	0.072582571	2.220798
402	314	1125	0.027244812	0.5063365
424	314	1126	0.028251033	-0.013469355
352	315	1127	0.27506475	2.1331769
445	316	1128	0.031363955	-1.9473256
328	317	1129	0	0
432	318	1130	0.074040188	-1.9955046
331	319	1131	0.24928361	-0.76612694
365	319	1132	0.18307457	1.9588783
353	320	1133	0.18408708	-0.57968549
366	320	1134	0.17156807	2.7507576
390	321	1135	0.031363955	1.194267
385	323	1136	0.15005493	-1.9097923
409	324	1137	0.15388614	1.38594
434	327	1138	0.17194335	-2.167761
349	332	1139	0.031363955	-1.9473256
384	333	1140	0.4171683	-1.3434409
385	333	1141	0.2413172	1.4532215
342	334	1142	0.11930052	1.527352
389	335	1143	0.072582571	-0.92079462
425	335	1144	0.11434082	-0.050552284
343	336	1145	0.10354241	1.0900137
414	336	1146	0.11589909	-2.0959889
349	338	1147	0.51142812	1.114351
367	343	1148	0.27631013	1.1700028
414	343	1149	0.21938758	-2.0750345
356	345	1150	0.0052934339	2.0443605
439	348	1151	0.099557795	0.96523526
430	350	1152	0.19044103	1.5345022
362	351	1153	0.048879957	-1.7075648
421	352	1154	0.033480555	2.2295345
366	356	1155	0.08380082	1.3813294
369	357	1156	0.081779838	0.66538847
380	358	1157	0.028841261	0.15784072
422	360	1158	0.031363955	-1.9473256
364	361	1159	0.057710042	-2.3218055
391	363	1160	0.39828588	2.2538474
405	366	1161	0.15172936	-0.45958799
420	366	1162	0.031363955	1.194267
415	373	1163	0.31372544	-2.1993839
447	375	1164	0.024410751	0.26761574
385	379	1165	0.26339727	-1.6214791
437	383	1166	0.17346771	0.99675006
449	392	1167	0.1656524	-2.0507907
410	397	1168	0.031363955	1.194267
437	411	1169	0.096297259	-1.3313751
437	415	1170	0.12457161	1.4836577
436	428	1171	0.0020087035	1.9104763
443	429	1172	0.040315986	1.9030092
446	434	1173	0.16364219	0.77046079
449	438	1174	0.37610724	1.6905444
442	440	1175	0.28786556	-0.92489633
452	442	1176	0.14718304	-0.6348176
