from	to	label	distance	angle
1	235	1	0.29069078	-2.1404736
1	390	2	0.69937404	-2.1579259
1	405	3	0.3140615	1.4272447
1	470	4	0.69959492	1.5167786
2	28	5	0.78629268	-2.2356366
2	65	6	0.5231702	-0.8936655
2	78	7	0.60829817	0.63208599
2	125	8	0.89493579	1.5500536
2	188	9	0.57866458	-1.5256174
2	229	10	0.55074413	2.8526492
3	64	11	0.65455561	-2.8835062
3	93	12	0.28831247	2.4408423
3	397	13	0.50418175	2.7659293
3	448	14	0.80804369	0.18599448
4	20	15	0.51919592	2.4609822
4	165	16	0.25048926	2.433004
4	206	17	0.57479931	-0.6020182
4	289	18	0.6431478	-0.40330269
4	393	19	0.77970709	2.9902267
4	426	20	0.35209015	-0.89873364
5	168	21	0.84273819	0.53008746
5	373	22	0.85070674	-2.4022425
5	433	23	0.36870364	-1.0804131
5	467	24	0.16216463	1.4864049
6	49	25	0.54075467	2.1452233
6	129	26	0.69005406	2.1123512
6	151	27	0.38795628	-2.1056326
6	258	28	0.7332344	-1.2943104
6	322	29	0.38380471	-0.89896884
7	92	30	0.5880134	-2.4172525
7	101	31	0.74499155	0.91138408
7	105	32	0.42545507	1.3735715
7	321	33	0.56277098	-2.7135352
7	420	34	0.68311128	-0.90369255
8	74	35	0.48410551	2.3672517
8	486	36	0.29030088	-1.4965656
9	91	37	0.55659476	-2.1600739
9	160	38	0.29357793	-1.4013242
9	242	39	0.69175977	1.446387
9	404	40	0.30418251	2.3837698
10	69	41	0.12107932	-0.52251998
10	215	42	0.6322229	2.5501989
10	225	43	0.62202278	2.4771667
10	312	44	0.32438676	0.1649118
10	439	45	0.81472971	-0.33832871
11	32	46	0.62641962	2.4577144
11	115	47	0.43433679	2.0156092
11	227	48	0.46203236	0.5121658
11	386	49	0.7888283	-0.95250419
12	425	50	0.47118825	3.0063312
12	482	51	0.48099213	1.2960447
13	260	52	0.70321883	2.4282752
13	263	53	0.62967453	0.19024564
13	268	54	0.49192939	-0.52683415
13	401	55	0.69744657	-2.2622446
14	88	56	0.70161108	0.043865894
14	136	57	0.79940595	0.90782146
14	251	58	0.63156325	-2.4961772
14	311	59	0.48891625	2.0761859
14	384	60	0.66668064	-1.2366921
14	427	61	0.7395458	-2.8244007
15	45	62	0.58769005	-2.7637495
15	170	63	0.48870032	0.52372346
15	406	64	0.47383829	-1.7521775
15	442	65	0.59806228	1.5227521
16	381	66	0.47708473	2.3979639
17	67	67	0.52682422	-2.9588303
17	372	68	0.37661057	1.7676888
17	387	69	0.58109223	0.21625995
18	168	70	0.36465114	1.5100288
18	175	71	0.75250354	0.44172074
18	259	72	0.69205841	-0.4975479
18	359	73	0.64257873	-1.7228761
18	467	74	0.69838873	2.9986792
18	485	75	0.54046178	3.0671321
19	36	76	0.24475774	1.2423343
19	61	77	0.67168311	-1.4698023
19	202	78	0.3252685	-2.4269197
19	371	79	0.59930017	0.80870199
20	165	80	0.26889601	-0.65454784
20	293	81	0.47792391	2.9495791
20	393	82	0.4226513	-2.6239489
21	68	83	0.49404989	0.91168325
21	287	84	0.60096513	1.7930303
21	302	85	0.71198756	-1.8428059
22	186	86	0.76349883	-2.3467441
22	288	87	0.6307101	1.9944455
22	357	88	1.5382253	-1.9398883
22	418	89	0.99653337	0.87421608
22	435	90	0.89395183	0.74427102
22	464	91	1.003754	1.2835872
23	350	92	0.56502463	-0.10269262
23	371	93	0.42470855	-3.0815525
23	440	94	0.46141847	-1.4315269
24	77	95	0.6088268	0.42060945
24	230	96	0.64342991	1.782317
24	234	97	0.69025535	-0.63737219
24	294	98	0.49515937	2.4985517
24	345	99	0.64105167	-1.4977186
24	434	100	0.69834573	-2.9570012
25	108	101	0.5758492	3.1363676
25	117	102	0.54671304	0.25265947
26	124	103	0.51863257	-2.598817
26	153	104	0.5504947	0.42060202
26	417	105	0.46742028	-1.2105516
26	440	106	0.31314375	2.040675
27	111	107	0.5611206	-0.64042475
27	227	108	0.49825231	2.1731347
27	296	109	0.52757059	1.045016
27	386	110	0.51210913	-2.0317822
28	188	111	0.51284635	0.079542888
28	209	112	0.87200665	-1.6838482
28	210	113	0.8360959	-2.6484574
28	229	114	0.77693427	1.6259422
29	61	115	0.44632124	-2.5854779
29	445	116	0.30200285	1.6044704
29	464	117	0.51435216	-1.4299888
29	500	118	0.58055343	0.43732901
30	96	119	0.5106451	-0.77029195
30	178	120	0.67080164	-0.2222111
30	226	121	0.7994276	0.9459275
30	312	122	0.78079793	3.1306262
30	439	123	0.45787093	-2.3825827
30	499	124	0.51042895	2.9444671
31	136	125	0.93680161	-2.4221607
31	153	126	0.76909813	2.2645608
31	199	127	0.75260214	-1.5199541
31	359	128	0.84717466	1.4018513
31	417	129	0.83255929	-3.0563633
31	434	130	1.0278921	0.12196569
31	459	131	0.62574963	-0.25172466
31	484	132	0.36870021	-0.39976837
32	98	133	0.34961661	-2.2551314
32	115	134	0.29868816	-0.012395812
32	122	135	0.48260173	1.5678983
32	299	136	0.41447988	2.364543
33	128	137	0.57656124	0.83805712
33	139	138	0.52626508	1.1164874
33	149	139	0.61947282	0.46635793
33	242	140	0.7890855	-2.7137919
33	342	141	0.35426062	-0.89808116
33	381	142	0.55632866	1.9372184
33	441	143	0.72341805	-1.9632237
34	155	144	0.65576628	2.5626401
34	357	145	1.4428823	1.9000349
34	472	146	1.5601487	-1.0841908
35	38	147	0.77029061	1.0531185
35	169	148	0.87800197	2.7477726
35	184	149	0.68211035	0.51773449
35	227	150	0.94358279	-1.7317602
35	296	151	0.9700785	-1.1504698
35	420	152	0.7922165	1.8395757
36	185	153	0.5209403	-1.1668076
36	371	154	0.39096385	0.54252842
37	112	155	0.44141556	-1.8726816
37	330	156	0.52030591	0.28089379
37	384	157	0.39827384	2.5621096
38	184	158	0.39346892	-1.0032167
38	251	159	0.56205784	0.83194076
38	427	160	0.59284482	1.2616255
39	103	161	0.43312362	-2.0021988
39	118	162	0.59950015	-0.65162136
39	407	163	0.46980386	1.3156343
39	416	164	0.54959158	2.3143122
40	123	165	0.73352667	-2.9533619
40	151	166	0.58166843	1.0219148
40	208	167	0.47350623	-1.3552188
40	413	168	0.43071946	-0.20753129
41	42	169	0.42547059	-1.6265286
41	149	170	0.22831546	1.1158505
41	181	171	0.60973036	0.94463264
41	218	172	0.49186873	2.9738231
41	290	173	0.44091071	1.0067138
41	339	174	0.58903114	-2.4507903
42	339	175	0.43312526	3.0270442
42	342	176	0.22138673	2.7994046
43	113	177	0.49214361	-1.4175279
43	195	178	0.45477712	1.1734065
43	217	179	0.33676572	2.8109485
44	50	180	0.23043971	-0.12350238
44	471	181	0.48665905	-3.1289942
45	166	182	0.38533446	-2.5534649
45	197	183	0.29387854	-1.0192174
45	406	184	0.52386025	-0.49588177
45	473	185	0.76511146	2.8639874
46	331	186	0.57968825	-2.3568289
46	379	187	0.70099026	0.1524219
46	433	188	0.28920029	2.353169
46	456	189	0.51880617	3.1244519
46	498	190	0.3852753	-0.56389025
47	283	191	0.26001943	-0.45921162
47	331	192	0.64292389	0.52761508
47	464	193	0.64246688	-2.3814414
48	182	194	0.19358186	3.0441435
48	236	195	0.45939921	-1.8545324
48	260	196	0.55844842	-0.85092101
48	292	197	0.51397844	2.6475701
48	393	198	0.47686171	1.375653
49	129	199	0.15064358	1.9940986
49	148	200	0.63712623	2.7593945
49	157	201	0.16183976	2.6621601
49	479	202	0.25527778	-1.3766289
50	180	203	0.38712449	-0.48735545
50	208	204	0.70928274	2.3014
50	382	205	0.35402459	1.4706443
50	431	206	0.66162767	-1.469527
51	90	207	0.80049518	-2.4686623
51	152	208	0.71647717	-0.014750111
51	284	209	0.73802851	3.0661605
51	399	210	0.82074782	1.3715118
51	436	211	0.6218197	-0.53777066
52	190	212	0.74418277	2.1653731
52	225	213	0.65370358	-0.90802403
52	332	214	0.37339814	-3.0322297
52	351	215	0.56456163	2.7376222
52	366	216	0.69020122	-0.62241673
52	451	217	0.47187577	0.85839912
53	316	218	0.36944083	-2.3229623
53	405	219	0.16191554	1.1455667
53	431	220	0.48820377	2.6690741
54	170	221	0.52526934	-1.5139509
54	355	222	0.19256823	1.9899196
54	390	223	0.72158787	-1.7530566
54	442	224	0.40292852	-2.7020631
54	480	225	0.95181685	1.4942105
55	216	226	0.5388907	-0.55034453
55	264	227	0.50674702	-1.8642615
55	291	228	0.5253093	1.5957708
55	365	229	0.73028028	-0.036944205
55	450	230	0.60806545	2.4874118
55	497	231	0.6455769	-2.9305629
56	203	232	0.56517248	1.3980981
56	243	233	0.56566051	2.5038038
56	455	234	0.47707359	-2.2198478
56	480	235	0.60103032	-1.2765009
57	95	236	0.7078476	-3.0475112
57	279	237	0.67424438	-0.38385873
58	369	238	0.60494275	-0.012272615
58	439	239	0.65907328	2.4036093
59	84	240	0.73158713	0.11887625
59	123	241	1.1006513	-1.4400882
59	148	242	0.74351408	0.86854244
59	150	243	1.0620332	3.1393239
59	388	244	0.77882128	1.5234038
60	98	245	0.95014006	2.0086765
60	214	246	0.93394312	-1.0827553
60	222	247	0.34597858	-2.9844533
60	317	248	0.62858043	2.3667142
60	344	249	0.60720198	-1.7027983
60	386	250	0.76657049	0.12139176
61	185	251	0.47311907	1.0966625
61	202	252	0.55256201	2.1738662
61	288	253	0.6677583	-1.7095651
61	343	254	0.71985494	-2.3435352
61	373	255	1.227542	0.77566839
61	421	256	1.3593765	-2.0501357
61	445	257	0.65186517	0.96925709
62	75	258	0.44800032	-1.7988984
62	76	259	0.71903427	-0.6477604
62	214	260	0.95978002	1.7321746
62	270	261	0.57361863	-1.6606729
62	298	262	0.18328721	2.6344262
62	335	263	0.21681898	1.15566
63	184	264	0.5259149	-2.2252131
63	251	265	0.36380697	2.0052601
63	384	266	0.57560906	0.13960326
64	159	267	0.57724407	-2.5307292
64	167	268	0.68532577	2.2513477
64	194	269	0.78825699	2.6867247
64	226	270	0.83014899	-0.45549003
64	397	271	0.38830633	1.1351768
64	447	272	0.50457229	-1.6525292
65	78	273	0.78426588	1.361464
65	131	274	0.77613418	-1.9522554
65	188	275	0.34642801	-2.6275835
65	228	276	0.87250089	-1.8542973
65	390	277	0.86495212	1.0268892
65	394	278	0.27968982	-0.67506704
66	183	279	0.39889536	0.96968833
66	238	280	0.31251051	1.6510731
66	314	281	0.27734931	0.1947491
67	106	282	0.62526895	2.0992599
67	193	283	0.57527522	-1.8762946
67	362	284	0.60154016	-2.3619825
67	372	285	0.64325144	0.80816171
68	74	286	0.58785308	-0.12523095
68	110	287	0.77185266	1.8204567
68	287	288	0.47698249	2.719003
68	309	289	0.66425878	-1.3272845
69	225	290	0.74208265	2.5002447
69	231	291	0.35519075	1.1377837
69	439	292	0.69605183	-0.30646381
70	71	293	0.4994189	0.73816368
70	113	294	0.51325397	-2.5368663
70	195	295	0.69293443	2.0530431
70	396	296	0.61427114	-1.3009256
70	463	297	0.41406393	-0.36707505
71	134	298	0.54251826	-0.69786347
71	162	299	0.45247721	2.0255661
71	195	300	0.74456495	2.7591906
71	430	301	0.683811	0.1635559
71	453	302	0.41972627	1.0039406
71	463	303	0.48497646	-1.5356193
72	191	304	0.35939935	-0.40120685
72	310	305	0.31232307	1.468589
72	384	306	0.34319326	-1.9768576
73	249	307	0.47463314	-3.0946947
73	355	308	0.49410931	-1.1463059
73	455	309	0.52913496	1.7763517
74	166	310	0.56995489	0.91295831
74	309	311	0.71085486	-2.2082893
74	473	312	0.87702504	1.6469832
74	486	313	0.72768937	-1.0412159
75	135	314	0.43290312	0.0392527
75	270	315	0.14381274	-1.2170381
76	215	316	1.1209329	-0.55876095
76	238	317	0.4854674	0.33908276
76	270	318	0.63980587	-2.9250954
76	335	319	0.7974338	2.2260718
77	221	320	0.40921953	1.4479382
77	230	321	0.78869976	2.6381616
77	234	322	0.65935609	-1.5723576
77	261	323	0.63136127	-0.053133997
77	423	324	0.79298035	1.544766
77	469	325	0.83548702	-0.87573785
78	125	326	0.7138455	2.2936175
78	235	327	0.60157076	0.54226661
78	316	328	0.59971461	0.84559718
78	390	329	0.2859013	-0.094619532
79	95	330	0.60032885	-2.6181526
79	247	331	0.42487653	-0.017817828
79	266	332	0.44790647	-0.64968588
79	389	333	0.34811561	2.1468729
80	87	334	0.49889709	1.3761768
80	126	335	0.46265915	-2.2005785
80	282	336	0.55688586	-0.72771821
80	329	337	0.31291322	1.3595503
80	488	338	0.23229465	-0.098845305
81	224	339	0.69488004	-3.0153519
81	233	340	0.49476866	0.42622125
81	248	341	0.50245838	-0.50267276
81	274	342	0.7863634	1.1430519
81	346	343	0.65605988	-2.2831972
82	124	344	0.60553267	0.26220864
82	185	345	0.5283247	1.0363727
82	343	346	0.65880359	-2.3215752
82	415	347	0.37994008	-1.1432622
83	127	348	0.60408358	3.1230977
83	354	349	0.39281865	0.77347715
83	369	350	0.16170585	-2.1916459
83	429	351	0.51131302	0.53319072
84	148	352	0.54017399	2.0439574
84	151	353	0.70076691	-0.88998945
84	157	354	0.37629219	1.0060136
84	479	355	0.39432007	-0.018457287
85	90	356	0.47981714	-0.27246008
85	226	357	0.59854324	2.3521429
86	95	358	1.0460726	0.2833893
86	272	359	0.93612068	-0.47426507
86	356	360	0.844613	2.1562188
86	379	361	1.1064001	3.084664
86	454	362	0.66744611	-2.697678
86	476	363	0.69273324	-1.1580642
87	126	364	0.93891765	-1.9746655
87	244	365	0.49714293	-0.41389837
87	273	366	0.54174674	1.6702086
87	313	367	0.41764071	-2.7988999
87	321	368	0.37952512	2.2952811
87	326	369	0.60598859	1.2692807
87	329	370	0.18609985	-1.7374572
87	421	371	1.0304158	0.74522812
87	443	372	0.65955454	-2.3096641
88	136	373	0.63467191	1.9062465
88	145	374	0.3735873	-1.2332162
88	199	375	0.70803953	0.7164532
88	310	376	0.31678641	-3.0321402
88	338	377	0.84859738	-0.12393585
88	384	378	0.81792355	-2.2014635
89	100	379	0.80355266	-0.212037
89	175	380	0.53898185	-2.8088665
89	269	381	0.20729603	-0.062809214
89	300	382	0.43677764	-3.0441528
89	315	383	0.17634976	2.5840051
89	340	384	0.63612234	0.12366592
89	483	385	0.70001493	3.1088551
90	178	386	0.73784567	-2.8072272
90	280	387	0.65073458	-0.5999365
90	284	388	0.56534462	1.7665154
90	354	389	0.5029719	-2.0143748
91	212	390	0.44498695	-3.1186992
91	334	391	0.30370367	-2.6998359
92	169	392	0.63112416	-1.1416265
92	321	393	0.17168085	2.001057
92	492	394	0.43579577	-3.1321983
93	172	395	0.44291485	1.6777489
93	397	396	0.24864996	-3.1378834
94	298	397	0.62919207	-0.87949834
94	344	398	0.60671941	1.7542953
94	432	399	0.28835999	-0.18038117
94	460	400	0.28982284	1.992147
95	100	401	0.76911115	2.2770581
95	266	402	0.87708765	0.033214899
95	272	403	0.74016028	-1.8046952
96	127	404	0.2917643	-1.9800553
96	178	405	0.35496048	0.62521806
96	354	406	0.7689474	-0.0057315432
96	439	407	0.69985871	3.0837249
97	385	408	0.39735498	-2.0674373
97	391	409	0.54922202	-0.53944535
97	430	410	0.60950626	2.263232
98	299	411	0.56644262	1.7027103
98	317	412	0.42325752	-1.680276
98	323	413	0.3032382	2.2843492
98	341	414	0.7600492	1.7858113
99	165	415	0.60652146	-0.17695184
99	247	416	0.32544851	-1.1868858
99	293	417	0.17100156	2.0937927
99	389	418	0.49254953	-3.137012
99	410	419	0.66899867	-0.45107393
99	462	420	0.77181366	2.9000391
100	269	421	0.5993534	2.8781115
100	340	422	0.29171838	2.1281095
100	389	423	0.82949316	0.0082934255
101	105	424	0.41062759	-2.7104671
101	415	425	0.87811418	0.49722706
102	156	426	0.42199665	-0.89982651
102	176	427	0.62304411	-2.2311375
102	305	428	0.41513808	-1.5676076
102	337	429	0.50399132	0.79338819
102	444	430	0.6627442	1.8532636
103	118	431	0.65844937	0.045361885
103	146	432	0.71303397	-2.6928304
103	167	433	0.82062729	-0.58486374
103	192	434	0.58872401	-1.4710047
103	194	435	0.75812515	-1.0035583
103	271	436	0.98101074	2.5478194
103	416	437	0.8205078	1.8056078
104	278	438	0.28240641	-0.62978915
104	304	439	0.35065949	-1.9191585
104	465	440	0.40695189	2.259226
105	273	441	0.5611237	-2.3582752
105	326	442	0.392241	-2.0018023
105	343	443	0.70417821	0.7015962
106	161	444	0.54415928	3.1086133
106	372	445	0.76332413	-0.098266899
106	472	446	0.79289399	2.3054482
107	219	447	0.6528997	-1.3910944
107	263	448	0.34542484	-2.2172259
107	289	449	0.64318803	2.0066107
107	437	450	0.18675942	-2.6210938
108	177	451	0.666525	-2.0621782
108	308	452	0.54948395	2.8765849
108	363	453	0.63279295	1.2360429
109	171	454	1.0059468	2.6944546
109	224	455	0.93277347	-1.682237
109	274	456	0.9202059	-0.13514501
109	361	457	0.84712173	1.0171533
109	398	458	0.48713433	2.9491353
110	121	459	0.77022559	-3.0079736
110	189	460	0.8927524	1.308879
110	287	461	0.60392612	-1.9872805
110	376	462	0.50268503	2.2080547
110	473	463	0.70919489	0.074990961
111	271	464	0.78215195	-1.4471034
111	296	465	0.81296681	1.800557
111	327	466	0.61447855	0.95927406
111	386	467	0.68886813	-2.9615414
111	416	468	0.89124106	-0.63275582
112	239	469	0.61740933	-1.8381765
112	262	470	0.47576487	-2.9464439
112	384	471	0.67069123	1.8767468
112	450	472	0.71663877	-0.46229109
113	217	473	0.71402629	2.1547459
113	291	474	0.62192513	-2.9091761
113	365	475	0.70886914	-1.3753051
113	396	476	0.65843592	-0.47347364
114	175	477	0.63652125	2.5708415
114	204	478	0.55676788	1.4070327
114	230	479	0.57751344	-1.3686427
114	259	480	0.68139144	-2.6723996
114	423	481	0.8415642	-0.18346986
115	122	482	0.56996243	2.1194685
115	227	483	0.61246251	-0.27386894
116	222	484	0.58245523	-1.4478486
116	253	485	0.6406054	1.7673569
116	286	486	0.51848511	-0.12615147
116	317	487	0.091510844	-1.974851
117	121	488	0.64788727	1.427408
117	250	489	0.26538947	0.73504253
117	257	490	0.35129476	-0.51426634
117	295	491	0.55534983	-1.4040719
118	167	492	0.48363908	-1.5160658
118	172	493	0.85237714	-0.26375314
118	319	494	0.51600126	1.5278265
119	130	495	0.50630531	0.019432506
119	199	496	0.55858988	-2.715952
119	409	497	0.50371477	-1.2117525
119	459	498	0.36986827	1.4105085
119	484	499	0.43069346	2.0731334
120	292	500	0.32955313	-1.2367488
120	293	501	0.59094245	0.36893634
120	393	502	0.65884206	-0.13280331
120	412	503	0.53222021	2.8011951
120	423	504	0.76306824	-2.5132564
120	462	505	0.27390353	1.9953136
121	147	506	0.85146801	1.5214686
121	250	507	0.47485592	-1.3493774
121	257	508	0.84151376	-1.3145599
121	287	509	0.68675078	-0.71392837
121	363	510	1.0056233	-2.9644291
121	376	511	0.68718279	0.82900895
121	378	512	0.88611193	2.2034522
122	169	513	0.65693467	1.2174252
122	299	514	0.35357313	-2.5676378
122	496	515	0.39664384	1.9469115
123	150	516	1.627671	2.4047884
123	208	517	0.88389133	-0.37687615
123	265	518	1.4139099	-1.4199734
123	471	519	1.0135511	-0.96170908
124	185	520	0.43394768	2.3855981
124	198	521	0.46158158	-1.2259394
124	415	522	0.65977173	-2.2752933
124	417	523	0.63202375	-0.27156799
124	440	524	0.62505655	1.0659751
125	229	525	0.91815328	-2.208298
125	265	526	0.69505588	2.2977442
125	431	527	0.7983082	0.53270017
125	471	528	1.0900282	1.6575997
126	144	529	0.35960773	-1.0851509
126	253	530	0.67383777	-1.7701642
126	323	531	0.74916211	-1.836268
126	341	532	0.26386131	-2.2234514
126	443	533	0.38326612	1.7682933
127	439	534	0.65905983	2.6550713
128	139	535	0.16093666	2.8627335
128	486	536	0.60335449	1.4145541
129	148	537	0.53869062	2.9543532
129	437	538	0.60637845	2.3669634
129	466	539	0.31149423	-0.92143348
130	205	540	0.45726158	-0.44313169
130	345	541	0.71141152	0.17668294
130	409	542	0.58323222	-2.1705827
130	459	543	0.57113768	2.470206
131	181	544	0.56704441	-1.6466201
131	188	545	0.55016573	1.593932
131	209	546	0.7175369	-2.6205612
131	228	547	0.12561607	-1.2054377
131	303	548	0.50449265	-1.2273561
132	377	549	0.47274958	-1.1532745
132	400	550	0.50618715	2.6336826
133	137	551	0.39662026	-1.7450895
133	218	552	0.51831956	0.72276875
133	274	553	0.6205771	-2.7270591
133	339	554	0.43506526	-0.26652798
133	353	555	0.56076419	1.8098561
134	275	556	0.42989275	-1.846571
134	385	557	0.58225947	-0.66333853
134	430	558	0.52786332	1.0579554
134	463	559	0.42121177	-2.8126636
135	158	560	0.51359642	1.754463
135	220	561	0.8037631	-0.63782115
135	298	562	0.70714489	2.3392434
135	332	563	0.46587647	-0.22311789
136	198	564	0.64267573	2.6880851
136	199	565	0.75493595	-0.17887097
136	311	566	0.75626478	-2.8708391
136	417	567	0.56053089	1.7954955
137	233	568	0.52696642	-2.3624173
137	274	569	0.51867673	2.866952
137	339	570	0.5610733	0.51433249
137	441	571	0.23127623	-0.40226107
138	446	572	1.2467216	-2.8715887
138	454	573	0.51782808	0.95412311
138	476	574	1.1824444	0.063078887
139	381	575	0.43277374	3.0339064
139	486	576	0.60513158	1.1474323
140	180	577	0.52454452	-1.7455143
140	258	578	0.83818357	1.9451103
140	461	579	0.44261489	1.6434269
140	470	580	0.69240076	-1.3848633
140	480	581	0.31677337	-1.8707303
141	168	582	0.43265892	-1.8733586
141	483	583	0.42500091	-0.64743622
142	173	584	0.31725884	1.2527565
142	281	585	0.53933489	-0.11715797
142	392	586	0.51591569	2.6126774
142	474	587	0.29480348	-1.9000084
142	495	588	0.3717079	-2.5150488
143	148	589	0.94203281	-0.86655093
143	247	590	0.8298415	2.4914498
143	266	591	0.76687169	2.8247698
143	279	592	0.27643894	3.0554526
143	349	593	0.14333511	-0.44541512
143	410	594	0.54323874	1.9092346
143	426	595	0.34225205	0.8572674
143	437	596	0.80838946	-0.50919208
144	174	597	0.54359319	-1.6836637
144	282	598	0.61175348	0.55335936
145	191	599	0.19294097	-2.3799444
145	330	600	0.44436251	-1.034321
146	183	601	0.63173152	-1.301324
146	238	602	0.63180844	-1.701711
146	241	603	0.54447503	-2.6842749
146	271	604	0.87502276	1.7670937
147	232	605	0.48098486	0.44165715
147	256	606	0.34502044	-0.20733532
147	376	607	0.54453555	-0.68330681
147	378	608	0.58200131	-2.9060563
147	385	609	0.75214374	2.2030513
147	391	610	0.70777507	1.2605664
148	157	611	0.47631013	-0.34920605
148	388	612	0.49074029	2.6985923
148	437	613	0.33775931	1.2828797
149	181	614	0.38671489	0.84386884
149	228	615	0.8137303	1.1331898
149	342	616	0.64754646	-2.1101654
150	272	617	1.1447789	2.4004343
150	476	618	1.5094897	2.7573535
151	258	619	0.54443963	-0.751247
151	413	620	0.59675685	-1.3717466
151	479	621	0.5393004	1.6577293
152	242	622	0.69806632	0.53830893
152	404	623	0.31601049	-0.3876212
152	436	624	0.35788151	-2.1054228
153	350	625	0.47648067	1.8828939
153	359	626	0.67947835	0.36698135
153	440	627	0.64659535	3.0573078
154	224	628	0.53926846	1.0120251
154	429	629	0.4296684	3.0132076
155	307	630	0.36721574	2.7780199
155	357	631	1.0099483	1.4891334
155	403	632	0.90633931	-1.8342203
156	213	633	0.2319385	-0.63860137
156	305	634	0.27442331	-2.828128
156	336	635	0.52298252	-2.013609
156	493	636	0.49496261	0.76979526
157	479	637	0.37802463	-1.0354374
158	298	638	0.39769361	3.1328606
158	332	639	0.81863451	-0.8371725
158	351	640	0.52860812	-0.71202337
158	368	641	0.7827605	1.7882836
158	432	642	0.67518546	2.4386558
158	478	643	0.39568309	1.2599292
159	223	644	0.40493068	-2.1607086
159	348	645	0.66580803	2.7051676
159	447	646	0.46458729	-0.37877235
160	334	647	0.70222294	-2.6951514
160	425	648	0.51587154	-2.2269028
160	441	649	0.79436642	0.92569056
160	482	650	0.28283561	-0.033067499
161	318	651	0.41087124	2.9596436
161	451	652	0.49962537	-1.7453007
161	472	653	0.57056939	1.5491257
162	195	654	0.50857442	-2.8858441
162	211	655	0.41623391	2.2476213
162	276	656	0.35027273	0.88227875
162	453	657	0.42736448	-0.12294491
163	230	658	0.66705664	0.21459791
163	259	659	0.40612817	1.7489046
163	294	660	0.43439373	-0.45301198
163	359	661	0.78321364	3.020202
163	434	662	0.62334683	-1.4090905
164	186	663	0.29543935	0.59328689
164	244	664	0.35374562	-2.6771208
164	357	665	0.75856539	-1.2699889
164	421	666	0.74038193	1.5899046
165	410	667	0.1849408	-1.5435705
165	426	668	0.5999357	-0.8197384
166	197	669	0.47599518	-0.07677914
166	473	670	0.59307514	2.3463716
167	194	671	0.33374623	-2.5492333
167	397	672	0.62188111	-0.29467298
168	175	673	0.65948805	-0.064163555
168	483	674	0.49344466	0.32309339
169	313	675	0.56558542	2.5712307
169	420	676	0.73669001	0.61803984
169	477	677	0.56335197	-2.7215764
169	496	678	0.44762955	-2.5559361
170	390	679	0.24516838	-2.2852363
171	361	680	1.3822877	0.20812496
171	372	681	1.5135847	2.9951704
171	387	682	0.85648914	-3.113786
171	398	683	0.54843362	-0.67282623
172	277	684	0.58338294	-0.1380026
172	397	685	0.48507753	-1.9988761
172	424	686	0.72183791	0.71591845
173	367	687	0.38149769	1.4363112
174	253	688	0.31099187	2.4527851
174	286	689	0.63667836	-0.89271897
175	204	690	0.65922628	0.31689886
176	189	691	0.79035804	-2.0108676
176	278	692	0.75326527	2.3103444
176	305	693	0.39113136	0.19798621
176	336	694	0.52296584	-0.63684311
177	308	695	0.76274771	1.8576455
177	424	696	0.44137857	3.1326428
177	448	697	0.94968685	-1.4909156
179	190	698	0.49000824	0.85852711
179	351	699	0.21927005	-0.10820097
180	382	700	0.61538625	2.0924506
180	405	701	0.59627883	-1.1814484
180	431	702	0.55063433	-2.0940764
180	470	703	0.27369022	-0.64210383
181	228	704	0.45661786	1.3772301
181	290	705	0.17185999	-2.3568081
181	303	706	0.23122803	0.40159471
182	236	707	0.46430526	-1.4323912
182	292	708	0.34365373	2.4282335
182	364	709	0.15768141	-2.4558666
183	314	710	0.27920091	-1.4034391
183	348	711	0.52662925	-0.22419339
184	262	712	0.66790755	-0.35865099
185	440	713	0.66646608	0.38353782
186	357	714	0.88991007	-1.593491
186	421	715	0.63074307	1.9941073
187	196	716	0.39908906	0.52322713
187	254	717	0.27113452	2.0317628
187	392	718	0.51179801	-0.6347529
187	402	719	0.23815981	3.1358566
187	457	720	0.50881491	2.9108021
189	232	721	0.52566284	2.9673938
189	255	722	0.6348307	-0.2082748
189	336	723	0.85822098	0.49021885
189	376	724	0.70085365	-2.428876
189	380	725	0.73222307	1.9690259
189	391	726	0.92489732	2.4919061
189	473	727	0.93881423	-1.0390216
190	318	728	0.51058311	0.64516023
190	351	729	0.40759278	-1.8243899
190	375	730	0.74550764	1.6885822
190	478	731	0.50274082	2.4320325
191	330	732	0.44316924	-0.59604866
192	194	733	0.35278727	-0.15252002
192	348	734	0.44998942	-1.614042
193	231	735	0.38492777	-1.4021733
193	362	736	0.28412793	2.6830995
194	348	737	0.54066959	-2.3197972
195	211	738	0.50877136	1.0987648
195	217	739	0.58366328	-2.581648
195	338	740	0.7608588	2.7208646
195	409	741	0.71387428	2.0307432
196	254	742	0.46831683	3.048748
196	367	743	0.6674769	-0.12592419
196	408	744	0.41723767	2.0967932
197	406	745	0.30676082	0.0033877762
198	311	746	0.50685457	-1.8733098
198	415	747	0.58732954	-3.025041
198	417	748	0.52459511	0.5292702
199	338	749	0.64784898	-1.0751315
199	409	750	0.72684401	-0.33789524
200	214	751	0.58271786	1.9998586
200	241	752	0.61694551	-0.51488958
200	335	753	0.21900988	-1.5742609
201	216	754	0.51882188	2.1928607
201	308	755	0.81373445	-1.3590823
201	365	756	0.67724078	1.6178624
201	367	757	0.71848294	-2.5377747
201	489	758	0.72038185	0.59474965
203	322	759	0.36877639	1.836753
203	360	760	0.59256684	2.2642147
203	458	761	0.21391366	2.4840216
203	461	762	0.41192649	-1.2273951
204	340	763	0.51662159	0.095145428
204	374	764	0.50505365	0.53442895
205	211	765	0.51027442	-1.9609761
205	245	766	0.4034681	-0.39081287
205	345	767	0.43082854	0.84100287
206	289	768	0.13864144	0.55540816
206	426	769	0.25939677	2.9476686
206	437	770	0.64426712	-1.2102376
207	278	771	0.66221846	-1.6135636
207	352	772	0.70171505	2.294708
207	428	773	0.47599776	1.1400703
207	444	774	0.68269571	-0.13155826
207	465	775	0.54596814	-2.8036453
208	382	776	0.53830121	-0.33308535
208	413	777	0.49218511	0.86249383
208	471	778	0.56088391	-2.0168829
209	218	779	0.67359354	-1.9717795
209	290	780	0.56413833	-0.62416134
209	353	781	0.88894223	-2.6518014
210	229	782	1.3615036	1.0362196
210	353	783	0.90080013	-1.733958
210	361	784	1.3424692	-2.4664631
211	276	785	0.48626515	-0.11129003
211	409	786	0.57909626	2.8136032
212	280	787	0.56719606	-3.0456571
212	334	788	0.20815114	-0.61241979
212	436	789	0.49692801	1.4530993
213	249	790	0.28301331	-0.63409226
213	336	791	0.52925495	-2.4579502
213	493	792	0.511527	1.2337158
214	335	793	0.78693202	-1.2586578
214	344	794	0.56381219	2.7349787
214	386	795	0.97291886	1.2323759
215	220	796	0.56210002	2.9080064
215	223	797	0.65074361	0.058706443
215	225	798	0.046910842	0.72384788
215	312	799	0.89625894	-0.34039318
216	365	800	0.37161948	0.75570022
217	330	801	0.69126909	-3.1288981
217	338	802	0.65217649	1.8824467
217	395	803	0.37755584	-1.9601439
218	339	804	0.45848621	-1.5031838
218	353	805	0.55925321	2.7721057
219	263	806	0.4898005	2.2956765
219	268	807	0.51784868	3.1411272
219	301	808	0.68971882	-1.1319417
219	360	809	0.81399565	-0.95915424
219	437	810	0.61615444	2.0402067
220	225	811	0.59035043	-0.16856242
222	317	812	0.50546047	1.7849257
222	344	813	0.60712119	-1.1249633
222	481	814	0.47587871	-1.2699734
223	312	815	0.38980658	-1.0462824
223	419	816	0.68544159	2.6386362
223	447	817	0.67724658	0.24565079
223	499	818	0.53529304	-0.47749726
224	346	819	0.48493297	-1.0036602
224	429	820	0.81778449	-2.6273644
225	231	821	0.75353396	-0.16203008
225	332	822	0.90738041	2.5912346
225	366	823	0.19464478	0.61889321
226	284	824	0.77368977	0.00062852996
226	447	825	0.79866658	-2.9683102
226	448	826	0.96389009	0.78554604
227	296	827	0.54898596	0.083426033
227	386	828	0.87092515	-1.5081862
228	452	829	0.43006819	1.1964933
228	486	830	0.41870087	3.1200954
229	265	831	1.2600043	1.5036456
230	259	832	0.76820453	2.7995699
230	294	833	0.42255781	-2.2371049
230	423	834	0.82227487	0.52511448
231	325	835	1.1248586	-0.33194664
231	362	836	0.59770884	2.1345312
231	366	837	0.63035636	2.7604485
232	256	838	0.29319569	-1.908712
232	391	839	0.51696556	2.0077366
233	248	840	0.44673927	-1.5936319
233	274	841	0.5258642	1.8094374
234	345	842	0.55699087	-2.7187185
234	449	843	0.86027014	-1.1044624
234	469	844	0.53639236	0.032981228
235	316	845	0.18150488	2.2748374
235	390	846	0.40875901	-2.1703368
235	405	847	0.5910982	1.2225424
236	252	848	0.6948098	-1.5994281
236	260	849	0.49723576	0.042528014
236	261	850	0.52038273	-2.5764293
236	364	851	0.40526932	2.0478813
237	239	852	0.53845254	0.40267336
237	262	853	0.73952054	1.3084761
237	296	854	0.68768758	-2.7308951
237	327	855	0.57060089	-1.7337516
237	414	856	0.47200493	-0.82591139
238	241	857	0.56023682	2.3815098
238	314	858	0.39342735	-0.71464161
238	419	859	0.66581928	-0.62052355
239	262	860	0.58771076	2.1136714
239	328	861	0.32176202	-1.0663532
239	414	862	0.58493368	-1.8753798
239	497	863	0.69477247	-0.33648033
240	254	864	0.39965869	-0.57858424
240	414	865	0.34615896	2.0828064
242	302	866	1.0078017	1.8185939
242	404	867	0.56741706	-2.1420135
242	441	868	0.55774485	-0.65794789
243	301	869	0.71774688	1.5729062
243	337	870	0.58480086	-2.6780678
243	360	871	0.69743558	1.3203813
243	377	872	0.56921358	2.7082723
243	455	873	0.73586169	-1.3431101
243	458	874	0.51877149	0.74235555
243	493	875	0.65960856	-1.9740296
244	282	876	0.67379107	-1.773769
244	329	877	0.48631363	3.1078211
244	357	878	0.7830159	-0.80799244
244	421	879	0.94813132	1.2464908
244	488	880	0.4475974	-2.3688742
245	276	881	0.38156296	-1.7924253
245	345	882	0.48249014	1.7495879
245	491	883	0.52156942	-0.84568594
246	261	884	0.62116753	-1.4068767
246	292	885	0.41227309	1.0167428
246	364	886	0.35567566	0.072793012
246	423	887	0.55143157	2.7442212
247	266	888	0.2720596	-1.8240004
247	389	889	0.68354881	2.6880449
248	425	890	0.37195509	-2.1207149
248	482	891	0.41130802	0.20144146
249	297	892	0.5098811	-1.9655374
249	336	893	0.65970527	-2.8862625
249	455	894	0.65261191	0.97521454
250	257	895	0.36731776	-1.2695427
251	427	896	0.24804815	2.4960168
252	261	897	0.59072644	2.3606722
252	352	898	0.70798187	-1.4529951
252	401	899	0.66622454	-0.43663709
252	469	900	0.54970634	-2.7842015
254	402	901	0.26856147	-2.0238442
254	408	902	0.40829973	0.89054746
254	457	903	0.39547823	-2.8161533
255	297	904	0.62280567	0.38046659
255	336	905	0.55234633	1.3219471
255	473	906	0.69325568	-1.7816175
256	376	907	0.28560785	-1.2698894
257	287	908	0.47565172	0.87259505
257	295	909	0.4314819	-2.0889261
257	302	910	0.9406387	-1.3051611
258	413	911	0.3519472	-2.4902623
259	359	912	0.76854866	-2.7337038
261	469	913	0.61557384	-1.7263992
262	384	914	0.77821063	1.2237008
264	367	915	0.70188887	-1.1025209
264	497	916	0.59774724	2.5163556
266	279	917	0.5017524	-0.44312822
267	449	918	0.43855467	2.8106509
267	465	919	0.40401893	-0.79680565
268	400	920	0.54313439	-2.2428779
269	315	921	0.37204289	2.8517641
269	356	922	0.51319082	-2.4437503
270	383	923	0.52853305	-2.3776685
271	386	924	1.0127198	2.441074
272	476	925	0.59230326	-2.7844809
273	321	926	0.32259531	-2.2306941
273	326	927	0.23705412	0.16774734
274	353	928	0.90613217	1.0697761
275	385	929	0.57847487	0.095433802
275	396	930	0.53085674	-2.8238526
275	463	931	0.39539499	2.3633272
275	490	932	0.45172384	-1.7116221
276	453	933	0.3806434	-1.0127015
276	491	934	0.43017113	-0.042149312
277	424	935	0.55499787	1.6306819
277	448	936	0.62568353	-0.68655436
278	380	937	0.6072225	-1.7579406
278	465	938	0.68404826	2.3625803
279	349	939	0.4137034	-0.20826015
279	388	940	0.69113838	-0.87696818
280	334	941	0.73780713	-0.088655031
280	354	942	0.75795804	-3.026694
281	308	943	0.51782811	0.75490466
281	424	944	0.4024502	-1.1845789
282	307	945	0.82144767	-1.2599466
282	357	946	0.68333433	0.13787409
282	488	947	0.39351687	2.0592515
283	331	948	0.54463126	0.93728291
283	418	949	0.62805228	-2.1498002
283	446	950	0.45174412	-0.33747789
284	448	951	0.68740142	1.7053554
285	306	952	0.21665638	-2.7051539
285	433	953	0.52554231	0.27201427
285	456	954	0.19911801	-0.27997357
285	500	955	0.55367083	-2.0749212
286	307	956	0.72044664	0.92506986
286	324	957	0.64846216	-1.5653143
286	403	958	0.69105246	-0.67209559
288	421	959	0.7632881	-2.3466829
288	464	960	0.66769894	0.61950273
290	303	961	0.39587368	0.56462828
291	395	962	0.39558411	1.3974521
291	450	963	0.49438036	-2.82241
291	494	964	0.43006881	2.5410978
292	393	965	0.58926553	0.39011938
292	423	966	0.73823784	-2.9546651
293	393	967	0.31715026	-1.2438225
294	434	968	0.51471226	-2.1698296
295	320	969	0.6562767	-1.7958411
296	327	970	0.61040228	-0.49225173
297	336	971	0.53667216	2.5392812
297	442	972	0.66175097	-0.47847673
298	432	973	0.4486551	1.83567
299	341	974	0.20113404	2.0217578
299	477	975	0.57868194	1.5537387
300	315	976	0.31576333	0.44459037
300	356	977	0.38968576	-0.87972728
300	483	978	0.272888	2.8995597
300	487	979	0.59484277	-2.4069845
301	360	980	0.17934546	-0.23674116
302	309	981	0.78365102	0.5834412
302	320	982	0.61642619	-2.967243
302	381	983	0.77683411	-0.16846733
302	399	984	1.0446078	-2.6207212
304	380	985	0.49294818	-1.0739837
304	391	986	0.59033222	-1.9482555
304	465	987	0.65866351	1.7831893
305	336	988	0.38967768	-1.4758006
306	373	989	0.10082126	-2.9904779
306	433	990	0.7401267	0.31994781
306	445	991	0.69455706	-2.6345808
306	500	992	0.39958512	-1.7496791
307	357	993	0.97390884	1.1185389
307	403	994	1.0113607	-1.4645892
308	363	995	0.86650028	0.55113721
308	367	996	0.85530665	2.6712493
308	424	997	0.76178946	-1.871389
309	370	998	0.45723417	-0.58115118
309	381	999	0.57298329	-1.3743759
311	415	1000	0.59966069	2.3760097
311	427	1001	0.80664342	-2.186625
312	439	1002	0.55314251	-0.62506386
312	499	1003	0.29473903	0.31532395
313	321	1004	0.44760483	1.2483839
313	411	1005	0.44963119	2.2541834
313	443	1006	0.35092558	-1.716129
313	477	1007	0.53647244	-1.6423061
313	492	1008	0.34547123	2.2699729
314	348	1009	0.49301889	0.32670113
314	419	1010	0.27661539	-0.48645664
315	356	1011	0.43762557	-1.6547483
316	431	1012	0.52465545	1.9256611
317	323	1013	0.66757294	1.8008571
318	375	1014	0.65829072	2.4231106
318	451	1015	0.64922813	-1.0600804
318	472	1016	0.64771726	0.87244704
319	392	1017	0.48168925	1.1134451
319	407	1018	0.48599079	2.4693409
319	495	1019	0.3599777	-0.12840545
320	358	1020	0.66084562	-2.6207051
320	399	1021	0.50979359	-2.1975348
321	411	1022	0.43244296	-2.965211
322	360	1023	0.29901077	2.8008981
322	461	1024	0.78011944	-1.2639761
322	466	1025	0.76109626	2.1338237
324	333	1026	0.57886152	-1.5300937
324	403	1027	0.57982351	0.38579351
324	481	1028	0.44159286	-2.3347398
325	429	1029	1.1013122	-0.20598424
326	421	1030	0.58969045	0.20512661
327	414	1031	0.46568275	0.48241552
327	457	1032	0.69232071	-0.67147547
328	414	1033	0.4311296	-2.4458777
328	497	1034	0.50302298	0.10414706
330	494	1035	0.50290909	-1.3199405
331	468	1036	0.2938932	-0.2051834
331	498	1037	0.76347088	0.27010659
331	500	1038	0.56749057	-3.1217905
332	351	1039	0.30146994	2.0837654
333	368	1040	0.55425261	-0.28191892
333	432	1041	0.51672484	-1.2022743
333	460	1042	0.27237064	-2.4870186
333	481	1043	0.41905462	2.4737985
334	422	1044	0.38477525	-1.8484015
337	444	1045	0.60545933	2.6659081
337	493	1046	0.43477284	-0.91747344
338	409	1047	0.50078974	0.71660189
339	342	1048	0.22311588	0.11129631
339	441	1049	0.45865403	-2.2155916
340	412	1050	0.36064909	-0.35605962
340	462	1051	0.72888438	-0.073896828
341	443	1052	0.59159073	1.4265492
341	477	1053	0.40935962	1.3302302
342	441	1054	0.63289977	-2.4749634
343	421	1055	0.70187068	-1.7489857
344	460	1056	0.33215142	-1.594363
345	434	1057	0.89386622	2.5328259
345	449	1058	1.0449588	-0.54288345
346	347	1059	0.50325864	-0.69642763
346	422	1060	0.41210631	-0.91713061
346	425	1061	0.6776535	-0.092632574
346	429	1062	0.9725612	3.1346262
347	422	1063	0.13553608	-3.1096863
347	425	1064	0.38860329	0.73345938
348	419	1065	0.36351827	-2.2291797
349	388	1066	0.44736326	-1.4875274
350	359	1067	0.80821058	-0.26242187
350	438	1068	0.45516614	2.6015195
350	440	1069	0.63813957	-2.4660762
350	485	1070	0.57597537	0.9416748
352	401	1071	0.66966561	0.68048297
352	428	1072	0.67002011	-0.13957991
352	449	1073	0.79658583	-2.7886748
352	465	1074	0.70854539	-1.641884
352	469	1075	0.78657882	2.4348538
353	361	1076	0.90301553	3.0864216
355	442	1077	0.45011153	-2.2600784
356	487	1078	0.69678863	-2.9998377
358	399	1079	0.28679366	-0.2973781
358	448	1080	0.73231477	-2.9328849
360	458	1081	0.38662377	-0.99831174
360	466	1082	0.55775587	1.7957427
362	366	1083	0.37936429	-2.3468693
362	451	1084	0.71223528	2.3852921
363	489	1085	0.80830317	1.9677624
365	396	1086	0.59758422	0.72243996
365	489	1087	0.68521856	-0.40956295
367	392	1088	0.72840424	-2.5285868
368	375	1089	0.58427481	0.04314921
368	403	1090	0.95094344	1.590484
368	432	1091	0.47681592	-2.383469
368	478	1092	0.48404392	-0.92856397
369	429	1093	0.66242005	0.63216859
370	381	1094	0.41204091	-2.2864588
370	486	1095	0.45235285	0.44383176
371	438	1096	0.6288046	0.32638542
372	387	1097	0.68631426	-0.36447758
372	472	1098	1.4515403	2.6670405
373	433	1099	0.83968535	0.29977078
373	438	1100	0.44865223	1.4248211
374	412	1101	0.53473332	-0.67435786
375	403	1102	1.1043559	2.1478095
375	472	1103	0.91417548	0.068722011
375	478	1104	0.50668074	-2.1893344
377	444	1105	0.58868532	-2.7527089
378	385	1106	0.75243534	1.4086901
378	489	1107	0.79208872	-2.9557024
378	490	1108	0.57080404	2.7072619
379	433	1109	0.90215223	3.0319902
379	454	1110	0.61162042	-0.6084605
379	487	1111	0.54504743	1.6661325
379	498	1112	0.4821068	-2.4367758
380	391	1113	0.46701239	-2.8918563
382	413	1114	0.5812263	1.9011309
385	391	1115	0.66397183	0.10143758
385	430	1116	0.84251343	1.8102096
389	462	1117	0.31765247	2.512607
390	406	1118	0.63009645	-2.1559856
391	475	1119	0.90975794	1.928489
392	407	1120	0.60693435	-2.926516
394	406	1121	0.40737508	1.8666789
394	452	1122	0.40258278	-2.4310294
396	463	1123	0.49622094	1.1053594
396	489	1124	0.69188282	-1.3072449
396	490	1125	0.52303133	-0.5680866
399	448	1126	0.99293937	-3.0733604
400	401	1127	0.54868289	2.8928084
400	428	1128	0.54327306	-2.3683595
401	428	1129	0.53404994	-1.299736
404	436	1130	0.51095313	-2.7637593
405	470	1131	0.38780942	1.5892528
406	452	1132	0.67836535	-1.8491116
407	416	1133	0.49313279	-3.0399398
407	457	1134	0.63304744	2.090676
408	497	1135	0.53613512	1.4394588
410	426	1136	0.47734505	-0.56025232
411	492	1137	0.10434569	-0.93970733
412	423	1138	0.63680786	-1.7534103
412	462	1139	0.39545856	0.18283927
414	457	1140	0.65959552	-1.3732057
416	457	1141	0.62478304	1.2850588
418	435	1142	0.15982649	-1.4566712
418	446	1143	0.85688086	0.45440478
418	464	1144	0.40663845	2.632311
420	427	1145	0.90394165	0.54720523
426	437	1146	0.81138538	-0.9349778
428	444	1147	0.70788321	-0.82938827
430	449	1148	0.90572102	1.3004249
430	453	1149	0.51067651	2.6462643
430	475	1150	0.55114769	0.18416692
430	491	1151	0.59045031	1.9545893
432	460	1152	0.51163035	2.4753475
433	456	1153	0.37099293	-2.5842799
433	487	1154	0.95436897	0.48376547
434	459	1155	0.50049767	-2.5456707
435	446	1156	0.9226078	0.61843985
437	466	1157	0.9156565	-0.82441147
438	467	1158	0.64619329	0.46699558
441	482	1159	0.6729381	-1.8647219
443	477	1160	0.18829011	-1.5044069
446	468	1161	0.55970934	1.2360582
447	499	1162	0.44901225	-1.9869126
449	465	1163	0.81985764	-0.55415001
449	469	1164	0.80015467	1.383094
449	475	1165	0.82810717	-1.2001972
449	491	1166	0.56586263	-2.5290942
450	494	1167	0.41430184	1.2905835
450	497	1168	0.52667613	-1.8570788
452	486	1169	0.69621045	-2.5447545
453	491	1170	0.38073542	0.92804985
454	476	1171	0.94685432	-0.37625243
454	498	1172	0.86988555	3.0987567
455	480	1173	0.5021573	-0.3990847
455	493	1174	0.43897629	2.8879243
456	500	1175	0.62865732	-2.3888645
459	484	1176	0.26668656	3.0952355
460	481	1177	0.44007249	1.8303957
461	480	1178	0.74661438	-1.6532264
464	500	1179	0.88096802	1.0297474
465	475	1180	0.52318057	-2.4330169
467	485	1181	0.16342858	-0.37108675
468	498	1182	0.51984948	0.53178151
470	480	1183	0.43802149	2.1012148
474	495	1184	0.21465233	2.8533373
477	496	1185	0.14245938	-0.12460139
483	487	1186	0.4965514	-1.9341824
489	490	1187	0.46624497	0.97760196
235	1	1188	0.29069078	1.0011191
390	1	1189	0.69937404	0.9836668
405	1	1190	0.3140615	-1.714348
470	1	1191	0.69959492	-1.6248141
28	2	1192	0.78629268	0.90595604
65	2	1193	0.5231702	2.2479272
78	2	1194	0.60829817	-2.5095067
125	2	1195	0.89493579	-1.591539
188	2	1196	0.57866458	1.6159752
229	2	1197	0.55074413	-0.28894344
64	3	1198	0.65455561	0.25808649
93	3	1199	0.28831247	-0.70075038
397	3	1200	0.50418175	-0.3756634
448	3	1201	0.80804369	-2.9555982
20	4	1202	0.51919592	-0.68061042
165	4	1203	0.25048926	-0.70858866
206	4	1204	0.57479931	2.5395745
289	4	1205	0.6431478	2.73829
393	4	1206	0.77970709	-0.15136594
426	4	1207	0.35209015	2.242859
168	5	1208	0.84273819	-2.6115052
373	5	1209	0.85070674	0.7393502
433	5	1210	0.36870364	2.0611795
467	5	1211	0.16216463	-1.6551877
49	6	1212	0.54075467	-0.9963694
129	6	1213	0.69005406	-1.0292414
151	6	1214	0.38795628	1.0359601
258	6	1215	0.7332344	1.8472823
322	6	1216	0.38380471	2.2426238
92	7	1217	0.5880134	0.72434013
101	7	1218	0.74499155	-2.2302086
105	7	1219	0.42545507	-1.7680211
321	7	1220	0.56277098	0.42805746
420	7	1221	0.68311128	2.2379001
74	8	1222	0.48410551	-0.77434091
486	8	1223	0.29030088	1.6450271
91	9	1224	0.55659476	0.98151879
160	9	1225	0.29357793	1.7402685
242	9	1226	0.69175977	-1.6952057
404	9	1227	0.30418251	-0.75782287
69	10	1228	0.12107932	2.6190727
215	10	1229	0.6322229	-0.59139377
225	10	1230	0.62202278	-0.66442599
312	10	1231	0.32438676	-2.9766809
439	10	1232	0.81472971	2.8032639
32	11	1233	0.62641962	-0.68387829
115	11	1234	0.43433679	-1.1259835
227	11	1235	0.46203236	-2.6294269
386	11	1236	0.7888283	2.1890885
425	12	1237	0.47118825	-0.13526147
482	12	1238	0.48099213	-1.8455479
260	13	1239	0.70321883	-0.71331741
263	13	1240	0.62967453	-2.951347
268	13	1241	0.49192939	2.6147585
401	13	1242	0.69744657	0.87934804
88	14	1243	0.70161108	-3.0977268
136	14	1244	0.79940595	-2.2337712
251	14	1245	0.63156325	0.64541547
311	14	1246	0.48891625	-1.0654068
384	14	1247	0.66668064	1.9049006
427	14	1248	0.7395458	0.31719195
45	15	1249	0.58769005	0.37784315
170	15	1250	0.48870032	-2.6178692
406	15	1251	0.47383829	1.3894152
442	15	1252	0.59806228	-1.6188406
381	16	1253	0.47708473	-0.74362879
67	17	1254	0.52682422	0.18276232
372	17	1255	0.37661057	-1.3739039
387	17	1256	0.58109223	-2.9253327
168	18	1257	0.36465114	-1.6315639
175	18	1258	0.75250354	-2.6998719
259	18	1259	0.69205841	2.6440448
359	18	1260	0.64257873	1.4187165
467	18	1261	0.69838873	-0.14291346
485	18	1262	0.54046178	-0.074460525
36	19	1263	0.24475774	-1.8992583
61	19	1264	0.67168311	1.6717904
202	19	1265	0.3252685	0.71467295
371	19	1266	0.59930017	-2.3328907
165	20	1267	0.26889601	2.4870448
293	20	1268	0.47792391	-0.19201353
393	20	1269	0.4226513	0.51764373
68	21	1270	0.49404989	-2.2299094
287	21	1271	0.60096513	-1.3485623
302	21	1272	0.71198756	1.2987868
186	22	1273	0.76349883	0.79484857
288	22	1274	0.6307101	-1.1471472
357	22	1275	1.5382253	1.2017043
418	22	1276	0.99653337	-2.2673766
435	22	1277	0.89395183	-2.3973216
464	22	1278	1.003754	-1.8580055
350	23	1279	0.56502463	3.0389
371	23	1280	0.42470855	0.060040174
440	23	1281	0.46141847	1.7100657
77	24	1282	0.6088268	-2.7209832
230	24	1283	0.64342991	-1.3592757
234	24	1284	0.69025535	2.5042205
294	24	1285	0.49515937	-0.64304095
345	24	1286	0.64105167	1.643874
434	24	1287	0.69834573	0.18459142
108	25	1288	0.5758492	-0.0052250734
117	25	1289	0.54671304	-2.8889332
124	26	1290	0.51863257	0.54277563
153	26	1291	0.5504947	-2.7209906
417	26	1292	0.46742028	1.9310411
440	26	1293	0.31314375	-1.1009177
111	27	1294	0.5611206	2.5011679
227	27	1295	0.49825231	-0.96845793
296	27	1296	0.52757059	-2.0965766
386	27	1297	0.51210913	1.1098105
188	28	1298	0.51284635	-3.0620498
209	28	1299	0.87200665	1.4577445
210	28	1300	0.8360959	0.49313522
229	28	1301	0.77693427	-1.5156504
61	29	1302	0.44632124	0.55611479
445	29	1303	0.30200285	-1.5371222
464	29	1304	0.51435216	1.7116039
500	29	1305	0.58055343	-2.7042636
96	30	1306	0.5106451	2.3713007
178	30	1307	0.67080164	2.9193816
226	30	1308	0.7994276	-2.1956652
312	30	1309	0.78079793	-0.01096649
439	30	1310	0.45787093	0.75900997
499	30	1311	0.51042895	-0.19712559
136	31	1312	0.93680161	0.71943193
153	31	1313	0.76909813	-0.87703186
199	31	1314	0.75260214	1.6216386
359	31	1315	0.84717466	-1.7397413
417	31	1316	0.83255929	0.085229376
434	31	1317	1.0278921	-3.019627
459	31	1318	0.62574963	2.889868
484	31	1319	0.36870021	2.7418243
98	32	1320	0.34961661	0.88646127
115	32	1321	0.29868816	3.1291968
122	32	1322	0.48260173	-1.5736943
299	32	1323	0.41447988	-0.77704967
128	33	1324	0.57656124	-2.3035355
139	33	1325	0.52626508	-2.0251052
149	33	1326	0.61947282	-2.6752347
242	33	1327	0.7890855	0.42780071
342	33	1328	0.35426062	2.2435115
381	33	1329	0.55632866	-1.2043742
441	33	1330	0.72341805	1.178369
155	34	1331	0.65576628	-0.57895255
357	34	1332	1.4428823	-1.2415578
472	34	1333	1.5601487	2.0574018
38	35	1334	0.77029061	-2.0884741
169	35	1335	0.87800197	-0.39382001
184	35	1336	0.68211035	-2.6238582
227	35	1337	0.94358279	1.4098324
296	35	1338	0.9700785	1.9911229
420	35	1339	0.7922165	-1.302017
185	36	1340	0.5209403	1.9747851
371	36	1341	0.39096385	-2.5990642
112	37	1342	0.44141556	1.268911
330	37	1343	0.52030591	-2.8606989
384	37	1344	0.39827384	-0.57948306
184	38	1345	0.39346892	2.1383759
251	38	1346	0.56205784	-2.3096519
427	38	1347	0.59284482	-1.8799672
103	39	1348	0.43312362	1.1393939
118	39	1349	0.59950015	2.4899713
407	39	1350	0.46980386	-1.8259584
416	39	1351	0.54959158	-0.82728046
123	40	1352	0.73352667	0.18823074
151	40	1353	0.58166843	-2.1196779
208	40	1354	0.47350623	1.7863739
413	40	1355	0.43071946	2.9340614
42	41	1356	0.42547059	1.515064
149	41	1357	0.22831546	-2.0257422
181	41	1358	0.60973036	-2.19696
218	41	1359	0.49186873	-0.16776956
290	41	1360	0.44091071	-2.1348789
339	41	1361	0.58903114	0.69080235
339	42	1362	0.43312526	-0.11454841
342	42	1363	0.22138673	-0.34218809
113	43	1364	0.49214361	1.7240647
195	43	1365	0.45477712	-1.9681861
217	43	1366	0.33676572	-0.33064417
50	44	1367	0.23043971	3.0180903
471	44	1368	0.48665905	0.012598494
166	45	1369	0.38533446	0.58812771
197	45	1370	0.29387854	2.1223753
406	45	1371	0.52386025	2.6457109
473	45	1372	0.76511146	-0.27760522
331	46	1373	0.57968825	0.78476376
379	46	1374	0.70099026	-2.9891708
433	46	1375	0.28920029	-0.78842363
456	46	1376	0.51880617	-0.017140786
498	46	1377	0.3852753	2.5777024
283	47	1378	0.26001943	2.682381
331	47	1379	0.64292389	-2.6139776
464	47	1380	0.64246688	0.76015122
182	48	1381	0.19358186	-0.097449123
236	48	1382	0.45939921	1.2870602
260	48	1383	0.55844842	2.2906716
292	48	1384	0.51397844	-0.49402255
393	48	1385	0.47686171	-1.7659397
129	49	1386	0.15064358	-1.1474941
148	49	1387	0.63712623	-0.38219814
157	49	1388	0.16183976	-0.47943259
479	49	1389	0.25527778	1.7649637
180	50	1390	0.38712449	2.6542372
208	50	1391	0.70928274	-0.84019266
382	50	1392	0.35402459	-1.6709483
431	50	1393	0.66162767	1.6720656
90	51	1394	0.80049518	0.67293033
152	51	1395	0.71647717	3.1268425
284	51	1396	0.73802851	-0.075432191
399	51	1397	0.82074782	-1.7700809
436	51	1398	0.6218197	2.603822
190	52	1399	0.74418277	-0.97621953
225	52	1400	0.65370358	2.2335686
332	52	1401	0.37339814	0.10936297
351	52	1402	0.56456163	-0.40397046
366	52	1403	0.69020122	2.5191759
451	52	1404	0.47187577	-2.2831935
316	53	1405	0.36944083	0.81863031
405	53	1406	0.16191554	-1.996026
431	53	1407	0.48820377	-0.47251859
170	54	1408	0.52526934	1.6276418
355	54	1409	0.19256823	-1.151673
390	54	1410	0.72158787	1.388536
442	54	1411	0.40292852	0.43952956
480	54	1412	0.95181685	-1.6473821
216	55	1413	0.5388907	2.5912481
264	55	1414	0.50674702	1.2773311
291	55	1415	0.5253093	-1.5458218
365	55	1416	0.73028028	3.1046484
450	55	1417	0.60806545	-0.6541809
497	55	1418	0.6455769	0.21102974
203	56	1419	0.56517248	-1.7434946
243	56	1420	0.56566051	-0.63778881
455	56	1421	0.47707359	0.92174487
480	56	1422	0.60103032	1.8650917
95	57	1423	0.7078476	0.094081462
279	57	1424	0.67424438	2.7577339
369	58	1425	0.60494275	3.12932
439	58	1426	0.65907328	-0.73798339
84	59	1427	0.73158713	-3.0227164
123	59	1428	1.1006513	1.7015044
148	59	1429	0.74351408	-2.2730502
150	59	1430	1.0620332	-0.0022687311
388	59	1431	0.77882128	-1.6181889
98	60	1432	0.95014006	-1.1329162
214	60	1433	0.93394312	2.0588373
222	60	1434	0.34597858	0.15713937
317	60	1435	0.62858043	-0.77487849
344	60	1436	0.60720198	1.4387944
386	60	1437	0.76657049	-3.0202009
185	61	1438	0.47311907	-2.0449302
202	61	1439	0.55256201	-0.96772643
288	61	1440	0.6677583	1.4320276
343	61	1441	0.71985494	0.79805742
373	61	1442	1.227542	-2.3659243
421	61	1443	1.3593765	1.091457
445	61	1444	0.65186517	-2.1723356
75	62	1445	0.44800032	1.3426943
76	62	1446	0.71903427	2.4938323
214	62	1447	0.95978002	-1.4094181
270	62	1448	0.57361863	1.4809198
298	62	1449	0.18328721	-0.50716645
335	62	1450	0.21681898	-1.9859326
184	63	1451	0.5259149	0.91637958
251	63	1452	0.36380697	-1.1363326
384	63	1453	0.57560906	-3.0019894
159	64	1454	0.57724407	0.61086345
167	64	1455	0.68532577	-0.89024499
194	64	1456	0.78825699	-0.454868
226	64	1457	0.83014899	2.6861026
397	64	1458	0.38830633	-2.0064159
447	64	1459	0.50457229	1.4890635
78	65	1460	0.78426588	-1.7801286
131	65	1461	0.77613418	1.1893373
188	65	1462	0.34642801	0.5140092
228	65	1463	0.87250089	1.2872953
390	65	1464	0.86495212	-2.1147035
394	65	1465	0.27968982	2.4665256
183	66	1466	0.39889536	-2.1719043
238	66	1467	0.31251051	-1.4905196
314	66	1468	0.27734931	-2.9468436
106	67	1469	0.62526895	-1.0423327
193	67	1470	0.57527522	1.2652981
362	67	1471	0.60154016	0.7796102
372	67	1472	0.64325144	-2.3334309
74	68	1473	0.58785308	3.0163617
110	68	1474	0.77185266	-1.321136
287	68	1475	0.47698249	-0.42258965
309	68	1476	0.66425878	1.8143082
225	69	1477	0.74208265	-0.64134797
231	69	1478	0.35519075	-2.0038089
439	69	1479	0.69605183	2.8351288
71	70	1480	0.4994189	-2.403429
113	70	1481	0.51325397	0.60472636
195	70	1482	0.69293443	-1.0885495
396	70	1483	0.61427114	1.840667
463	70	1484	0.41406393	2.7745176
134	71	1485	0.54251826	2.4437292
162	71	1486	0.45247721	-1.1160265
195	71	1487	0.74456495	-0.38240209
430	71	1488	0.683811	-2.9780368
453	71	1489	0.41972627	-2.137652
463	71	1490	0.48497646	1.6059733
191	72	1491	0.35939935	2.7403858
310	72	1492	0.31232307	-1.6730037
384	72	1493	0.34319326	1.1647351
249	73	1494	0.47463314	0.046897983
355	73	1495	0.49410931	1.9952867
455	73	1496	0.52913496	-1.3652409
166	74	1497	0.56995489	-2.2286343
309	74	1498	0.71085486	0.93330337
473	74	1499	0.87702504	-1.4946094
486	74	1500	0.72768937	2.1003768
135	75	1501	0.43290312	-3.10234
270	75	1502	0.14381274	1.9245546
215	76	1503	1.1209329	2.5828317
238	76	1504	0.4854674	-2.8025099
270	76	1505	0.63980587	0.21649729
335	76	1506	0.7974338	-0.91552082
221	77	1507	0.40921953	-1.6936544
230	77	1508	0.78869976	-0.50343109
234	77	1509	0.65935609	1.5692351
261	77	1510	0.63136127	3.0884587
423	77	1511	0.79298035	-1.5968267
469	77	1512	0.83548702	2.2658548
125	78	1513	0.7138455	-0.84797511
235	78	1514	0.60157076	-2.599326
316	78	1515	0.59971461	-2.2959955
390	78	1516	0.2859013	3.0469731
95	79	1517	0.60032885	0.52344007
247	79	1518	0.42487653	3.1237748
266	79	1519	0.44790647	2.4919068
389	79	1520	0.34811561	-0.9947198
87	80	1521	0.49889709	-1.7654158
126	80	1522	0.46265915	0.94101417
282	80	1523	0.55688586	2.4138744
329	80	1524	0.31291322	-1.7820424
488	80	1525	0.23229465	3.0427473
224	81	1526	0.69488004	0.12624077
233	81	1527	0.49476866	-2.7153714
248	81	1528	0.50245838	2.6389199
274	81	1529	0.7863634	-1.9985407
346	81	1530	0.65605988	0.85839548
124	82	1531	0.60553267	-2.879384
185	82	1532	0.5283247	-2.10522
343	82	1533	0.65880359	0.82001749
415	82	1534	0.37994008	1.9983305
127	83	1535	0.60408358	-0.01849493
354	83	1536	0.39281865	-2.3681155
369	83	1537	0.16170585	0.94994676
429	83	1538	0.51131302	-2.6084019
148	84	1539	0.54017399	-1.0976352
151	84	1540	0.70076691	2.2516032
157	84	1541	0.37629219	-2.135579
479	84	1542	0.39432007	3.1231354
90	85	1543	0.47981714	2.8691326
226	85	1544	0.59854324	-0.78944974
95	86	1545	1.0460726	-2.8582034
272	86	1546	0.93612068	2.6673276
356	86	1547	0.844613	-0.98537384
379	86	1548	1.1064001	-0.056928673
454	86	1549	0.66744611	0.44391461
476	86	1550	0.69273324	1.9835284
126	87	1551	0.93891765	1.1669271
244	87	1552	0.49714293	2.7276943
273	87	1553	0.54174674	-1.4713841
313	87	1554	0.41764071	0.34269272
321	87	1555	0.37952512	-0.84631153
326	87	1556	0.60598859	-1.8723119
329	87	1557	0.18609985	1.4041354
421	87	1558	1.0304158	-2.3963645
443	87	1559	0.65955454	0.8319286
136	88	1560	0.63467191	-1.2353461
145	88	1561	0.3735873	1.9083765
199	88	1562	0.70803953	-2.4251395
310	88	1563	0.31678641	0.10945241
338	88	1564	0.84859738	3.0176568
384	88	1565	0.81792355	0.94012916
100	89	1566	0.80355266	2.9295557
175	89	1567	0.53898185	0.33272617
269	89	1568	0.20729603	3.0787834
300	89	1569	0.43677764	0.097439806
315	89	1570	0.17634976	-0.55758758
340	89	1571	0.63612234	-3.0179267
483	89	1572	0.70001493	-0.032737591
178	90	1573	0.73784567	0.3343655
280	90	1574	0.65073458	2.5416562
284	90	1575	0.56534462	-1.3750772
354	90	1576	0.5029719	1.1272179
212	91	1577	0.44498695	0.022893456
334	91	1578	0.30370367	0.4417568
169	92	1579	0.63112416	1.9999662
321	92	1580	0.17168085	-1.1405357
492	92	1581	0.43579577	0.0093943527
172	93	1582	0.44291485	-1.4638438
397	93	1583	0.24864996	0.0037092041
298	94	1584	0.62919207	2.2620943
344	94	1585	0.60671941	-1.3872973
432	94	1586	0.28835999	2.9612115
460	94	1587	0.28982284	-1.1494456
100	95	1588	0.76911115	-0.86453459
266	95	1589	0.87708765	-3.1083778
272	95	1590	0.74016028	1.3368975
127	96	1591	0.2917643	1.1615374
178	96	1592	0.35496048	-2.5163746
354	96	1593	0.7689474	3.1358611
439	96	1594	0.69985871	-0.057867798
385	97	1595	0.39735498	1.0741554
391	97	1596	0.54922202	2.6021473
430	97	1597	0.60950626	-0.87836067
299	98	1598	0.56644262	-1.4388824
317	98	1599	0.42325752	1.4613167
323	98	1600	0.3032382	-0.85724346
341	98	1601	0.7600492	-1.3557814
165	99	1602	0.60652146	2.9646408
247	99	1603	0.32544851	1.9547069
293	99	1604	0.17100156	-1.0478
389	99	1605	0.49254953	0.0045806848
410	99	1606	0.66899867	2.6905187
462	99	1607	0.77181366	-0.2415536
269	100	1608	0.5993534	-0.26348117
340	100	1609	0.29171838	-1.0134831
389	100	1610	0.82949316	-3.1332992
105	101	1611	0.41062759	0.43112551
415	101	1612	0.87811418	-2.6443656
156	102	1613	0.42199665	2.2417661
176	102	1614	0.62304411	0.91045518
305	102	1615	0.41513808	1.573985
337	102	1616	0.50399132	-2.3482045
444	102	1617	0.6627442	-1.2883291
118	103	1618	0.65844937	-3.0962308
146	103	1619	0.71303397	0.44876225
167	103	1620	0.82062729	2.5567289
192	103	1621	0.58872401	1.670588
194	103	1622	0.75812515	2.1380343
271	103	1623	0.98101074	-0.59377327
416	103	1624	0.8205078	-1.3359848
278	104	1625	0.28240641	2.5118035
304	104	1626	0.35065949	1.2224341
465	104	1627	0.40695189	-0.88236666
273	105	1628	0.5611237	0.78331741
326	105	1629	0.392241	1.1397903
343	105	1630	0.70417821	-2.4399965
161	106	1631	0.54415928	-0.032979367
372	106	1632	0.76332413	3.0433258
472	106	1633	0.79289399	-0.83614443
219	107	1634	0.6528997	1.7504982
263	107	1635	0.34542484	0.92436676
289	107	1636	0.64318803	-1.1349819
437	107	1637	0.18675942	0.52049886
177	108	1638	0.666525	1.0794144
308	108	1639	0.54948395	-0.26500775
363	108	1640	0.63279295	-1.9055498
171	109	1641	1.0059468	-0.4471381
224	109	1642	0.93277347	1.4593556
274	109	1643	0.9202059	3.0064476
361	109	1644	0.84712173	-2.1244393
398	109	1645	0.48713433	-0.1924574
121	110	1646	0.77022559	0.13361904
189	110	1647	0.8927524	-1.8327136
287	110	1648	0.60392612	1.1543121
376	110	1649	0.50268503	-0.93353794
473	110	1650	0.70919489	-3.0666017
271	111	1651	0.78215195	1.6944892
296	111	1652	0.81296681	-1.3410357
327	111	1653	0.61447855	-2.1823186
386	111	1654	0.68886813	0.18005125
416	111	1655	0.89124106	2.5088368
239	112	1656	0.61740933	1.3034161
262	112	1657	0.47576487	0.19514873
384	112	1658	0.67069123	-1.2648458
450	112	1659	0.71663877	2.6793016
217	113	1660	0.71402629	-0.98684675
291	113	1661	0.62192513	0.23241657
365	113	1662	0.70886914	1.7662876
396	113	1663	0.65843592	2.668119
175	114	1664	0.63652125	-0.57075119
204	114	1665	0.55676788	-1.7345599
230	114	1666	0.57751344	1.77295
259	114	1667	0.68139144	0.46919305
423	114	1668	0.8415642	2.9581228
122	115	1669	0.56996243	-1.0221241
227	115	1670	0.61246251	2.8677237
222	116	1671	0.58245523	1.6937441
253	116	1672	0.6406054	-1.3742357
286	116	1673	0.51848511	3.0154412
317	116	1674	0.091510844	1.1667417
121	117	1675	0.64788727	-1.7141846
250	117	1676	0.26538947	-2.4065501
257	117	1677	0.35129476	2.6273263
295	117	1678	0.55534983	1.7375208
167	118	1679	0.48363908	1.6255268
172	118	1680	0.85237714	2.8778395
319	118	1681	0.51600126	-1.6137661
130	119	1682	0.50630531	-3.1221601
199	119	1683	0.55858988	0.42564068
409	119	1684	0.50371477	1.9298402
459	119	1685	0.36986827	-1.7310842
484	119	1686	0.43069346	-1.0684593
292	120	1687	0.32955313	1.9048438
293	120	1688	0.59094245	-2.7726563
393	120	1689	0.65884206	3.0087893
412	120	1690	0.53222021	-0.3403976
423	120	1691	0.76306824	0.62833625
462	120	1692	0.27390353	-1.1462791
147	121	1693	0.85146801	-1.620124
250	121	1694	0.47485592	1.7922152
257	121	1695	0.84151376	1.8270328
287	121	1696	0.68675078	2.4276643
363	121	1697	1.0056233	0.17716357
376	121	1698	0.68718279	-2.3125837
378	121	1699	0.88611193	-0.93814049
169	122	1700	0.65693467	-1.9241675
299	122	1701	0.35357313	0.57395482
496	122	1702	0.39664384	-1.1946811
150	123	1703	1.627671	-0.73680423
208	123	1704	0.88389133	2.7647165
265	123	1705	1.4139099	1.7216193
471	123	1706	1.0135511	2.1798836
185	124	1707	0.43394768	-0.75599455
198	124	1708	0.46158158	1.9156533
415	124	1709	0.65977173	0.86629932
417	124	1710	0.63202375	2.8700247
440	124	1711	0.62505655	-2.0756176
229	125	1712	0.91815328	0.93329469
265	125	1713	0.69505588	-0.84384841
431	125	1714	0.7983082	-2.6088925
471	125	1715	1.0900282	-1.483993
144	126	1716	0.35960773	2.0564418
253	126	1717	0.67383777	1.3714284
323	126	1718	0.74916211	1.3053247
341	126	1719	0.26386131	0.91814122
443	126	1720	0.38326612	-1.3732993
439	127	1721	0.65905983	-0.4865214
139	128	1722	0.16093666	-0.27885912
486	128	1723	0.60335449	-1.7270386
148	129	1724	0.53869062	-0.18723941
437	129	1725	0.60637845	-0.77462924
466	129	1726	0.31149423	2.2201592
205	130	1727	0.45726158	2.698461
345	130	1728	0.71141152	-2.9649097
409	130	1729	0.58323222	0.97100998
459	130	1730	0.57113768	-0.67138662
181	131	1731	0.56704441	1.4949726
188	131	1732	0.55016573	-1.5476607
209	131	1733	0.7175369	0.52103146
228	131	1734	0.12561607	1.936155
303	131	1735	0.50449265	1.9142365
377	132	1736	0.47274958	1.9883182
400	132	1737	0.50618715	-0.50791003
137	133	1738	0.39662026	1.3965031
218	133	1739	0.51831956	-2.4188239
274	133	1740	0.6205771	0.41453355
339	133	1741	0.43506526	2.8750647
353	133	1742	0.56076419	-1.3317366
275	134	1743	0.42989275	1.2950216
385	134	1744	0.58225947	2.4782541
430	134	1745	0.52786332	-2.0836372
463	134	1746	0.42121177	0.32892904
158	135	1747	0.51359642	-1.3871297
220	135	1748	0.8037631	2.5037715
298	135	1749	0.70714489	-0.80234923
332	135	1750	0.46587647	2.9184748
198	136	1751	0.64267573	-0.45350757
199	136	1752	0.75493595	2.9627217
311	136	1753	0.75626478	0.27075355
417	136	1754	0.56053089	-1.3460971
233	137	1755	0.52696642	0.77917533
274	137	1756	0.51867673	-0.27464067
339	137	1757	0.5610733	-2.6272602
441	137	1758	0.23127623	2.7393316
446	138	1759	1.2467216	0.27000398
454	138	1760	0.51782808	-2.1874695
476	138	1761	1.1824444	-3.0785138
381	139	1762	0.43277374	-0.10768624
486	139	1763	0.60513158	-1.9941604
180	140	1764	0.52454452	1.3960784
258	140	1765	0.83818357	-1.1964824
461	140	1766	0.44261489	-1.4981658
470	140	1767	0.69240076	1.7567293
480	140	1768	0.31677337	1.2708624
168	141	1769	0.43265892	1.2682341
483	141	1770	0.42500091	2.4941564
173	142	1771	0.31725884	-1.8888361
281	142	1772	0.53933489	3.0244347
392	142	1773	0.51591569	-0.52891522
474	142	1774	0.29480348	1.2415843
495	142	1775	0.3717079	0.62654383
148	143	1776	0.94203281	2.2750417
247	143	1777	0.8298415	-0.65014282
266	143	1778	0.76687169	-0.3168229
279	143	1779	0.27643894	-0.0861401
349	143	1780	0.14333511	2.6961775
410	143	1781	0.54323874	-1.2323581
426	143	1782	0.34225205	-2.2843253
437	143	1783	0.80838946	2.6324006
174	144	1784	0.54359319	1.457929
282	144	1785	0.61175348	-2.5882333
191	145	1786	0.19294097	0.76164826
330	145	1787	0.44436251	2.1072716
183	146	1788	0.63173152	1.8402686
238	146	1789	0.63180844	1.4398816
241	146	1790	0.54447503	0.45731776
271	146	1791	0.87502276	-1.3744989
232	147	1792	0.48098486	-2.6999355
256	147	1793	0.34502044	2.9342573
376	147	1794	0.54453555	2.4582858
378	147	1795	0.58200131	0.23553639
385	147	1796	0.75214374	-0.93854133
391	147	1797	0.70777507	-1.8810262
157	148	1798	0.47631013	2.7923866
388	148	1799	0.49074029	-0.4430004
437	148	1800	0.33775931	-1.8587129
181	149	1801	0.38671489	-2.2977238
228	149	1802	0.8137303	-2.0084028
342	149	1803	0.64754646	1.0314273
272	150	1804	1.1447789	-0.7411584
476	150	1805	1.5094897	-0.3842392
258	151	1806	0.54443963	2.3903457
413	151	1807	0.59675685	1.7698461
479	151	1808	0.5393004	-1.4838633
242	152	1809	0.69806632	-2.6032837
404	152	1810	0.31601049	2.7539714
436	152	1811	0.35788151	1.0361698
350	153	1812	0.47648067	-1.2586988
359	153	1813	0.67947835	-2.7746113
440	153	1814	0.64659535	-0.084284881
224	154	1815	0.53926846	-2.1295675
429	154	1816	0.4296684	-0.12838508
307	155	1817	0.36721574	-0.36357271
357	155	1818	1.0099483	-1.6524593
403	155	1819	0.90633931	1.3073724
213	156	1820	0.2319385	2.5029913
305	156	1821	0.27442331	0.31346463
336	156	1822	0.52298252	1.1279837
493	156	1823	0.49496261	-2.3717974
479	157	1824	0.37802463	2.1061553
298	158	1825	0.39769361	-0.008732055
332	158	1826	0.81863451	2.3044202
351	158	1827	0.52860812	2.4295693
368	158	1828	0.7827605	-1.353309
432	158	1829	0.67518546	-0.70293685
478	158	1830	0.39568309	-1.8816635
223	159	1831	0.40493068	0.98088406
348	159	1832	0.66580803	-0.43642503
447	159	1833	0.46458729	2.7628203
334	160	1834	0.70222294	0.44644128
425	160	1835	0.51587154	0.91468981
441	160	1836	0.79436642	-2.2159021
482	160	1837	0.28283561	3.1085252
318	161	1838	0.41087124	-0.18194901
451	161	1839	0.49962537	1.396292
472	161	1840	0.57056939	-1.592467
195	162	1841	0.50857442	0.25574852
211	162	1842	0.41623391	-0.89397139
276	162	1843	0.35027273	-2.2593139
453	162	1844	0.42736448	3.0186477
230	163	1845	0.66705664	-2.9269947
259	163	1846	0.40612817	-1.392688
294	163	1847	0.43439373	2.6885807
359	163	1848	0.78321364	-0.12139069
434	163	1849	0.62334683	1.7325022
186	164	1850	0.29543935	-2.5483058
244	164	1851	0.35374562	0.46447184
357	164	1852	0.75856539	1.8716038
421	164	1853	0.74038193	-1.5516881
410	165	1854	0.1849408	1.5980221
426	165	1855	0.5999357	2.3218542
197	166	1856	0.47599518	3.0648135
473	166	1857	0.59307514	-0.79522108
194	167	1858	0.33374623	0.59235934
397	167	1859	0.62188111	2.8469197
175	168	1860	0.65948805	3.0774291
483	168	1861	0.49344466	-2.8184993
313	169	1862	0.56558542	-0.57036199
420	169	1863	0.73669001	-2.5235528
477	169	1864	0.56335197	0.42001622
496	169	1865	0.44762955	0.58565657
390	170	1866	0.24516838	0.85635635
361	171	1867	1.3822877	-2.9334677
372	171	1868	1.5135847	-0.14642227
387	171	1869	0.85648914	0.027806618
398	171	1870	0.54843362	2.4687664
277	172	1871	0.58338294	3.00359
397	172	1872	0.48507753	1.1427165
424	172	1873	0.72183791	-2.4256742
367	173	1874	0.38149769	-1.7052815
253	174	1875	0.31099187	-0.68880759
286	174	1876	0.63667836	2.2488737
204	175	1877	0.65922628	-2.8246938
189	176	1878	0.79035804	1.1307251
278	176	1879	0.75326527	-0.83124827
305	176	1880	0.39113136	-2.9436064
336	176	1881	0.52296584	2.5047495
308	177	1882	0.76274771	-1.2839471
424	177	1883	0.44137857	-0.0089498124
448	177	1884	0.94968685	1.650677
190	179	1885	0.49000824	-2.2830655
351	179	1886	0.21927005	3.0333917
382	180	1887	0.61538625	-1.049142
405	180	1888	0.59627883	1.9601442
431	180	1889	0.55063433	1.0475163
470	180	1890	0.27369022	2.4994888
228	181	1891	0.45661786	-1.7643626
290	181	1892	0.17185999	0.78478456
303	181	1893	0.23122803	-2.7399979
236	182	1894	0.46430526	1.7092014
292	182	1895	0.34365373	-0.71335915
364	182	1896	0.15768141	0.68572602
314	183	1897	0.27920091	1.7381535
348	183	1898	0.52662925	2.9173993
262	184	1899	0.66790755	2.7829417
440	185	1900	0.66646608	-2.7580548
357	186	1901	0.88991007	1.5481016
421	186	1902	0.63074307	-1.1474854
196	187	1903	0.39908906	-2.6183655
254	187	1904	0.27113452	-1.1098299
392	187	1905	0.51179801	2.5068398
402	187	1906	0.23815981	-0.005736019
457	187	1907	0.50881491	-0.23079058
232	189	1908	0.52566284	-0.17419882
255	189	1909	0.6348307	2.9333179
336	189	1910	0.85822098	-2.6513738
376	189	1911	0.70085365	0.71271668
380	189	1912	0.73222307	-1.1725667
391	189	1913	0.92489732	-0.64968651
473	189	1914	0.93881423	2.1025711
318	190	1915	0.51058311	-2.4964324
351	190	1916	0.40759278	1.3172028
375	190	1917	0.74550764	-1.4530104
478	190	1918	0.50274082	-0.70956018
330	191	1919	0.44316924	2.545544
194	192	1920	0.35278727	2.9890726
348	192	1921	0.44998942	1.5275507
231	193	1922	0.38492777	1.7394193
362	193	1923	0.28412793	-0.45849319
348	194	1924	0.54066959	0.82179547
211	195	1925	0.50877136	-2.0428278
217	195	1926	0.58366328	0.55994465
338	195	1927	0.7608588	-0.42072807
409	195	1928	0.71387428	-1.1108494
254	196	1929	0.46831683	-0.092844611
367	196	1930	0.6674769	3.0156685
408	196	1931	0.41723767	-1.0447994
406	197	1932	0.30676082	-3.1382049
311	198	1933	0.50685457	1.2682829
415	198	1934	0.58732954	0.11655165
417	198	1935	0.52459511	-2.6123225
338	199	1936	0.64784898	2.0664612
409	199	1937	0.72684401	2.8036974
214	200	1938	0.58271786	-1.1417341
241	200	1939	0.61694551	2.6267031
335	200	1940	0.21900988	1.5673318
216	201	1941	0.51882188	-0.94873195
308	201	1942	0.81373445	1.7825104
365	201	1943	0.67724078	-1.5237302
367	201	1944	0.71848294	0.60381798
489	201	1945	0.72038185	-2.546843
322	203	1946	0.36877639	-1.3048397
360	203	1947	0.59256684	-0.87737798
458	203	1948	0.21391366	-0.6575711
461	203	1949	0.41192649	1.9141975
340	204	1950	0.51662159	-3.0464472
374	204	1951	0.50505365	-2.6071637
211	205	1952	0.51027442	1.1806165
245	205	1953	0.4034681	2.7507798
345	205	1954	0.43082854	-2.3005898
289	206	1955	0.13864144	-2.5861845
426	206	1956	0.25939677	-0.19392406
437	206	1957	0.64426712	1.931355
278	207	1958	0.66221846	1.5280291
352	207	1959	0.70171505	-0.84688469
428	207	1960	0.47599776	-2.0015224
444	207	1961	0.68269571	3.0100344
465	207	1962	0.54596814	0.3379473
382	208	1963	0.53830121	2.8085073
413	208	1964	0.49218511	-2.2790988
471	208	1965	0.56088391	1.1247098
218	209	1966	0.67359354	1.1698132
290	209	1967	0.56413833	2.5174313
353	209	1968	0.88894223	0.48979123
229	210	1969	1.3615036	-2.105373
353	210	1970	0.90080013	1.4076347
361	210	1971	1.3424692	0.67512957
276	211	1972	0.48626515	3.0303026
409	211	1973	0.57909626	-0.32798949
280	212	1974	0.56719606	0.09593556
334	212	1975	0.20815114	2.5291729
436	212	1976	0.49692801	-1.6884933
249	213	1977	0.28301331	2.5075004
336	213	1978	0.52925495	0.68364246
493	213	1979	0.511527	-1.9078769
335	214	1980	0.78693202	1.8829348
344	214	1981	0.56381219	-0.40661392
386	214	1982	0.97291886	-1.9092168
220	215	1983	0.56210002	-0.23358626
223	215	1984	0.65074361	-3.0828862
225	215	1985	0.046910842	-2.4177448
312	215	1986	0.89625894	2.8011995
365	216	1987	0.37161948	-2.3858924
330	217	1988	0.69126909	0.012694552
338	217	1989	0.65217649	-1.259146
395	217	1990	0.37755584	1.1814488
339	218	1991	0.45848621	1.6384088
353	218	1992	0.55925321	-0.36948698
263	219	1993	0.4898005	-0.84591618
268	219	1994	0.51784868	-0.0004654835
301	219	1995	0.68971882	2.0096509
360	219	1996	0.81399565	2.1824384
437	219	1997	0.61615444	-1.1013859
225	220	1998	0.59035043	2.9730302
317	222	1999	0.50546047	-1.3566669
344	222	2000	0.60712119	2.0166294
481	222	2001	0.47587871	1.8716192
312	223	2002	0.38980658	2.0953103
419	223	2003	0.68544159	-0.50295645
447	223	2004	0.67724658	-2.8959419
499	223	2005	0.53529304	2.6640954
346	224	2006	0.48493297	2.1379325
429	224	2007	0.81778449	0.51422829
231	225	2008	0.75353396	2.9795626
332	225	2009	0.90738041	-0.55035801
366	225	2010	0.19464478	-2.5226994
284	226	2011	0.77368977	-3.1409641
447	226	2012	0.79866658	0.17328243
448	226	2013	0.96389009	-2.3560466
296	227	2014	0.54898596	-3.0581666
386	227	2015	0.87092515	1.6334064
452	228	2016	0.43006819	-1.9450994
486	228	2017	0.41870087	-0.021497207
265	229	2018	1.2600043	-1.637947
259	230	2019	0.76820453	-0.34202274
294	230	2020	0.42255781	0.90448773
423	230	2021	0.82227487	-2.6164782
325	231	2022	1.1248586	2.809646
362	231	2023	0.59770884	-1.0070615
366	231	2024	0.63035636	-0.38114413
256	232	2025	0.29319569	1.2328806
391	232	2026	0.51696556	-1.1338561
248	233	2027	0.44673927	1.5479608
274	233	2028	0.5258642	-1.3321552
345	234	2029	0.55699087	0.4228742
449	234	2030	0.86027014	2.0371302
469	234	2031	0.53639236	-3.1086114
316	235	2032	0.18150488	-0.86675525
390	235	2033	0.40875901	0.97125583
405	235	2034	0.5910982	-1.9190502
252	236	2035	0.6948098	1.5421645
260	236	2036	0.49723576	-3.0990646
261	236	2037	0.52038273	0.56516332
364	236	2038	0.40526932	-1.0937114
239	237	2039	0.53845254	-2.7389193
262	237	2040	0.73952054	-1.8331166
296	237	2041	0.68768758	0.41069751
327	237	2042	0.57060089	1.407841
414	237	2043	0.47200493	2.3156813
241	238	2044	0.56023682	-0.76008285
314	238	2045	0.39342735	2.426951
419	238	2046	0.66581928	2.5210691
262	239	2047	0.58771076	-1.0279213
328	239	2048	0.32176202	2.0752395
414	239	2049	0.58493368	1.2662128
497	239	2050	0.69477247	2.8051123
254	240	2051	0.39965869	2.5630084
414	240	2052	0.34615896	-1.0587862
302	242	2053	1.0078017	-1.3229987
404	242	2054	0.56741706	0.99957911
441	242	2055	0.55774485	2.4836448
301	243	2056	0.71774688	-1.5686865
337	243	2057	0.58480086	0.46352481
360	243	2058	0.69743558	-1.8212113
377	243	2059	0.56921358	-0.43332034
455	243	2060	0.73586169	1.7984825
458	243	2061	0.51877149	-2.3992371
493	243	2062	0.65960856	1.1675631
282	244	2063	0.67379107	1.3678236
329	244	2064	0.48631363	-0.033771534
357	244	2065	0.7830159	2.3336002
421	244	2066	0.94813132	-1.8951019
488	244	2067	0.4475974	0.77271848
276	245	2068	0.38156296	1.3491673
345	245	2069	0.48249014	-1.3920047
491	245	2070	0.52156942	2.2959067
261	246	2071	0.62116753	1.734716
292	246	2072	0.41227309	-2.1248499
364	246	2073	0.35567566	-3.0687996
423	246	2074	0.55143157	-0.39737142
266	247	2075	0.2720596	1.3175923
389	247	2076	0.68354881	-0.45354776
425	248	2077	0.37195509	1.0208777
482	248	2078	0.41130802	-2.9401512
297	249	2079	0.5098811	1.1760552
336	249	2080	0.65970527	0.25533014
455	249	2081	0.65261191	-2.1663781
257	250	2082	0.36731776	1.8720499
427	251	2083	0.24804815	-0.64557589
261	252	2084	0.59072644	-0.78092041
352	252	2085	0.70798187	1.6885976
401	252	2086	0.66622454	2.7049556
469	252	2087	0.54970634	0.35739113
402	254	2088	0.26856147	1.1177485
408	254	2089	0.40829973	-2.2510452
457	254	2090	0.39547823	0.32543936
297	255	2091	0.62280567	-2.7611261
336	255	2092	0.55234633	-1.8196456
473	255	2093	0.69325568	1.3599752
376	256	2094	0.28560785	1.8717033
287	257	2095	0.47565172	-2.2689976
295	257	2096	0.4314819	1.0526666
302	257	2097	0.9406387	1.8364316
413	258	2098	0.3519472	0.65133036
359	259	2099	0.76854866	0.40788887
469	261	2100	0.61557384	1.4151934
384	262	2101	0.77821063	-1.9178919
367	264	2102	0.70188887	2.0390717
497	264	2103	0.59774724	-0.62523708
279	266	2104	0.5017524	2.6984644
449	267	2105	0.43855467	-0.33094177
465	267	2106	0.40401893	2.344787
400	268	2107	0.54313439	0.89871478
315	269	2108	0.37204289	-0.28982858
356	269	2109	0.51319082	0.6978423
383	270	2110	0.52853305	0.76392413
386	271	2111	1.0127198	-0.70051863
476	272	2112	0.59230326	0.35711174
321	273	2113	0.32259531	0.91089853
326	273	2114	0.23705412	-2.9738453
353	274	2115	0.90613217	-2.0718166
385	275	2116	0.57847487	-3.0461589
396	275	2117	0.53085674	0.31774008
463	275	2118	0.39539499	-0.7782654
490	275	2119	0.45172384	1.4299706
453	276	2120	0.3806434	2.1288912
491	276	2121	0.43017113	3.0994433
424	277	2122	0.55499787	-1.5109107
448	277	2123	0.62568353	2.4550383
380	278	2124	0.6072225	1.383652
465	278	2125	0.68404826	-0.77901239
349	279	2126	0.4137034	2.9333325
388	279	2127	0.69113838	2.2646245
334	280	2128	0.73780713	3.0529376
354	280	2129	0.75795804	0.11489863
308	281	2130	0.51782811	-2.386688
424	281	2131	0.4024502	1.9570138
307	282	2132	0.82144767	1.8816461
357	282	2133	0.68333433	-3.0037186
488	282	2134	0.39351687	-1.0823411
331	283	2135	0.54463126	-2.2043097
418	283	2136	0.62805228	0.99179244
446	283	2137	0.45174412	2.8041148
448	284	2138	0.68740142	-1.4362373
306	285	2139	0.21665638	0.43643873
433	285	2140	0.52554231	-2.8695784
456	285	2141	0.19911801	2.8616191
500	285	2142	0.55367083	1.0666715
307	286	2143	0.72044664	-2.2165228
324	286	2144	0.64846216	1.5762783
403	286	2145	0.69105246	2.4694971
421	288	2146	0.7632881	0.79490973
464	288	2147	0.66769894	-2.5220899
303	290	2148	0.39587368	-2.5769644
395	291	2149	0.39558411	-1.7441406
450	291	2150	0.49438036	0.31918266
494	291	2151	0.43006881	-0.60049487
393	292	2152	0.58926553	-2.7514733
423	292	2153	0.73823784	0.18692757
393	293	2154	0.31715026	1.8977701
434	294	2155	0.51471226	0.97176305
320	295	2156	0.6562767	1.3457515
327	296	2157	0.61040228	2.6493409
336	297	2158	0.53667216	-0.60231146
442	297	2159	0.66175097	2.6631159
432	298	2160	0.4486551	-1.3059227
341	299	2161	0.20113404	-1.1198349
477	299	2162	0.57868194	-1.587854
315	300	2163	0.31576333	-2.6970023
356	300	2164	0.38968576	2.2618654
483	300	2165	0.272888	-0.24203294
487	300	2166	0.59484277	0.73460818
360	301	2167	0.17934546	2.9048515
309	302	2168	0.78365102	-2.5581515
320	302	2169	0.61642619	0.17434964
381	302	2170	0.77683411	2.9731253
399	302	2171	1.0446078	0.52087145
380	304	2172	0.49294818	2.0676089
391	304	2173	0.59033222	1.1933371
465	304	2174	0.65866351	-1.3584033
336	305	2175	0.38967768	1.665792
373	306	2176	0.10082126	0.1511148
433	306	2177	0.7401267	-2.8216448
445	306	2178	0.69455706	0.50701186
500	306	2179	0.39958512	1.3919136
357	307	2180	0.97390884	-2.0230538
403	307	2181	1.0113607	1.6770035
363	308	2182	0.86650028	-2.5904554
367	308	2183	0.85530665	-0.47034339
424	308	2184	0.76178946	1.2702036
370	309	2185	0.45723417	2.5604415
381	309	2186	0.57298329	1.7672168
415	311	2187	0.59966069	-0.76558293
427	311	2188	0.80664342	0.9549677
439	312	2189	0.55314251	2.5165288
499	312	2190	0.29473903	-2.8262687
321	313	2191	0.44760483	-1.8932087
411	313	2192	0.44963119	-0.88740922
443	313	2193	0.35092558	1.4254636
477	313	2194	0.53647244	1.4992866
492	313	2195	0.34547123	-0.87161971
348	314	2196	0.49301889	-2.8148915
419	314	2197	0.27661539	2.655136
356	315	2198	0.43762557	1.4868444
431	316	2199	0.52465545	-1.2159316
323	317	2200	0.66757294	-1.3407356
375	318	2201	0.65829072	-0.71848205
451	318	2202	0.64922813	2.0815123
472	318	2203	0.64771726	-2.2691456
392	319	2204	0.48168925	-2.0281476
407	319	2205	0.48599079	-0.67225173
495	319	2206	0.3599777	3.0131872
358	320	2207	0.66084562	0.52088759
399	320	2208	0.50979359	0.94405788
411	321	2209	0.43244296	0.17638164
360	322	2210	0.29901077	-0.34069459
461	322	2211	0.78011944	1.8776165
466	322	2212	0.76109626	-1.0077689
333	324	2213	0.57886152	1.6114989
403	324	2214	0.57982351	-2.7557991
481	324	2215	0.44159286	0.80685284
429	325	2216	1.1013122	2.9356084
421	326	2217	0.58969045	-2.936466
414	327	2218	0.46568275	-2.6591771
457	327	2219	0.69232071	2.4701172
414	328	2220	0.4311296	0.69571492
497	328	2221	0.50302298	-3.0374456
494	330	2222	0.50290909	1.8216521
468	331	2223	0.2938932	2.9364092
498	331	2224	0.76347088	-2.8714861
500	331	2225	0.56749057	0.019802168
351	332	2226	0.30146994	-1.0578273
368	333	2227	0.55425261	2.8596737
432	333	2228	0.51672484	1.9393184
460	333	2229	0.27237064	0.65457404
481	333	2230	0.41905462	-0.66779412
422	334	2231	0.38477525	1.2931912
444	337	2232	0.60545933	-0.47568459
493	337	2233	0.43477284	2.2241192
409	338	2234	0.50078974	-2.4249908
342	339	2235	0.22311588	-3.0302963
441	339	2236	0.45865403	0.92600107
412	340	2237	0.36064909	2.785533
462	340	2238	0.72888438	3.0676958
443	341	2239	0.59159073	-1.7150435
477	341	2240	0.40935962	-1.8113624
441	342	2241	0.63289977	0.6666293
421	343	2242	0.70187068	1.3926069
460	344	2243	0.33215142	1.5472297
434	345	2244	0.89386622	-0.60876671
449	345	2245	1.0449588	2.5987092
347	346	2246	0.50325864	2.445165
422	346	2247	0.41210631	2.224462
425	346	2248	0.6776535	3.0489601
429	346	2249	0.9725612	-0.0069664941
422	347	2250	0.13553608	0.031906364
425	347	2251	0.38860329	-2.4081333
419	348	2252	0.36351827	0.91241295
388	349	2253	0.44736326	1.6540653
359	350	2254	0.80821058	2.8791708
438	350	2255	0.45516614	-0.5400732
440	350	2256	0.63813957	0.67551643
485	350	2257	0.57597537	-2.1999179
401	352	2258	0.66966561	-2.4611097
428	352	2259	0.67002011	3.0020127
449	352	2260	0.79658583	0.35291787
465	352	2261	0.70854539	1.4997086
469	352	2262	0.78657882	-0.7067389
361	353	2263	0.90301553	-0.055171097
442	355	2264	0.45011153	0.88151427
487	356	2265	0.69678863	0.14175491
399	358	2266	0.28679366	2.8442146
448	358	2267	0.73231477	0.20870775
458	360	2268	0.38662377	2.1432809
466	360	2269	0.55775587	-1.34585
366	362	2270	0.37936429	0.7947234
451	362	2271	0.71223528	-0.75630052
489	363	2272	0.80830317	-1.1738303
396	365	2273	0.59758422	-2.4191527
489	365	2274	0.68521856	2.7320297
392	367	2275	0.72840424	0.61300582
375	368	2276	0.58427481	-3.0984434
403	368	2277	0.95094344	-1.5511086
432	368	2278	0.47681592	0.75812361
478	368	2279	0.48404392	2.2130287
429	369	2280	0.66242005	-2.5094241
381	370	2281	0.41204091	0.85513383
486	370	2282	0.45235285	-2.6977609
438	371	2283	0.6288046	-2.8152072
387	372	2284	0.68631426	2.7771151
472	372	2285	1.4515403	-0.47455217
433	373	2286	0.83968535	-2.8418219
438	373	2287	0.44865223	-1.7167715
412	374	2288	0.53473332	2.4672348
403	375	2289	1.1043559	-0.99378316
472	375	2290	0.91417548	-3.0728706
478	375	2291	0.50668074	0.95225821
444	377	2292	0.58868532	0.38888376
385	378	2293	0.75243534	-1.7329026
489	378	2294	0.79208872	0.18589022
490	378	2295	0.57080404	-0.43433079
433	379	2296	0.90215223	-0.10960241
454	379	2297	0.61162042	2.5331321
487	379	2298	0.54504743	-1.4754602
498	379	2299	0.4821068	0.7048169
391	380	2300	0.46701239	0.24973638
413	382	2301	0.5812263	-1.2404617
391	385	2302	0.66397183	-3.0401551
430	385	2303	0.84251343	-1.331383
462	389	2304	0.31765247	-0.62898566
406	390	2305	0.63009645	0.98560704
475	391	2306	0.90975794	-1.2131036
407	392	2307	0.60693435	0.21507661
406	394	2308	0.40737508	-1.2749137
452	394	2309	0.40258278	0.71056321
463	396	2310	0.49622094	-2.0362332
489	396	2311	0.69188282	1.8343477
490	396	2312	0.52303133	2.5735061
448	399	2313	0.99293937	0.068232242
401	400	2314	0.54868289	-0.24878428
428	400	2315	0.54327306	0.77323318
428	401	2316	0.53404994	1.8418566
436	404	2317	0.51095313	0.37783336
470	405	2318	0.38780942	-1.5523398
452	406	2319	0.67836535	1.2924811
416	407	2320	0.49313279	0.10165285
457	407	2321	0.63304744	-1.0509166
497	408	2322	0.53613512	-1.7021339
426	410	2323	0.47734505	2.5813403
492	411	2324	0.10434569	2.2018853
423	412	2325	0.63680786	1.3881824
462	412	2326	0.39545856	-2.9587534
457	414	2327	0.65959552	1.7683869
457	416	2328	0.62478304	-1.8565338
435	418	2329	0.15982649	1.6849214
446	418	2330	0.85688086	-2.6871879
464	418	2331	0.40663845	-0.50928165
427	420	2332	0.90394165	-2.5943874
437	426	2333	0.81138538	2.2066149
444	428	2334	0.70788321	2.3122044
449	430	2335	0.90572102	-1.8411678
453	430	2336	0.51067651	-0.49532832
475	430	2337	0.55114769	-2.9574257
491	430	2338	0.59045031	-1.1870033
460	432	2339	0.51163035	-0.66624519
456	433	2340	0.37099293	0.55731271
487	433	2341	0.95436897	-2.6578272
459	434	2342	0.50049767	0.59592194
446	435	2343	0.9226078	-2.5231528
466	437	2344	0.9156565	2.3171812
467	438	2345	0.64619329	-2.6745971
482	441	2346	0.6729381	1.2768708
477	443	2347	0.18829011	1.6371858
468	446	2348	0.55970934	-1.9055345
499	447	2349	0.44901225	1.1546801
465	449	2350	0.81985764	2.5874426
469	449	2351	0.80015467	-1.7584987
475	449	2352	0.82810717	1.9413954
491	449	2353	0.56586263	0.61249848
494	450	2354	0.41430184	-1.8510092
497	450	2355	0.52667613	1.2845139
486	452	2356	0.69621045	0.59683816
491	453	2357	0.38073542	-2.2135428
476	454	2358	0.94685432	2.7653402
498	454	2359	0.86988555	-0.042835939
480	455	2360	0.5021573	2.742508
493	455	2361	0.43897629	-0.25366836
500	456	2362	0.62865732	0.75272812
484	459	2363	0.26668656	-0.046357153
481	460	2364	0.44007249	-1.3111969
480	461	2365	0.74661438	1.4883662
500	464	2366	0.88096802	-2.1118453
475	465	2367	0.52318057	0.70857578
485	467	2368	0.16342858	2.7705059
498	468	2369	0.51984948	-2.6098111
480	470	2370	0.43802149	-1.0403779
495	474	2371	0.21465233	-0.28825536
496	477	2372	0.14245938	3.0169913
487	483	2373	0.4965514	1.2074102
490	489	2374	0.46624497	-2.1639907
