from	to	label	distance	angle
1	65	1	0.49465635	1.5116718
1	142	2	1.242496	1.7286798
1	237	3	0.88525968	-2.1546196
1	337	4	1.0339536	1.5888306
1	387	5	0.52649508	2.0058847
1	408	6	0.81330358	-2.379914
2	91	7	0.27417875	2.1004675
2	121	8	1.3233478	-0.4626186
2	137	9	0.52224681	-0.10800803
2	331	10	0.2632199	2.5830989
3	132	11	1.4855118	1.1864876
3	360	12	0.074004731	1.8374526
3	438	13	1.5517168	-2.2518042
4	26	14	1.040023	1.7683767
4	65	15	0.66553885	1.493345
4	319	16	0.90794442	-2.1630706
4	409	17	0.43932021	-2.9227025
4	449	18	0.66361307	-2.1955298
5	13	19	1.1202222	-2.492069
5	22	20	1.4540779	0.52140807
5	73	21	1.2697225	-1.9331945
5	149	22	0.70553236	2.8363137
6	128	23	0.44833229	-0.56428462
6	268	24	0.34755917	0.77548923
6	453	25	0.22009959	-1.5852488
7	19	26	1.1391776	-2.5042721
7	67	27	0.58714439	-1.886333
7	94	28	0.88163277	2.064177
7	194	29	1.04043	0.67899199
7	410	30	0.50359817	-0.013198777
8	89	31	0.56392764	2.9676431
8	104	32	0.31474547	0.41561112
8	257	33	0.43880953	-2.9130504
8	295	34	1.1113782	-2.7880095
8	434	35	0.62891656	0.20045926
9	52	36	0.92836401	-1.0435138
9	116	37	0.5108406	1.7635593
9	254	38	0.70346382	1.317163
9	392	39	0.35524552	-0.19941986
10	67	40	0.8141096	0.77192283
10	259	41	0.62178576	-2.7650456
10	266	42	0.61435073	0.02692013
10	376	43	0.26543322	-2.6386144
10	418	44	0.19003475	-2.5800811
11	13	45	0.23534265	-0.70676688
11	24	46	0.55688903	1.9639423
11	31	47	0.84023188	-2.0226517
11	149	48	0.83745835	1.0753165
11	373	49	0.35122681	2.6174386
11	444	50	0.67246402	1.3357406
12	32	51	0.69022662	2.7047415
12	69	52	0.56544417	-1.2713662
12	230	53	0.71730038	2.6653677
12	351	54	0.12860332	1.8444368
12	492	55	0.14589951	-1.4065997
13	31	56	0.81341897	-2.3064207
13	73	57	0.67466371	-0.85647656
13	149	58	0.91618194	1.3291959
14	116	59	0.74181194	-1.5045545
14	147	60	0.63535467	-1.1948745
14	155	61	0.25403389	2.0383065
14	226	62	0.61644827	2.1073475
14	251	63	0.13201813	2.7687868
14	255	64	0.60824357	1.1537639
14	268	65	1.1558477	-1.3559419
14	300	66	1.1141867	1.6821602
15	53	67	0.46809586	-2.2475358
15	96	68	0.30616999	0.099074513
15	205	69	0.85747773	0.65526554
15	239	70	1.4637515	-2.8931659
15	447	71	0.24953449	3.0575216
15	464	72	0.97783701	-2.7044934
16	35	73	0.20468879	-2.5203654
16	87	74	0.87338445	0.4677372
16	108	75	0.92096587	1.3507409
16	183	76	0.80829895	-2.9666419
16	296	77	0.75265553	2.5240325
17	144	78	0.8122054	2.449099
17	196	79	0.87477163	-0.41200746
17	221	80	1.4459558	-0.83808628
17	256	81	0.94607959	3.1189002
17	352	82	0.79312406	2.0922941
17	363	83	0.68950995	0.77367683
17	498	84	1.0280752	-2.7447985
18	103	85	0.55652413	-2.8107364
18	152	86	0.10190469	-1.2415995
18	159	87	0.038772717	-2.6743562
19	67	88	0.74304798	0.16180359
19	259	89	0.80089769	-2.1349609
19	262	90	0.66922373	2.6516132
19	376	91	0.58198704	-1.7131773
20	139	92	1.3248597	-1.2538884
20	272	93	0.43099664	2.0950183
21	146	94	0.43017155	-2.7342555
21	190	95	0.6317147	0.86510788
21	294	96	0.76528449	-2.5264197
21	344	97	0.97106236	-2.8781276
22	125	98	0.84272063	2.424598
22	330	99	0.17616615	2.3536047
22	415	100	0.89402759	2.9592338
22	476	101	1.3900543	0.58858274
23	90	102	0.34525991	-1.8338304
23	173	103	0.24673242	0.75762881
23	263	104	0.47999563	-1.3271509
23	281	105	0.88167476	-1.7314865
23	302	106	0.3790473	0.45154484
23	304	107	0.93847578	1.4984382
24	229	108	0.61873159	0.95654554
24	373	109	0.35056567	-1.8325916
24	384	110	0.55613106	1.4689293
24	444	111	0.39540836	0.3607484
25	143	112	0.80423276	-0.32195875
25	188	113	0.61178119	2.8672104
25	478	114	0.28178363	-0.69609163
25	493	115	0.17666789	2.972838
26	50	116	0.44292694	-2.4295506
26	65	117	0.43848262	-0.94834145
26	129	118	0.54296635	2.2323451
26	339	119	1.0593223	1.9227814
27	59	120	1.3006922	-2.2831786
27	123	121	0.54630038	-0.87951794
27	132	122	1.274718	1.509426
27	187	123	1.1489123	-2.3636568
27	225	124	1.1190384	-2.2364942
27	360	125	0.49938705	-3.0745647
27	471	126	0.64898866	0.90605448
28	107	127	0.77932687	-0.26666515
28	264	128	0.72261006	0.69877321
28	386	129	0.99481843	2.9417317
28	398	130	0.74470174	-2.1709448
28	425	131	1.0255725	-1.4688252
28	448	132	0.95849876	2.2025978
29	97	133	0.5930581	-0.61052863
29	181	134	0.93712067	2.2116206
29	452	135	1.334296	2.5338628
30	265	136	0.64919977	-2.9194535
30	270	137	0.31162615	0.72558389
30	289	138	0.42504076	-2.3390746
30	297	139	0.69164362	-1.834438
30	364	140	0.65230783	0.6740893
31	255	141	1.8747846	-1.6146533
31	302	142	0.20486005	2.6142999
32	230	143	0.038735531	1.887981
32	241	144	0.71319816	-1.5030362
32	285	145	0.68336576	2.4931115
32	357	146	0.76783964	-2.5149838
32	363	147	1.3471008	2.8313839
32	455	148	0.26028568	1.8861078
33	91	149	1.3836829	2.4679227
33	95	150	1.0049278	-0.039131189
33	188	151	0.72732393	-0.30405236
33	277	152	0.20568755	1.3711059
33	292	153	0.47656194	0.51843596
34	51	154	1.2397533	-1.1244118
34	114	155	0.89869962	1.433162
34	207	156	0.52650683	-2.4883336
34	372	157	0.48066204	-0.25693985
34	497	158	1.1109746	-1.4936498
35	87	159	1.0761219	0.49682209
35	102	160	0.826448	-0.99047093
35	183	161	0.62988361	-3.107363
35	310	162	0.494259	-2.2054867
36	47	163	1.234067	2.1089526
36	203	164	1.3011764	-1.6103935
36	224	165	0.69669353	2.4271796
36	253	166	1.0335356	0.76548602
36	309	167	1.2346236	-0.66941751
36	495	168	1.0825069	-2.191284
37	122	169	0.50677461	0.13219953
37	170	170	0.55235356	-2.9113054
37	174	171	0.18247145	0.64254451
37	218	172	0.7613116	0.65590758
37	236	173	0.75542901	-2.8870825
38	153	174	0.53147759	-1.3135599
38	189	175	1.240459	1.6920808
38	234	176	1.3173747	2.0474111
38	430	177	0.5954459	-2.8471948
38	458	178	0.65190168	-0.013089561
39	94	179	1.0892434	-2.5093755
39	194	180	0.84224279	-1.1441957
39	280	181	0.34866622	0.45599116
39	399	182	0.96018422	1.6972403
39	470	183	0.25272405	2.6744619
40	115	184	0.58633382	-1.4990855
40	154	185	0.84187583	-2.6883477
40	299	186	0.15740238	0.1994303
40	321	187	1.3752956	0.11294763
40	494	188	0.95468703	0.10798998
41	378	189	1.1877024	1.2908413
41	404	190	0.39464877	2.0786271
41	439	191	0.75951425	-1.9067643
41	450	192	1.1907745	-1.1578055
42	110	193	0.81296754	2.1119206
42	193	194	0.085539864	-1.2015374
42	212	195	0.25579676	-1.99676
42	214	196	0.32166823	2.3246097
42	385	197	0.9675129	-1.3672567
42	473	198	1.1161434	2.2386202
43	100	199	0.20691683	-1.0538321
43	152	200	0.61201062	-2.6658837
43	159	201	0.64389812	-2.8236136
43	358	202	0.65123224	-0.13934166
43	417	203	0.65719655	-0.045699902
43	424	204	0.94434148	0.016509712
44	124	205	0.74926208	0.0890082
44	128	206	0.28508849	-2.3923641
44	147	207	0.89920523	1.9736925
44	268	208	0.44571345	2.4363462
44	436	209	1.1624692	-1.19923
44	483	210	1.0534564	1.4050989
45	80	211	0.52900984	-1.1043252
45	88	212	0.41908978	1.3658774
45	173	213	0.40052543	2.4899622
45	245	214	0.43288851	-0.47773086
45	288	215	1.1328406	-1.787105
45	316	216	0.71421832	1.7401551
45	379	217	1.0091928	1.6398999
46	320	218	1.2441855	0.68082279
46	359	219	1.1968529	-0.86125621
46	450	220	0.65852002	-2.2665975
46	456	221	1.4238216	1.4525136
47	54	222	0.84041671	-1.9402745
47	162	223	1.0526046	2.7659294
47	224	224	0.61245831	-1.3965339
47	253	225	1.4199305	-0.24434739
47	342	226	0.93430684	-2.476042
47	359	227	1.3259106	0.56934366
47	450	228	1.1205718	1.6468026
48	189	229	0.79979226	2.9706175
48	397	230	0.74218787	1.6784293
48	458	231	1.1038864	-1.5582993
49	99	232	0.57476006	-1.1178014
49	130	233	1.2605359	2.692161
49	192	234	0.41479697	3.0210646
49	365	235	0.81823459	0.90639166
50	129	236	0.71782526	1.5683683
50	402	237	0.37857893	-1.7146025
50	409	238	0.83316231	-1.4376261
51	55	239	0.7120536	-1.4391893
51	76	240	0.43393156	-1.0293694
51	372	241	0.99860729	1.6412802
51	497	242	0.44971252	3.1180101
52	91	243	1.2729499	-0.94749651
52	392	244	0.74149774	1.731891
52	422	245	0.46568398	-1.0766097
52	481	246	0.49622578	2.399518
52	482	247	0.31925651	-0.25861651
53	96	248	0.71664684	0.58414402
53	334	249	0.46278114	-2.6949493
53	396	250	0.9400569	-2.7758625
53	464	251	0.59477842	-3.0591239
54	224	252	0.44769566	0.4150321
54	342	253	0.47839986	2.694638
54	446	254	1.002253	-1.8650029
55	76	255	0.35850234	1.1991512
55	213	256	0.69216437	-1.4006271
55	217	257	0.54808739	0.86471869
55	414	258	0.63238118	-3.0260448
55	489	259	1.3190268	-1.766217
55	497	260	0.89902875	2.219328
56	120	261	0.45499791	-0.026270919
56	126	262	0.95066622	1.9791703
56	252	263	0.51122843	1.3670632
56	435	264	0.36861429	-2.7325392
56	466	265	0.59114635	-1.7411523
57	70	266	0.98905492	-0.92155719
57	84	267	0.95444096	2.5089885
57	246	268	1.2736565	2.6208531
57	314	269	0.916162	-0.70679214
57	333	270	0.48351686	-3.1182221
57	395	271	0.51517045	-1.1520288
57	423	272	0.86976817	2.4948286
57	455	273	0.19396767	-1.2472845
58	239	274	0.4010757	-0.91277758
58	287	275	0.58505146	-2.8581135
58	293	276	1.247742	0.26478496
58	312	277	0.75753506	0.086467861
58	329	278	1.1517663	2.7346662
58	484	279	0.18352066	2.1250051
59	85	280	1.1011404	-2.3716182
59	187	281	0.18086072	1.3943931
59	225	282	0.19018342	0.58024939
59	438	283	0.68771269	-2.6476373
60	66	284	0.71836478	-1.020562
60	355	285	0.64824918	-0.56071366
60	388	286	0.53010993	0.22221524
60	400	287	0.35030041	2.9446709
60	442	288	0.44023253	1.9877084
61	97	289	0.38066592	1.0901837
61	182	290	0.14006573	-2.4226526
61	291	291	0.73574855	-0.30977694
62	200	292	0.1531599	-1.4743889
62	206	293	1.1068796	-2.1096166
62	216	294	1.0198079	-2.1137601
62	236	295	0.57284271	1.2444018
62	279	296	0.67205134	0.73273567
62	367	297	0.15379226	-2.0699655
63	69	298	0.26355646	2.7896389
63	211	299	0.24311968	-1.9022726
63	490	300	0.53735453	-2.4577072
64	143	301	0.2210082	-2.6525903
64	171	302	0.44780481	1.0598429
64	172	303	0.78721965	-0.37166052
64	291	304	0.90493037	2.7404906
64	362	305	0.93638162	3.0776408
64	406	306	1.0180682	0.31120413
64	478	307	0.74239522	-3.1011392
65	142	308	0.76687302	1.8680108
65	474	309	1.2302256	1.8705888
66	355	310	0.31885091	0.99594315
66	462	311	0.22104753	0.33627373
67	266	312	0.55217423	-1.5150587
67	269	313	0.4923014	-0.21997122
67	376	314	1.072323	-2.4354898
67	410	315	0.88001801	0.67731567
68	137	316	0.70432464	-0.35167522
68	208	317	0.73508403	2.3755739
68	331	318	0.093750076	-2.6184322
68	335	319	0.59132843	-0.17894598
68	411	320	1.1373184	2.3982149
68	432	321	1.1914425	2.3419477
68	436	322	0.71547105	2.0752018
69	150	323	0.14134229	-0.79634112
69	211	324	0.36220605	-1.0876163
69	241	325	0.75364545	2.9806779
69	492	326	0.42133615	1.9169292
70	112	327	0.77386926	-1.2458639
70	240	328	0.46290695	-1.4626593
70	314	329	0.21667384	1.097675
70	395	330	0.50150951	2.4569034
71	123	331	0.72246863	0.71352183
71	491	332	0.90554982	-2.351929
72	79	333	0.39170477	0.087832519
72	146	334	0.76038693	0.3827653
72	215	335	0.7293479	-2.5246473
72	294	336	0.47552007	0.026854757
72	344	337	0.25905465	0.891341
73	431	338	2.0262391	-1.6074437
74	92	339	1.0732375	1.6656486
74	136	340	1.112683	-2.1245696
74	176	341	0.79057553	2.0431707
74	209	342	1.1468069	1.2212781
74	306	343	0.7646008	-2.427693
74	404	344	0.72704574	1.0822071
74	439	345	0.50625209	-0.97814527
75	154	346	0.54003812	1.7465831
75	247	347	0.23219247	-0.42966534
75	298	348	0.57092523	3.0188195
75	353	349	0.40206532	-2.6043028
75	434	350	0.55129911	2.3664208
75	476	351	0.63973403	-0.99281837
76	77	352	0.80551239	1.3465942
76	217	353	0.24023933	0.35284337
77	217	354	0.70386079	-1.5048965
77	238	355	0.04442545	0.92415524
77	372	356	0.75049791	2.252749
78	127	357	0.27745063	0.89505384
78	231	358	0.32912339	2.6893776
78	233	359	0.25706443	2.3765024
78	350	360	0.3149967	0.77741903
79	146	361	0.40205424	0.6698872
79	275	362	0.62647003	-2.632159
79	491	363	0.49039363	1.0010359
80	126	364	0.80942214	-1.7166722
80	197	365	0.43945784	-0.75072703
80	245	366	0.31023666	1.0789627
80	288	367	0.7958042	-2.2199164
81	106	368	0.49938024	-0.91486277
81	228	369	0.41140964	-0.61341392
81	254	370	0.42822894	-1.0568396
81	288	371	1.375519	1.6056384
81	435	372	0.40186387	0.48880992
81	488	373	0.8814651	1.9716501
82	89	374	1.1662195	0.5842715
82	236	375	0.81590345	-2.3121076
82	295	376	0.51150018	0.31989267
82	328	377	0.80446327	-2.3232749
82	361	378	0.15949294	0.16461536
83	85	379	0.90811557	0.53938513
83	157	380	0.6216842	-2.3092114
83	177	381	0.38740735	2.1826328
83	275	382	0.77384812	-0.049025358
83	406	383	0.99074322	-2.8916745
84	246	384	0.34219113	2.9374802
84	333	385	0.64290731	-1.1091548
84	365	386	1.1051251	3.0366075
84	460	387	0.32359341	-2.5786129
85	177	388	1.0127646	-2.9936488
85	225	389	1.2884105	0.74213311
85	275	390	0.50437782	-1.5832223
85	438	391	0.47775599	1.1730985
85	491	392	0.83316753	0.25989438
86	272	393	1.1379712	-0.014187099
86	278	394	0.53222534	2.5180129
86	307	395	1.182805	-2.7726751
86	416	396	0.90674036	-0.82074118
87	108	397	0.76792779	2.4239866
87	156	398	0.61145913	-0.83630772
87	399	399	0.69345855	0.80728468
88	245	400	0.67881664	-1.114437
88	338	401	1.1197368	1.390937
88	379	402	0.616264	1.8249801
88	454	403	0.68403352	-0.26337926
89	104	404	0.84388344	0.03493754
89	250	405	1.0173308	-2.324652
89	265	406	0.21548721	-0.44975079
89	270	407	1.0909319	0.23699781
90	173	408	0.57036576	1.079632
90	281	409	0.53937608	-1.6660428
90	288	410	0.91377362	-1.1844286
90	472	411	0.83389526	-1.4532772
91	191	412	0.30004658	2.5365323
91	400	413	0.5545033	1.8462753
91	422	414	0.81335514	2.2678812
91	482	415	1.0463662	1.9989091
92	176	416	0.4465373	-2.1869852
92	198	417	0.90959856	0.88020254
92	209	418	0.49444793	0.018314709
92	440	419	0.44585919	2.5149387
93	279	420	0.44760197	0.79995824
93	284	421	0.4758539	-2.0258292
93	338	422	0.65374316	-1.8102635
93	370	423	1.0039845	0.57282646
93	379	424	1.2492887	-1.9916044
94	102	425	0.24075906	-2.6725335
94	140	426	1.1020325	-2.9185626
94	470	427	1.0001353	0.8592877
95	188	428	0.35785763	-2.619574
95	199	429	0.61951546	-0.59996683
95	287	430	1.0830756	-0.37996136
95	292	431	0.65133503	2.7049301
95	329	432	0.55438944	0.40373975
95	332	433	1.007663	-0.53068682
95	380	434	0.50998748	1.7140767
96	205	435	0.61893662	0.91949351
96	215	436	0.052415846	2.3199027
96	344	437	0.97945103	0.74198726
97	171	438	1.661781	-0.32113792
97	181	439	1.5116927	2.3351359
97	291	440	0.76876775	-0.81952307
97	421	441	1.0477379	2.746993
98	105	442	0.26959855	2.52584
98	113	443	0.64441618	0.12841001
98	220	444	1.0233035	-2.9602018
98	322	445	0.47338136	0.73772248
98	336	446	1.0031047	-0.705437
98	451	447	1.0367655	-1.3787568
99	119	448	0.34841813	-0.65939381
99	145	449	1.141897	2.5971718
99	192	450	0.87242437	2.4346297
99	243	451	0.58021224	1.0955153
99	260	452	1.1077209	3.0709153
99	272	453	0.73217834	-2.2475698
99	308	454	0.99306895	0.22079317
100	159	455	0.71420801	-3.1115752
100	321	456	0.10492574	-0.61310224
100	417	457	0.57414438	0.26406272
101	120	458	1.1792075	1.6451757
101	180	459	0.60803257	0.21301806
101	276	460	0.8057175	-1.0097174
101	348	461	0.45265045	-2.4882723
101	445	462	1.4236412	-0.77293982
101	466	463	0.88286312	2.3861359
102	140	464	0.87050058	-2.9859749
102	156	465	1.1737648	0.69343847
102	470	466	1.2262196	0.78452943
103	152	467	0.56561069	0.14969969
103	159	468	0.51813825	0.3206822
103	267	469	0.62167689	-3.0032595
103	364	470	0.97310352	-3.0218122
103	426	471	0.20862765	-1.4131429
104	270	472	0.31383534	0.80700449
104	434	473	0.32837675	-0.0056298586
105	119	474	0.86451338	2.7724486
105	220	475	0.85690604	-2.7331905
105	308	476	0.75137025	1.7213471
105	322	477	0.59313407	0.27784205
106	228	478	0.16207219	1.3730995
106	254	479	0.096777669	2.9032983
106	392	480	0.73261485	-1.4646105
106	407	481	0.77079765	-1.2224435
106	466	482	0.32421183	0.4757043
107	262	483	0.24148156	-0.046654183
107	264	484	0.69899071	1.8587819
107	425	485	1.040738	-2.2421458
108	235	486	0.87351448	2.6019237
108	296	487	0.9370113	-2.6248469
108	399	488	1.0580513	-0.0037931
108	430	489	0.81101825	0.98648427
109	138	490	0.27187896	1.7390185
109	219	491	0.54766332	-2.5202095
109	375	492	0.58583518	-2.3377994
109	461	493	0.8517262	1.1880027
109	467	494	0.49427716	-1.4304748
110	150	495	0.86405115	2.074869
110	193	496	0.89736644	-1.045975
110	210	497	0.33478283	2.5659271
110	214	498	0.50315022	-1.1650362
110	222	499	0.41590218	2.499799
110	473	500	0.32628557	2.5589069
111	138	501	0.8995386	-1.7258431
111	195	502	0.30642194	0.65833871
111	237	503	0.57669646	0.98683961
111	408	504	0.69341098	1.2519714
111	461	505	0.43009494	-1.0209756
111	485	506	0.2595828	2.3509187
112	283	507	0.46968522	-1.2755768
112	314	508	0.93804725	1.7295812
112	401	509	1.2080176	-1.323058
112	427	510	0.5687495	-1.4036971
113	322	511	0.37289024	2.4567364
113	336	512	0.74341484	-1.4024219
113	345	513	0.5302598	-0.6119253
113	420	514	0.43855564	0.73739255
113	479	515	0.47066507	-1.0975709
114	241	516	1.0062139	2.2454443
114	286	517	0.90007704	-0.63578184
114	372	518	1.068422	-1.2453769
114	490	519	0.24073545	1.7957985
115	154	520	0.82761614	2.8773167
115	247	521	0.64292492	-2.4455034
115	413	522	0.94962558	-0.006486312
115	486	523	1.0472795	-0.53020868
116	251	524	0.80682816	1.7856923
116	254	525	0.32792004	0.57952909
116	268	526	0.43626544	-1.1014362
116	481	527	0.98857995	-1.3678536
117	263	528	0.61604086	0.96419997
117	281	529	0.13866395	0.82268991
117	318	530	0.402089	-1.4770082
117	480	531	0.947461	-1.5696574
118	151	532	0.5909855	1.7166827
118	178	533	0.44125752	-2.7216411
118	195	534	0.7474608	1.5506483
118	350	535	0.92349595	-2.0752561
118	467	536	1.1151201	-1.7983683
119	220	537	0.65254778	-1.5403792
119	272	538	0.81630088	-2.6884782
119	308	539	0.81655873	0.55595082
120	136	540	1.3756965	1.5933056
120	162	541	1.0420108	0.87093017
120	180	542	1.2498252	-0.99367941
120	252	543	0.62149179	2.1717424
120	342	544	0.93040955	-0.17943472
120	441	545	0.94959424	2.0989984
120	466	546	0.79606431	-2.3423572
121	137	547	0.85309006	2.4647747
121	182	548	0.37011637	-0.23125783
121	188	549	0.51887552	-0.51102072
121	433	550	0.47470761	-0.32689217
122	174	551	0.35880191	3.0227441
122	218	552	0.41013367	1.322019
122	297	553	1.0075895	0.37567103
122	325	554	0.63575712	0.02198017
122	370	555	0.40604977	-2.8235787
123	169	556	1.0155873	-2.0590103
123	303	557	1.2037292	1.2223649
123	437	558	0.21739232	-2.6553704
123	471	559	0.93314352	1.5149842
124	181	560	1.4619149	-0.86946628
124	431	561	1.8513391	1.6194148
124	452	562	1.1790871	-1.2173186
124	483	563	1.1284554	2.1029205
125	160	564	0.52872291	2.4009008
125	330	565	0.66711528	-0.69826196
125	415	566	0.46141543	-2.1279251
125	475	567	0.53227455	0.86452554
126	197	568	0.6661451	0.85131635
126	252	569	0.60793543	-0.65812762
126	288	570	0.39987928	2.711106
126	441	571	0.35957871	-0.17968629
127	133	572	0.64898463	1.2992646
127	178	573	0.64002792	1.4227485
127	231	574	0.47516838	-2.9880646
127	242	575	0.35799519	2.2879276
127	350	576	0.051163415	0.087540305
128	208	577	1.100523	-1.152706
128	268	578	0.50044097	1.8349129
128	432	579	0.67692568	-1.3531072
129	326	580	0.37889385	2.9089832
129	339	581	0.56683651	1.6266583
129	401	582	1.3010236	2.0875666
129	402	583	1.0939284	-1.622008
130	201	584	0.53230654	0.75462807
130	311	585	0.1233888	3.0774305
130	426	586	0.5210474	-2.9187792
131	158	587	0.37085389	-1.4556548
131	164	588	0.6088626	0.83564145
131	278	589	0.81506134	-0.34240392
131	290	590	0.91098283	0.59362688
131	371	591	1.1197776	-2.2274021
131	389	592	0.53068119	-2.842864
132	360	593	1.4273456	-1.9865276
132	414	594	1.7234088	1.4481402
132	471	595	0.82685342	-1.1705864
132	489	596	0.76113392	0.69847629
133	178	597	0.080036388	3.0437312
133	242	598	0.5420927	-2.4266359
133	366	599	0.29510459	2.4196101
133	469	600	0.6802736	1.6985546
134	168	601	1.3158135	-0.5848914
134	175	602	1.2411363	0.61616149
134	253	603	1.1559379	-2.5421251
134	341	604	1.3866891	-1.5654083
134	359	605	1.281433	2.8191207
134	405	606	1.0447723	1.9288112
135	319	607	0.34880223	-0.87988386
135	354	608	0.46156889	3.0803329
135	402	609	0.8510472	1.4110033
135	409	610	0.49149502	0.91350059
135	469	611	0.68097864	-1.9264787
136	162	612	0.90962145	-0.68896914
136	197	613	0.36256007	3.1136359
136	245	614	0.79307199	2.3150408
136	306	615	0.44579752	1.5545008
136	439	616	1.0151258	0.54524367
136	441	617	0.71314227	-2.2493463
136	454	618	1.0297882	1.7424869
136	487	619	0.87453338	0.23689291
137	182	620	1.1977402	-0.54324821
137	331	621	0.76780831	2.88376
137	335	622	0.15862956	2.0945192
137	421	623	0.40100176	0.56128322
138	219	624	0.71009251	-2.1687873
138	303	625	0.32167616	2.3791108
138	485	626	1.0741547	1.6114622
139	220	627	1.3429568	1.4774523
139	327	628	0.44661249	2.3059687
139	356	629	0.67940126	-1.6116368
139	377	630	0.65913239	-0.67546638
140	183	631	0.83475509	1.8408162
140	262	632	0.89575731	-1.5861471
140	264	633	0.5015324	-2.7003528
140	310	634	0.44292436	1.3109929
141	285	635	0.33043918	-1.2587793
141	381	636	0.61812002	2.6913028
141	455	637	0.74149404	-0.70368067
142	337	638	0.26186751	-0.8300934
142	385	639	0.13755287	2.2239011
142	474	640	0.4633593	1.8748554
143	172	641	0.9462607	-0.19361907
143	199	642	0.58579455	2.7027598
143	317	643	0.29107951	0.018371243
143	332	644	0.19399485	2.6668449
143	396	645	1.0616453	-0.28445445
143	478	646	0.55163935	3.0074195
144	321	647	0.92806966	2.1389545
144	352	648	0.28549624	0.63407777
144	413	649	0.87504468	3.1001302
145	192	650	0.31444814	-0.078793241
145	260	651	0.52894608	-1.8154966
145	311	652	0.71807477	2.4077189
145	346	653	0.52533238	-2.9594221
146	169	654	0.75995493	0.52706357
146	294	655	0.35562586	-2.2741567
146	491	656	0.17096194	1.8714766
147	255	657	1.1471766	1.5593675
147	268	658	0.5384454	-1.5463254
147	483	659	0.56734749	0.38262392
147	496	660	1.0155152	1.099079
148	232	661	0.28789944	1.38795
148	266	662	0.47060707	0.27160499
148	394	663	0.32579642	-3.1213561
148	418	664	0.32174102	3.1150775
149	229	665	0.38109272	2.3035181
149	258	666	0.4243348	1.6803942
149	415	667	1.2517445	0.56893243
149	444	668	0.25534627	-2.8114651
150	210	669	0.59032903	-1.3374455
150	211	670	0.23042055	-1.2646957
150	492	671	0.55303483	2.0232818
151	178	672	0.82772522	-1.9638198
151	195	673	0.19140054	1.0151024
151	319	674	0.30368613	1.1087314
151	469	675	0.33843638	-2.8487251
152	201	676	0.41514866	0.47369471
152	358	677	1.2040371	0.15832297
152	426	678	0.60130179	-2.6375769
153	202	679	0.87099494	0.51966457
153	280	680	1.1878703	-1.2807279
153	354	681	0.84497438	-0.43823313
153	399	682	0.35214548	-1.8421143
153	430	683	0.78326811	2.6908569
153	458	684	0.72277041	0.7744643
154	247	685	0.69877398	-1.1182707
154	267	686	0.380879	0.96703497
154	270	687	0.41887969	2.9430719
154	299	688	0.99502057	0.41351326
154	434	689	0.33301026	-2.6880973
155	226	690	0.36344235	2.1555852
155	251	691	0.17888976	-1.6181363
155	318	692	0.81475166	1.912192
155	480	693	0.37995161	2.5221513
156	399	694	0.95731224	1.497928
156	470	695	0.12118532	1.8626285
157	172	696	0.86639531	-2.6838206
157	215	697	0.80049775	0.34540675
157	275	698	1.2638597	0.34029726
157	334	699	0.42730212	-2.1288886
157	406	700	0.58251649	2.7640767
158	278	701	0.73130352	0.1299139
158	307	702	0.64484032	-1.486997
158	371	703	0.89229285	-2.5214701
159	267	704	1.13512	-2.9203899
159	299	705	0.44349504	-2.7658105
159	321	706	0.80064902	-0.048654202
160	244	707	1.0964826	-2.5869885
160	257	708	0.68354647	0.95548274
160	258	709	1.3833045	-2.3325592
160	361	710	0.56598364	2.8951862
160	475	711	0.73722043	0.065381526
161	273	712	0.7282675	1.0430784
161	329	713	0.62172081	3.0943869
161	383	714	0.77827922	0.20236663
161	484	715	0.43453896	-0.67183568
162	342	716	0.99361719	-1.3223835
162	450	717	1.1549945	0.68546192
162	487	718	0.79737287	1.3841414
163	358	719	0.354317	2.5958865
163	365	720	0.15486035	-0.57834435
163	368	721	0.61482336	0.1421228
163	424	722	0.28996066	1.5830874
164	261	723	0.77578786	-3.0624372
164	290	724	0.35157586	0.16563593
164	389	725	1.0989227	-2.5555361
164	426	726	0.679523	0.75951251
165	321	727	0.9831436	-3.0853599
165	352	728	0.71438448	-1.9316238
165	363	729	1.0812156	-0.9417672
165	368	730	0.38673554	-0.0058571566
165	381	731	0.77254768	-0.38374571
165	417	732	0.53605205	2.8483043
165	424	733	0.30177325	2.4145077
166	229	734	0.39031024	-1.4259009
166	244	735	0.3369992	0.54898353
166	328	736	0.28030783	1.7011183
167	240	737	0.61968604	1.7874376
167	340	738	0.72434675	-1.7755763
167	427	739	0.27832897	-0.96498838
168	175	740	1.4461862	1.629047
168	183	741	1.0066524	-1.0531472
168	235	742	0.96570187	0.6884377
168	296	743	0.74294877	-0.41308956
168	341	744	1.2740192	-2.5968477
168	393	745	1.1023801	-1.4100034
169	190	746	0.30696041	1.0682195
169	437	747	0.84459175	1.2276517
169	491	748	0.74056444	-2.8414344
170	174	749	0.72324227	0.33155001
170	236	750	0.20367733	-2.8213513
170	271	751	0.38082793	0.25337915
170	279	752	0.19932177	-0.90846223
171	177	753	1.5641684	0.3141171
171	291	754	1.0527487	-3.1061582
171	406	755	0.75432013	-0.10475299
172	334	756	0.55128374	0.037081455
172	396	757	0.14695874	-0.90820169
172	406	758	0.64242442	1.1951425
173	206	759	0.82566586	1.5666399
173	216	760	0.9036652	1.5215457
173	288	761	1.3514539	-1.5150353
173	316	762	0.50183219	1.1650523
173	459	763	0.55797382	1.3774776
174	271	764	0.34486199	-2.7236999
175	235	765	1.1738959	-0.78554612
175	356	766	1.1307938	1.2229199
175	405	767	1.403531	2.9543509
175	412	768	1.3570351	2.2703383
175	429	769	1.1570696	0.37262578
176	306	770	1.2242489	-1.7499711
176	440	771	0.63431299	1.7340211
176	454	772	0.75184825	-2.1339598
177	406	773	0.92728539	-2.4902587
177	438	774	1.3251987	0.46121007
178	350	775	0.63005287	-1.6398
178	469	776	0.66694635	1.5813235
179	240	777	0.99084779	1.2158288
179	340	778	0.50751529	-0.86217741
179	382	779	0.72093006	-1.869323
179	419	780	0.27625703	-2.7838665
180	342	781	0.91176968	1.311754
180	445	782	1.2002921	-1.2090083
180	446	783	0.47023939	-0.65008481
181	452	784	0.53522875	3.1216166
182	291	785	0.81687108	-0.1623592
182	362	786	0.82326327	-0.54318607
182	421	787	1.0786784	2.2598476
182	433	788	0.11200453	-0.64791781
182	478	789	1.034907	-0.52129098
183	264	790	1.0445172	-1.7936236
183	296	791	0.60465919	1.2644956
183	310	792	0.50489097	-0.84143919
183	393	793	0.3859902	-2.5558128
184	198	794	0.35024237	-0.73748355
184	347	795	0.4856149	0.60298236
184	371	796	1.0056926	0.19767993
184	428	797	0.59531985	2.6086848
184	440	798	0.95922898	-2.3606856
184	468	799	0.84763889	-3.0546104
185	206	800	0.43209155	-1.8478741
185	249	801	0.65165647	-1.7994347
185	367	802	0.54865239	0.81538501
185	384	803	0.63895191	0.83825566
186	305	804	0.59797012	3.1292074
186	315	805	1.1804608	-0.022342497
186	320	806	0.67779618	-2.0370483
186	374	807	0.46783592	1.7785897
186	412	808	1.281158	-0.83196928
186	456	809	1.1037669	3.1186744
187	360	810	0.83656634	1.1780485
187	438	811	0.81253061	-2.4723198
188	199	812	0.83919535	-0.20562839
188	433	813	0.10138099	1.6005654
188	493	814	0.43649554	-0.31706766
189	227	815	0.43842928	1.134469
189	234	816	0.45834625	-3.0085732
189	458	817	1.476613	-0.9966901
190	219	818	1.1093149	1.0287067
190	248	819	0.79915551	-2.7245924
190	375	820	1.0446619	0.94599773
190	437	821	0.54371265	1.3174009
190	477	822	0.1784282	-1.2599295
191	331	823	0.31302649	-1.0265284
191	422	824	0.53008821	2.1170678
191	457	825	0.36955789	2.7048815
192	311	826	0.98621651	2.6032081
193	210	827	1.2053866	2.2218131
193	385	828	0.88325766	-1.3832333
193	474	829	0.54601032	-1.3687808
194	231	830	0.34390537	-1.4057224
194	233	831	0.34778833	-1.0695232
194	242	832	0.29082638	0.011188842
194	280	833	0.9209779	1.6093092
194	366	834	0.73190329	0.85791068
194	410	835	0.72757608	-2.0050487
195	237	836	0.30322761	1.3189334
195	313	837	0.22957202	0.70478726
195	319	838	0.1145305	1.2656161
195	449	839	0.35860789	1.1295882
195	461	840	0.55445762	-1.6026226
196	221	841	0.74325556	-1.346092
196	357	842	0.35372707	-0.08310805
196	363	843	0.8873989	1.9256521
197	245	844	0.59931374	1.8668028
197	441	845	0.57168811	-1.7203787
198	209	846	0.69733054	-1.6930583
198	371	847	0.84607998	0.53728121
198	378	848	0.50665301	-0.71193713
198	440	849	1.0382613	-2.7042787
199	332	850	0.39198669	-0.42106134
200	216	851	0.90154546	-2.215304
200	279	852	0.77294506	0.8927877
200	284	853	0.15092181	-1.8128123
200	459	854	1.177488	-1.9896914
201	358	855	0.81954222	0.00054904153
201	365	856	1.2804556	-0.21094013
201	426	857	1.0163376	-2.6499607
202	326	858	1.2358235	1.3318114
202	354	859	0.79113566	-1.5592741
202	402	860	0.60559147	0.034459073
203	204	861	0.63281118	-2.2557342
203	301	862	0.96920428	-0.42546472
203	309	863	1.1510618	0.48245013
203	445	864	1.1461576	-2.9474936
203	495	865	0.71406401	2.5137623
204	391	866	0.77674008	-0.64720996
204	403	867	0.75718243	-2.3314446
204	445	868	0.77264612	2.7859746
205	248	869	1.1243137	0.54169937
205	259	870	0.25905998	2.1626359
205	344	871	0.38603309	0.45495405
205	394	872	0.42351331	0.88337188
205	447	873	1.0553424	-2.6463276
206	216	874	0.087182989	1.0804628
206	249	875	0.22106403	-1.7046504
206	304	876	0.129187	-2.6656246
206	367	877	0.95322775	1.0255804
207	221	878	1.8252886	2.1145073
207	414	879	1.6316852	-1.3113573
207	497	880	0.93496816	-1.0018289
208	432	881	0.45744208	2.2878962
208	436	882	0.21789973	0.56547763
209	378	883	0.59163169	0.6565569
209	404	884	0.43851953	-1.6884105
210	282	885	0.64161538	-1.2744105
210	324	886	0.21952674	2.1281971
210	492	887	1.136515	1.9101263
211	222	888	0.28827796	-1.5196079
212	238	889	0.44921962	-1.8027199
212	286	890	0.62784215	1.9295474
212	385	891	0.77551036	-1.1718221
212	473	892	1.2543418	2.0564493
213	217	893	1.1247713	1.3572118
213	223	894	0.29914081	-1.8258966
213	349	895	0.34447468	-0.69552379
213	463	896	0.37031996	-0.50666671
213	489	897	0.71667924	-2.1187451
215	275	898	0.46339048	0.33147064
215	334	899	1.1665116	-2.5675028
216	459	900	0.36048562	-1.3959523
217	238	901	0.73804934	1.5973342
217	343	902	0.32464181	0.68866848
217	385	903	0.60010339	0.874414
217	387	904	0.59506614	-0.73368728
218	250	905	0.52908375	-2.8519347
218	265	906	0.62756932	0.91369984
218	289	907	0.79491781	0.43400511
219	303	908	0.82614436	1.3670541
219	375	909	0.11001358	-1.2110136
219	437	910	0.60813379	-2.3702596
220	272	911	0.8094045	2.7686723
221	241	912	0.96071995	0.46861133
221	357	913	0.71989013	1.3081713
221	498	914	2.0316895	2.8015842
222	473	915	0.092223149	-0.85234792
222	490	916	0.39470262	2.6729441
223	408	917	0.39221481	-0.12403684
223	485	918	0.52258215	-1.5913316
223	489	919	0.43885451	-2.3168139
225	491	920	0.6723717	-1.7872567
226	263	921	1.3922239	1.3965377
226	300	922	0.60832037	1.2509144
226	318	923	0.47025059	1.7248384
227	234	924	0.78674086	-2.5200018
227	323	925	0.72054134	0.69573017
227	340	926	0.75888674	1.0659779
227	382	927	0.40087089	2.0233431
227	397	928	0.56165229	0.37259594
228	435	929	0.42593599	1.5275886
228	466	930	0.25659425	-0.040689112
229	244	931	0.60773672	1.1806753
229	258	932	0.25030776	0.58634856
229	328	933	0.67060074	1.7096003
229	384	934	0.30380513	2.9842076
229	444	935	0.36630523	-1.5343341
230	274	936	0.32853124	-0.39227745
230	351	937	0.6366461	-0.32786067
230	455	938	0.22155022	1.8857803
231	233	939	0.1157899	0.30010562
232	248	940	0.3187256	-0.11739487
232	266	941	0.43058955	-0.37283847
232	394	942	0.47630352	-2.4877886
233	269	943	1.2200811	-2.1605579
233	350	944	0.41217167	0.10429273
233	375	945	0.21133008	-0.91411185
233	410	946	0.59162075	-2.4979371
234	369	947	0.411788	2.3928333
234	382	948	0.94115795	1.0548846
234	429	949	0.96868826	-2.805469
234	430	950	1.3437783	-1.5450832
235	296	951	0.91412599	-1.6422889
235	429	952	1.2757199	1.3753756
235	430	953	1.2181998	0.18794285
236	250	954	0.96848543	0.54657479
236	279	955	0.32931918	-0.28648656
236	367	956	0.72482761	-1.9336757
236	384	957	0.63630673	-1.900702
237	313	958	0.1756882	-0.97004847
238	372	959	0.74109886	2.3109776
239	287	960	0.82148492	2.9533885
239	312	961	0.63719419	0.64435983
239	317	962	0.48166567	-3.0627363
239	447	963	1.2305825	0.31466279
239	464	964	0.53564241	-0.10103227
240	345	965	0.41755886	-2.8098229
240	395	966	0.89248928	2.0843227
240	427	967	0.8835368	-1.2343457
241	490	968	0.7963117	-0.76436795
242	366	969	0.58159409	1.2418698
243	365	970	0.64519076	1.5902218
243	460	971	0.887618	0.41337195
244	258	972	0.42417594	-1.6241591
244	361	973	0.81164754	1.0790373
245	454	974	0.56260811	0.87344233
246	365	975	0.76536338	3.0808688
246	368	976	0.35893218	2.4882093
246	423	977	0.42508423	-0.26063891
247	476	978	0.46039856	-1.2654208
247	486	979	1.4017637	-0.083825397
248	266	980	0.14635591	-0.95551463
248	269	981	0.62493324	0.54575484
248	344	982	0.74048777	-2.5547123
248	394	983	0.73903295	-2.793106
248	477	984	0.80017211	0.19340939
249	302	985	0.63897433	-1.2723453
249	304	986	0.18123556	2.0609941
249	373	987	0.48001439	0.47112975
250	265	988	1.1012193	0.62913678
251	254	989	0.75485416	-0.93798692
251	480	990	0.49996209	2.216587
251	488	991	0.5858532	1.7562906
252	441	992	0.33282551	1.9628616
253	309	993	1.4989168	-1.4215051
253	341	994	1.210221	-0.65215661
253	359	995	1.089994	1.812594
255	496	996	0.50973101	-0.49578767
256	486	997	0.59977334	3.1250861
256	498	998	0.41878731	-1.5764378
257	295	999	0.6782063	-2.7072291
257	298	1000	0.87565591	-0.10440504
257	361	1001	1.0327563	-2.7226457
257	434	1002	1.0676242	0.21200054
257	475	1003	0.61356078	-0.98132394
259	262	1004	1.0049115	1.7329496
259	293	1005	1.0936726	-2.7139698
259	376	1006	0.36003028	0.28344904
259	394	1007	0.42826018	0.26539418
259	418	1008	0.43639424	0.29637395
259	425	1009	1.0675434	2.9644586
260	272	1010	0.91601354	-0.7874237
260	278	1011	0.97806541	-2.8060101
260	290	1012	1.0435426	2.6838781
260	346	1013	0.57067154	2.3196051
261	297	1014	0.62166344	-2.3183362
261	364	1015	0.67422713	1.1632363
261	389	1016	0.56464356	-1.8253497
261	390	1017	0.39445421	-2.2509225
262	264	1018	0.81103304	2.1438568
263	281	1019	0.47916225	-2.1365665
263	302	1020	0.67020875	1.228016
263	318	1021	0.95914909	-1.9038039
264	393	1022	0.81040294	1.6830909
264	448	1023	1.1611126	2.8725489
265	270	1024	0.93433622	0.3837503
265	289	1025	0.37498494	-0.44856472
266	269	1026	0.6318652	0.77892763
266	418	1027	0.78387365	-2.9908406
267	270	1028	0.66807561	-2.7886448
267	299	1029	0.70025019	0.12353593
268	453	1030	0.52717702	-2.067823
269	410	1031	0.69017941	1.2687328
269	477	1032	0.30356125	-0.59672542
270	364	1033	0.34147168	0.62709895
270	434	1034	0.2541721	-1.1175319
271	279	1035	0.35268953	-2.3430661
271	370	1036	0.28729013	-0.10303818
272	327	1037	1.3417206	-1.3230263
272	416	1038	0.83012299	-2.2473544
273	301	1039	1.1046165	2.108023
273	383	1040	0.61649276	-0.87394522
273	386	1041	1.1387753	1.448294
273	398	1042	0.76308401	0.43009099
273	425	1043	1.2217055	-0.071689253
273	465	1044	0.66082635	3.0069551
274	314	1045	0.27325729	-0.27728228
274	455	1046	0.501601	2.406919
275	491	1047	1.0837997	0.72467833
276	348	1048	0.88706596	2.6648629
276	388	1049	0.82558364	-1.2121603
276	442	1050	0.6340404	-2.2648413
276	445	1051	0.66771086	-0.48596291
277	292	1052	0.37473389	0.092321569
277	462	1053	0.68122935	2.1022017
278	307	1054	0.99704628	-2.3092635
279	370	1055	0.57675409	0.39716584
280	354	1056	0.88817753	1.0713612
280	366	1057	0.63147013	-0.6194554
280	399	1058	0.90930745	2.0685199
281	480	1059	1.053234	-1.6594467
282	283	1060	0.69279222	2.1438836
282	324	1061	0.85558404	1.9334443
282	339	1062	0.80801577	-1.059926
282	401	1063	0.25729268	-2.5677957
282	474	1064	1.0956784	-0.93274651
283	314	1065	1.404821	1.7750708
283	324	1066	0.22946425	1.2510235
283	401	1067	0.73919795	-1.3532207
284	316	1068	1.0748839	-1.9043269
284	379	1069	0.77388476	-1.9705624
285	363	1070	0.73816119	-3.1395276
285	381	1071	0.87941492	2.416083
285	455	1072	0.49248956	-0.34225046
286	372	1073	0.6121841	-2.2459544
286	473	1074	0.63652747	2.1816105
286	490	1075	1.093953	2.3618696
287	317	1076	0.37885391	-0.53035343
287	329	1077	0.79360071	2.2459496
287	332	1078	0.174454	-2.4717776
288	435	1079	1.2524887	-1.2434463
288	472	1080	0.2472368	3.0676274
288	488	1081	0.63616999	-2.0548152
289	297	1082	0.3799544	-1.262977
290	346	1083	0.54932644	-0.078583194
290	426	1084	0.43515594	1.2286311
291	362	1085	0.31048327	-1.9033518
292	380	1086	0.56593204	0.41716843
292	403	1087	0.89827465	1.890865
292	462	1088	0.90639012	2.4857547
293	312	1089	0.51988276	-2.6153843
293	383	1090	0.91519809	2.8576262
293	425	1091	0.64407508	1.657303
293	447	1092	0.33730144	-0.89425959
293	484	1093	1.3119624	-3.0112772
294	344	1094	0.3651383	2.5983219
295	361	1095	0.35478464	-2.7521193
297	325	1096	0.46643591	-2.2742549
297	390	1097	0.22964762	0.70729139
298	353	1098	0.35347652	-0.89460948
298	434	1099	0.36009153	1.0701718
299	321	1100	1.2185573	0.10179026
300	302	1101	1.4512573	1.3799045
301	309	1102	0.94404623	1.4252866
301	386	1103	0.72738617	0.25180592
301	391	1104	0.86717951	-2.4419761
301	465	1105	0.86495546	-1.6745165
302	373	1106	0.86261425	1.28905
303	437	1107	1.3726139	-2.0257698
303	471	1108	0.41074557	-2.6338528
303	489	1109	1.0558325	1.663925
303	499	1110	0.560105	1.9046934
305	456	1111	0.50586919	3.1062236
306	454	1112	0.59767942	1.8823332
307	371	1113	0.78992718	2.9839194
307	374	1114	0.81202685	-0.69549427
307	456	1115	1.0270943	-1.9534906
308	322	1116	0.89622171	-0.70412681
308	333	1117	0.71529421	0.36013358
308	460	1118	0.6640464	1.4053059
309	341	1119	1.0512527	0.79134953
309	386	1120	0.94281229	-0.92480528
309	448	1121	0.99237912	-0.17918401
311	346	1122	0.57634202	-1.5420032
311	426	1123	0.40421634	-2.8322682
312	447	1124	0.66073772	-0.0028664403
313	449	1125	0.17687412	1.6940158
314	351	1126	0.036629967	-0.12629995
314	455	1127	0.75645664	2.5671274
314	492	1128	0.28844225	-1.2353942
315	327	1129	0.67966883	0.16867252
315	356	1130	1.2999455	-0.76046182
315	374	1131	1.3653977	2.7791265
315	412	1132	0.97391002	-1.9027705
315	416	1133	0.78811584	1.7996262
316	459	1134	0.12545804	2.3809188
317	332	1135	0.4710011	2.9637341
317	396	1136	0.78860269	-0.39475277
317	464	1137	1.0132075	-0.015873125
318	480	1138	0.54835976	-1.6375481
319	409	1139	0.66251059	1.4527555
319	449	1140	0.24562689	1.0663145
319	469	1141	0.5895932	-2.4641773
320	405	1142	1.3000129	-1.0363257
320	412	1143	1.2164235	-0.28470288
320	456	1144	1.0177841	2.4732056
321	352	1145	0.95284549	-0.69902069
321	417	1146	0.51344039	0.42185369
321	494	1147	0.42064694	-3.0173931
322	333	1148	0.83236717	1.5872222
322	420	1149	0.61626665	0.095870366
322	443	1150	0.60908299	0.78162756
323	340	1151	0.2749117	2.3141178
323	397	1152	0.25910559	-1.6866942
323	401	1153	0.3294435	0.22189088
323	427	1154	0.69323058	1.3971951
324	492	1155	0.92340958	1.8586704
325	347	1156	0.4276016	-2.0061622
325	370	1157	1.030972	-3.0044604
325	371	1158	0.61761237	-0.8539168
325	389	1159	0.63970824	0.42740422
326	397	1160	0.94913957	2.2902281
326	401	1161	1.0791863	1.82761
326	402	1162	1.2205692	-1.3117224
327	356	1163	1.0460262	-1.3079291
327	416	1164	1.0712072	2.4854889
328	361	1165	0.93611312	0.71451967
328	384	1166	0.65044095	-1.8951074
329	380	1167	0.64947227	2.6839418
329	465	1168	0.76481532	1.120444
329	484	1169	1.0068071	-0.3023645
331	411	1170	1.1128326	2.3177529
331	457	1171	0.65332298	2.4351254
333	395	1172	0.83131113	-0.58544224
333	443	1173	0.60121872	-0.73505747
333	460	1174	0.6898911	2.5179299
334	396	1175	0.48024866	-2.8538265
335	421	1176	0.42566229	0.1796869
335	436	1177	1.1814515	2.4737992
336	382	1178	1.064136	-1.4314214
336	451	1179	0.67459183	-2.5657789
336	479	1180	0.32658688	1.291833
337	343	1181	0.39753686	3.0194529
337	385	1182	0.39907444	2.28134
337	387	1183	0.59231281	-1.9210917
338	379	1184	0.61762303	-2.1836791
338	468	1185	0.83356285	0.77532631
339	401	1186	0.83243127	2.3952551
339	474	1187	0.31152896	-0.59752531
340	382	1188	0.62156823	-2.6310917
341	448	1189	0.95466195	-1.3192905
342	446	1190	1.1744306	-1.4506438
343	385	1191	0.28736962	1.0845904
343	387	1192	0.63431374	-1.2644274
345	395	1193	0.91442216	1.6185481
345	419	1194	0.91386991	-1.8008161
345	420	1195	0.6093748	1.751322
345	479	1196	0.2475203	-2.6614295
347	371	1197	0.59128222	-0.13209746
347	428	1198	0.91314546	3.1119616
348	407	1199	0.30844479	3.1173902
348	442	1200	0.97281094	-1.1665929
348	466	1201	0.9248841	1.8820541
349	387	1202	1.0109987	1.1468189
349	408	1203	0.12717535	-1.1730856
349	463	1204	0.072141265	0.6050072
350	375	1205	0.35090505	-2.4990053
350	467	1206	0.33936548	-0.95949856
351	492	1207	0.27409357	-1.3553292
352	363	1208	0.91190298	-0.22774231
353	475	1209	0.76451308	-2.953362
353	476	1210	0.7693124	-0.44339341
354	366	1211	1.1497476	-1.4935155
354	402	1212	1.00728	0.9374962
354	469	1213	0.70310396	-1.247209
355	388	1214	0.46266612	1.6398234
355	403	1215	0.48264259	0.21984407
355	462	1216	0.19783866	-1.3913875
356	377	1217	0.60418818	0.45718793
356	412	1218	1.2594837	-3.1219485
356	429	1219	0.94394369	-0.74766261
357	363	1220	1.0857462	2.2251521
358	365	1221	0.50911996	-0.55563217
358	424	1222	0.3175226	0.34050391
359	405	1223	1.0241792	0.5930734
359	450	1224	1.2674725	2.8183817
360	438	1225	1.5960364	-2.2141421
363	381	1226	0.59050461	1.434533
364	426	1227	1.0029108	-0.089619522
365	460	1228	0.87435956	-0.33627284
366	469	1229	0.49828274	1.2968522
367	384	1230	0.091309168	0.9761035
368	381	1231	0.43704717	-0.71632845
368	423	1232	0.76905661	-0.44022733
368	424	1233	0.64492132	2.8216228
369	382	1234	0.93621068	0.61263306
369	429	1235	0.85752334	-2.3669249
369	451	1236	1.2259495	1.528122
370	428	1237	0.23115313	-1.8865877
370	468	1238	0.7195554	-2.1660268
371	378	1239	0.83760069	-1.9930776
371	389	1240	0.75174084	1.3339735
371	456	1241	1.1475403	-1.2179185
373	384	1242	0.9039486	1.4071313
374	416	1243	1.1339004	0.25263674
374	456	1244	1.0959057	-2.735927
375	467	1245	0.48047088	-0.14120844
375	477	1246	1.1594514	-2.0713952
377	429	1247	0.92082308	-1.4071268
377	451	1248	1.2262987	0.84364885
378	404	1249	0.95136301	-2.1491864
378	456	1250	0.80328227	-0.39999399
380	391	1251	0.78206697	1.118724
380	403	1252	1.014203	2.4796827
380	465	1253	0.99975297	0.41336551
381	423	1254	0.36836191	-0.11086774
382	419	1255	0.59415467	1.6495344
382	451	1256	0.99023314	2.3755885
383	425	1257	0.90861832	0.43786425
383	484	1258	0.600473	-2.3507775
385	474	1259	0.33739666	1.7349695
386	398	1260	0.98328847	-0.97174749
386	448	1261	0.70637332	0.95340444
387	463	1262	0.9499186	-1.9555999
388	403	1263	0.61636296	-0.61638119
388	442	1264	0.75174571	2.7517546
388	445	1265	0.55052681	0.99312365
389	390	1266	0.26210239	1.9866595
391	403	1267	1.1444642	-3.0715031
391	465	1268	0.64848275	-0.48426974
392	407	1269	0.18550744	0.02149836
392	482	1270	0.91906223	-1.0869024
393	448	1271	1.1421679	-2.6917288
394	418	1272	0.015668948	1.3059321
395	443	1273	0.25319862	2.9179273
396	464	1274	0.40469822	0.78901756
397	401	1275	0.48191912	0.75390576
398	425	1276	0.66345937	-0.6579041
399	430	1277	0.91430892	2.3021773
399	470	1278	0.84520313	-1.6948263
400	407	1279	1.3430255	1.9729688
400	442	1280	0.3726382	1.1113024
400	462	1281	1.1092492	-0.58004073
400	482	1282	0.5053911	2.1665094
401	427	1283	0.64275111	1.8898728
402	409	1284	0.48030129	-1.2203861
403	445	1285	0.84216744	1.8133918
403	462	1286	0.52896488	-2.5387481
404	439	1287	1.0635052	-1.6258197
405	412	1288	0.9268684	0.99427152
407	442	1289	1.1361341	-0.9170595
407	466	1290	0.87333907	1.5420487
407	482	1291	0.85262941	-1.2828775
408	485	1292	0.62013869	-2.2716987
411	432	1293	0.08496095	1.4896194
411	457	1294	0.47026959	-0.98725191
411	481	1295	0.70264353	1.9621728
413	486	1296	0.52549115	-1.6586672
413	494	1297	0.69518251	1.6319556
414	489	1298	1.2764339	-1.2750376
414	497	1299	0.79398573	1.4633639
417	424	1300	0.29129581	0.1572352
419	479	1301	0.77554523	1.5852012
420	443	1302	0.41201751	2.0259665
421	452	1303	0.93050562	2.2915453
422	457	1304	0.30254101	-1.7687224
422	481	1305	0.94849838	2.2376115
423	455	1306	1.035616	-0.75279889
428	468	1307	0.50143829	-2.2935178
429	430	1308	1.3960259	-0.82329537
431	483	1309	1.0007586	-2.0739596
431	496	1310	0.57749585	-2.8174346
432	481	1311	0.62818496	2.0237716
433	493	1312	0.48051159	-0.51681521
435	466	1313	0.49670066	-1.0711338
436	452	1314	0.73368193	0.059399932
439	450	1315	0.818553	-0.47397374
439	487	1316	0.32172668	-1.6262264
440	454	1317	1.2964102	-1.80298
440	468	1318	0.62330978	1.8355753
445	446	1319	0.83949867	1.6310044
445	495	1320	0.84212552	0.86421378
446	495	1321	0.6290523	-0.3193145
450	487	1322	0.74797727	3.0715118
453	481	1323	0.27850863	-0.42886394
457	481	1324	1.1677159	2.0391645
461	467	1325	1.3035049	-1.7630016
471	499	1326	0.74967728	1.334686
472	480	1327	0.79568104	-1.8802516
472	488	1328	0.58346602	-1.6556926
473	490	1329	0.48145927	2.6011754
476	498	1330	1.8588306	-0.05756712
478	493	1331	0.44345464	2.6473523
480	488	1332	0.26143405	0.74124069
483	496	1333	0.69581652	1.6641381
485	489	1334	0.35002012	2.5327665
486	498	1335	0.73523392	-0.62248159
489	499	1336	0.52902012	-1.7328895
65	1	1337	0.49465635	-1.6299209
142	1	1338	1.242496	-1.4129129
237	1	1339	0.88525968	0.98697309
337	1	1340	1.0339536	-1.552762
387	1	1341	0.52649508	-1.1357079
408	1	1342	0.81330358	0.7616787
91	2	1343	0.27417875	-1.0411251
121	2	1344	1.3233478	2.6789741
137	2	1345	0.52224681	3.0335846
331	2	1346	0.2632199	-0.55849379
132	3	1347	1.4855118	-1.9551051
360	3	1348	0.074004731	-1.30414
438	3	1349	1.5517168	0.88978842
26	4	1350	1.040023	-1.3732159
65	4	1351	0.66553885	-1.6482477
319	4	1352	0.90794442	0.97852201
409	4	1353	0.43932021	0.21889013
449	4	1354	0.66361307	0.94606289
13	5	1355	1.1202222	0.64952362
22	5	1356	1.4540779	-2.6201846
73	5	1357	1.2697225	1.2083982
149	5	1358	0.70553236	-0.30527893
128	6	1359	0.44833229	2.577308
268	6	1360	0.34755917	-2.3661034
453	6	1361	0.22009959	1.5563439
19	7	1362	1.1391776	0.63732055
67	7	1363	0.58714439	1.2552596
94	7	1364	0.88163277	-1.0774156
194	7	1365	1.04043	-2.4626007
410	7	1366	0.50359817	3.1283939
89	8	1367	0.56392764	-0.17394951
104	8	1368	0.31474547	-2.7259815
257	8	1369	0.43880953	0.22854228
295	8	1370	1.1113782	0.35358314
434	8	1371	0.62891656	-2.9411334
52	9	1372	0.92836401	2.0980788
116	9	1373	0.5108406	-1.3780334
254	9	1374	0.70346382	-1.8244296
392	9	1375	0.35524552	2.9421728
67	10	1376	0.8141096	-2.3696698
259	10	1377	0.62178576	0.37654705
266	10	1378	0.61435073	-3.1146725
376	10	1379	0.26543322	0.50297824
418	10	1380	0.19003475	0.56151158
13	11	1381	0.23534265	2.4348258
24	11	1382	0.55688903	-1.1776504
31	11	1383	0.84023188	1.1189409
149	11	1384	0.83745835	-2.0662762
373	11	1385	0.35122681	-0.52415406
444	11	1386	0.67246402	-1.8058521
32	12	1387	0.69022662	-0.43685114
69	12	1388	0.56544417	1.8702264
230	12	1389	0.71730038	-0.47622497
351	12	1390	0.12860332	-1.2971558
492	12	1391	0.14589951	1.734993
31	13	1392	0.81341897	0.83517194
73	13	1393	0.67466371	2.2851161
149	13	1394	0.91618194	-1.8123968
116	14	1395	0.74181194	1.6370382
147	14	1396	0.63535467	1.9467181
155	14	1397	0.25403389	-1.1032861
226	14	1398	0.61644827	-1.0342451
251	14	1399	0.13201813	-0.37280586
255	14	1400	0.60824357	-1.9878287
268	14	1401	1.1558477	1.7856508
300	14	1402	1.1141867	-1.4594325
53	15	1403	0.46809586	0.89405687
96	15	1404	0.30616999	-3.0425181
205	15	1405	0.85747773	-2.4863271
239	15	1406	1.4637515	0.24842675
447	15	1407	0.24953449	-0.084071072
464	15	1408	0.97783701	0.43709929
35	16	1409	0.20468879	0.62122726
87	16	1410	0.87338445	-2.6738555
108	16	1411	0.92096587	-1.7908518
183	16	1412	0.80829895	0.17495076
296	16	1413	0.75265553	-0.61756012
144	17	1414	0.8122054	-0.6924936
196	17	1415	0.87477163	2.7295852
221	17	1416	1.4459558	2.3035064
256	17	1417	0.94607959	-0.022692412
352	17	1418	0.79312406	-1.0492986
363	17	1419	0.68950995	-2.3679158
498	17	1420	1.0280752	0.3967942
103	18	1421	0.55652413	0.33085621
152	18	1422	0.10190469	1.8999932
159	18	1423	0.038772717	0.46723642
67	19	1424	0.74304798	-2.9797891
259	19	1425	0.80089769	1.0066318
262	19	1426	0.66922373	-0.48997944
376	19	1427	0.58198704	1.4284154
139	20	1428	1.3248597	1.8877043
272	20	1429	0.43099664	-1.0465744
146	21	1430	0.43017155	0.40733712
190	21	1431	0.6317147	-2.2764848
294	21	1432	0.76528449	0.61517291
344	21	1433	0.97106236	0.26346502
125	22	1434	0.84272063	-0.71699463
330	22	1435	0.17616615	-0.78798796
415	22	1436	0.89402759	-0.18235889
476	22	1437	1.3900543	-2.5530099
90	23	1438	0.34525991	1.3077622
173	23	1439	0.24673242	-2.3839638
263	23	1440	0.47999563	1.8144417
281	23	1441	0.88167476	1.4101061
302	23	1442	0.3790473	-2.6900478
304	23	1443	0.93847578	-1.6431545
229	24	1444	0.61873159	-2.1850471
373	24	1445	0.35056567	1.3090011
384	24	1446	0.55613106	-1.6726633
444	24	1447	0.39540836	-2.7808443
143	25	1448	0.80423276	2.8196339
188	25	1449	0.61178119	-0.27438227
478	25	1450	0.28178363	2.445501
493	25	1451	0.17666789	-0.16875467
50	26	1452	0.44292694	0.71204203
65	26	1453	0.43848262	2.1932512
129	26	1454	0.54296635	-0.90924755
339	26	1455	1.0593223	-1.2188113
59	27	1456	1.3006922	0.858414
123	27	1457	0.54630038	2.2620747
132	27	1458	1.274718	-1.6321667
187	27	1459	1.1489123	0.7779359
225	27	1460	1.1190384	0.90509844
360	27	1461	0.49938705	0.067027934
471	27	1462	0.64898866	-2.2355382
107	28	1463	0.77932687	2.8749275
264	28	1464	0.72261006	-2.4428194
386	28	1465	0.99481843	-0.19986091
398	28	1466	0.74470174	0.97064782
425	28	1467	1.0255725	1.6727675
448	28	1468	0.95849876	-0.93899484
97	29	1469	0.5930581	2.531064
181	29	1470	0.93712067	-0.92997209
452	29	1471	1.334296	-0.60772985
265	30	1472	0.64919977	0.22213915
270	30	1473	0.31162615	-2.4160088
289	30	1474	0.42504076	0.80251807
297	30	1475	0.69164362	1.3071547
364	30	1476	0.65230783	-2.4675034
255	31	1477	1.8747846	1.5269394
302	31	1478	0.20486005	-0.52729276
230	32	1479	0.038735531	-1.2536116
241	32	1480	0.71319816	1.6385565
285	32	1481	0.68336576	-0.64848116
357	32	1482	0.76783964	0.62660884
363	32	1483	1.3471008	-0.31020877
455	32	1484	0.26028568	-1.2554848
91	33	1485	1.3836829	-0.67366996
95	33	1486	1.0049278	3.1024615
188	33	1487	0.72732393	2.8375403
277	33	1488	0.20568755	-1.7704867
292	33	1489	0.47656194	-2.6231567
51	34	1490	1.2397533	2.0171808
114	34	1491	0.89869962	-1.7084307
207	34	1492	0.52650683	0.65325905
372	34	1493	0.48066204	2.8846528
497	34	1494	1.1109746	1.6479429
87	35	1495	1.0761219	-2.6447706
102	35	1496	0.826448	2.1511217
183	35	1497	0.62988361	0.034229643
310	35	1498	0.494259	0.93610591
47	36	1499	1.234067	-1.03264
203	36	1500	1.3011764	1.5311992
224	36	1501	0.69669353	-0.71441301
253	36	1502	1.0335356	-2.3761066
309	36	1503	1.2346236	2.4721751
495	36	1504	1.0825069	0.95030864
122	37	1505	0.50677461	-3.0093931
170	37	1506	0.55235356	0.23028729
174	37	1507	0.18247145	-2.4990481
218	37	1508	0.7613116	-2.4856851
236	37	1509	0.75542901	0.2545102
153	38	1510	0.53147759	1.8280327
189	38	1511	1.240459	-1.4495118
234	38	1512	1.3173747	-1.0941816
430	38	1513	0.5954459	0.2943979
458	38	1514	0.65190168	3.1285031
94	39	1515	1.0892434	0.63221713
194	39	1516	0.84224279	1.997397
280	39	1517	0.34866622	-2.6856015
399	39	1518	0.96018422	-1.4443523
470	39	1519	0.25272405	-0.46713075
115	40	1520	0.58633382	1.6425072
154	40	1521	0.84187583	0.45324496
299	40	1522	0.15740238	-2.9421624
321	40	1523	1.3752956	-3.028645
494	40	1524	0.95468703	-3.0336027
378	41	1525	1.1877024	-1.8507514
404	41	1526	0.39464877	-1.0629655
439	41	1527	0.75951425	1.2348284
450	41	1528	1.1907745	1.9837872
110	42	1529	0.81296754	-1.0296721
193	42	1530	0.085539864	1.9400553
212	42	1531	0.25579676	1.1448326
214	42	1532	0.32166823	-0.81698297
385	42	1533	0.9675129	1.7743359
473	42	1534	1.1161434	-0.90297246
100	43	1535	0.20691683	2.0877605
152	43	1536	0.61201062	0.47570895
159	43	1537	0.64389812	0.31797902
358	43	1538	0.65123224	3.002251
417	43	1539	0.65719655	3.0958928
424	43	1540	0.94434148	-3.1250829
124	44	1541	0.74926208	-3.0525845
128	44	1542	0.28508849	0.74922856
147	44	1543	0.89920523	-1.1679001
268	44	1544	0.44571345	-0.70524646
436	44	1545	1.1624692	1.9423627
483	44	1546	1.0534564	-1.7364937
80	45	1547	0.52900984	2.0372675
88	45	1548	0.41908978	-1.7757152
173	45	1549	0.40052543	-0.65163048
245	45	1550	0.43288851	2.6638618
288	45	1551	1.1328406	1.3544877
316	45	1552	0.71421832	-1.4014375
379	45	1553	1.0091928	-1.5016928
320	46	1554	1.2441855	-2.4607699
359	46	1555	1.1968529	2.2803364
450	46	1556	0.65852002	0.87499517
456	46	1557	1.4238216	-1.6890791
54	47	1558	0.84041671	1.2013182
162	47	1559	1.0526046	-0.37566325
224	47	1560	0.61245831	1.7450587
253	47	1561	1.4199305	2.8972453
342	47	1562	0.93430684	0.66555065
359	47	1563	1.3259106	-2.572249
450	47	1564	1.1205718	-1.49479
189	48	1565	0.79979226	-0.17097517
397	48	1566	0.74218787	-1.4631634
458	48	1567	1.1038864	1.5832934
99	49	1568	0.57476006	2.0237913
130	49	1569	1.2605359	-0.44943163
192	49	1570	0.41479697	-0.12052801
365	49	1571	0.81823459	-2.235201
129	50	1572	0.71782526	-1.5732243
402	50	1573	0.37857893	1.4269901
409	50	1574	0.83316231	1.7039666
55	51	1575	0.7120536	1.7024034
76	51	1576	0.43393156	2.1122232
372	51	1577	0.99860729	-1.5003125
497	51	1578	0.44971252	-0.023582571
91	52	1579	1.2729499	2.1940961
392	52	1580	0.74149774	-1.4097016
422	52	1581	0.46568398	2.064983
481	52	1582	0.49622578	-0.74207464
482	52	1583	0.31925651	2.8829761
96	53	1584	0.71664684	-2.5574486
334	53	1585	0.46278114	0.44664332
396	53	1586	0.9400569	0.3657302
464	53	1587	0.59477842	0.082468738
224	54	1588	0.44769566	-2.7265606
342	54	1589	0.47839986	-0.44695468
446	54	1590	1.002253	1.2765897
76	55	1591	0.35850234	-1.9424414
213	55	1592	0.69216437	1.7409655
217	55	1593	0.54808739	-2.276874
414	55	1594	0.63238118	0.11554785
489	55	1595	1.3190268	1.3753756
497	55	1596	0.89902875	-0.92226469
120	56	1597	0.45499791	3.1153217
126	56	1598	0.95066622	-1.1624224
252	56	1599	0.51122843	-1.7745295
435	56	1600	0.36861429	0.40905341
466	56	1601	0.59114635	1.4004404
70	57	1602	0.98905492	2.2200355
84	57	1603	0.95444096	-0.6326042
246	57	1604	1.2736565	-0.52073953
314	57	1605	0.916162	2.4348005
333	57	1606	0.48351686	0.023370538
395	57	1607	0.51517045	1.9895639
423	57	1608	0.86976817	-0.64676408
455	57	1609	0.19396767	1.8943081
239	58	1610	0.4010757	2.2288151
287	58	1611	0.58505146	0.28347918
293	58	1612	1.247742	-2.8768077
312	58	1613	0.75753506	-3.0551248
329	58	1614	1.1517663	-0.40692648
484	58	1615	0.18352066	-1.0165875
85	59	1616	1.1011404	0.76997449
187	59	1617	0.18086072	-1.7471996
225	59	1618	0.19018342	-2.5613433
438	59	1619	0.68771269	0.49395531
66	60	1620	0.71836478	2.1210307
355	60	1621	0.64824918	2.580879
388	60	1622	0.53010993	-2.9193774
400	60	1623	0.35030041	-0.19692172
442	60	1624	0.44023253	-1.1538843
97	61	1625	0.38066592	-2.051409
182	61	1626	0.14006573	0.71894008
291	61	1627	0.73574855	2.8318157
200	62	1628	0.1531599	1.6672038
206	62	1629	1.1068796	1.031976
216	62	1630	1.0198079	1.0278325
236	62	1631	0.57284271	-1.8971908
279	62	1632	0.67205134	-2.408857
367	62	1633	0.15379226	1.0716272
69	63	1634	0.26355646	-0.35195372
211	63	1635	0.24311968	1.2393201
490	63	1636	0.53735453	0.68388541
143	64	1637	0.2210082	0.48900232
171	64	1638	0.44780481	-2.0817497
172	64	1639	0.78721965	2.7699321
291	64	1640	0.90493037	-0.40110204
362	64	1641	0.93638162	-0.063951894
406	64	1642	1.0180682	-2.8303885
478	64	1643	0.74239522	0.040453494
142	65	1644	0.76687302	-1.2735818
474	65	1645	1.2302256	-1.2710039
355	66	1646	0.31885091	-2.1456495
462	66	1647	0.22104753	-2.8053189
266	67	1648	0.55217423	1.626534
269	67	1649	0.4923014	2.9216214
376	67	1650	1.072323	0.70610282
410	67	1651	0.88001801	-2.464277
137	68	1652	0.70432464	2.7899174
208	68	1653	0.73508403	-0.76601875
331	68	1654	0.093750076	0.52316043
335	68	1655	0.59132843	2.9626467
411	68	1656	1.1373184	-0.74337779
432	68	1657	1.1914425	-0.79964492
436	68	1658	0.71547105	-1.0663909
150	69	1659	0.14134229	2.3452515
211	69	1660	0.36220605	2.0539763
241	69	1661	0.75364545	-0.16091477
492	69	1662	0.42133615	-1.2246634
112	70	1663	0.77386926	1.8957288
240	70	1664	0.46290695	1.6789333
314	70	1665	0.21667384	-2.0439176
395	70	1666	0.50150951	-0.68468925
123	71	1667	0.72246863	-2.4280708
491	71	1668	0.90554982	0.78966366
79	72	1669	0.39170477	-3.0537601
146	72	1670	0.76038693	-2.7588273
215	72	1671	0.7293479	0.61694531
294	72	1672	0.47552007	-3.1147379
344	72	1673	0.25905465	-2.2502517
431	73	1674	2.0262391	1.534149
92	74	1675	1.0732375	-1.475944
136	74	1676	1.112683	1.0170231
176	74	1677	0.79057553	-1.0984219
209	74	1678	1.1468069	-1.9203146
306	74	1679	0.7646008	0.71389965
404	74	1680	0.72704574	-2.0593856
439	74	1681	0.50625209	2.1634474
154	75	1682	0.54003812	-1.3950096
247	75	1683	0.23219247	2.7119273
298	75	1684	0.57092523	-0.12277318
353	75	1685	0.40206532	0.53728983
434	75	1686	0.55129911	-0.77517182
476	75	1687	0.63973403	2.1487743
77	76	1688	0.80551239	-1.7949985
217	76	1689	0.24023933	-2.7887493
217	77	1690	0.70386079	1.6366961
238	77	1691	0.04442545	-2.2174374
372	77	1692	0.75049791	-0.8888436
127	78	1693	0.27745063	-2.2465388
231	78	1694	0.32912339	-0.45221503
233	78	1695	0.25706443	-0.76509024
350	78	1696	0.3149967	-2.3641736
146	79	1697	0.40205424	-2.4717055
275	79	1698	0.62647003	0.50943367
491	79	1699	0.49039363	-2.1405567
126	80	1700	0.80942214	1.4249205
197	80	1701	0.43945784	2.3908656
245	80	1702	0.31023666	-2.06263
288	80	1703	0.7958042	0.92167626
106	81	1704	0.49938024	2.2267299
228	81	1705	0.41140964	2.5281787
254	81	1706	0.42822894	2.0847531
288	81	1707	1.375519	-1.5359542
435	81	1708	0.40186387	-2.6527827
488	81	1709	0.8814651	-1.1699426
89	82	1710	1.1662195	-2.5573212
236	82	1711	0.81590345	0.82948504
295	82	1712	0.51150018	-2.8217
328	82	1713	0.80446327	0.81831778
361	82	1714	0.15949294	-2.9769773
85	83	1715	0.90811557	-2.6022075
157	83	1716	0.6216842	0.83238127
177	83	1717	0.38740735	-0.9589598
275	83	1718	0.77384812	3.0925673
406	83	1719	0.99074322	0.24991811
246	84	1720	0.34219113	-0.20411247
333	84	1721	0.64290731	2.0324379
365	84	1722	1.1051251	-0.10498519
460	84	1723	0.32359341	0.56297975
177	85	1724	1.0127646	0.14794388
225	85	1725	1.2884105	-2.3994595
275	85	1726	0.50437782	1.5583704
438	85	1727	0.47775599	-1.9684941
491	85	1728	0.83316753	-2.8816983
272	86	1729	1.1379712	3.1274056
278	86	1730	0.53222534	-0.62357979
307	86	1731	1.182805	0.3689176
416	86	1732	0.90674036	2.3208515
108	87	1733	0.76792779	-0.71760607
156	87	1734	0.61145913	2.3052849
399	87	1735	0.69345855	-2.334308
245	88	1736	0.67881664	2.0271556
338	88	1737	1.1197368	-1.7506557
379	88	1738	0.616264	-1.3166126
454	88	1739	0.68403352	2.8782134
104	89	1740	0.84388344	-3.1066551
250	89	1741	1.0173308	0.81694064
265	89	1742	0.21548721	2.6918419
270	89	1743	1.0909319	-2.9045948
173	90	1744	0.57036576	-2.0619606
281	90	1745	0.53937608	1.4755498
288	90	1746	0.91377362	1.957164
472	90	1747	0.83389526	1.6883154
191	91	1748	0.30004658	-0.60506035
400	91	1749	0.5545033	-1.2953173
422	91	1750	0.81335514	-0.87371143
482	91	1751	1.0463662	-1.1426835
176	92	1752	0.4465373	0.9546075
198	92	1753	0.90959856	-2.2613901
209	92	1754	0.49444793	-3.1232779
440	92	1755	0.44585919	-0.62665398
279	93	1756	0.44760197	-2.3416344
284	93	1757	0.4758539	1.1157634
338	93	1758	0.65374316	1.3313292
370	93	1759	1.0039845	-2.5687662
379	93	1760	1.2492887	1.1499883
102	94	1761	0.24075906	0.46905919
140	94	1762	1.1020325	0.22303002
470	94	1763	1.0001353	-2.282305
188	95	1764	0.35785763	0.52201868
199	95	1765	0.61951546	2.5416258
287	95	1766	1.0830756	2.7616313
292	95	1767	0.65133503	-0.43666258
329	95	1768	0.55438944	-2.7378529
332	95	1769	1.007663	2.6109058
380	95	1770	0.50998748	-1.427516
205	96	1771	0.61893662	-2.2220991
215	96	1772	0.052415846	-0.82168995
344	96	1773	0.97945103	-2.3996054
171	97	1774	1.661781	2.8204547
181	97	1775	1.5116927	-0.80645671
291	97	1776	0.76876775	2.3220696
421	97	1777	1.0477379	-0.39459964
105	98	1778	0.26959855	-0.61575265
113	98	1779	0.64441618	-3.0131826
220	98	1780	1.0233035	0.18139084
322	98	1781	0.47338136	-2.4038702
336	98	1782	1.0031047	2.4361557
451	98	1783	1.0367655	1.7628359
119	99	1784	0.34841813	2.4821988
145	99	1785	1.141897	-0.54442083
192	99	1786	0.87242437	-0.70696291
243	99	1787	0.58021224	-2.0460773
260	99	1788	1.1077209	-0.070677386
272	99	1789	0.73217834	0.89402283
308	99	1790	0.99306895	-2.9207995
159	100	1791	0.71420801	0.030017441
321	100	1792	0.10492574	2.5284904
417	100	1793	0.57414438	-2.8775299
120	101	1794	1.1792075	-1.496417
180	101	1795	0.60803257	-2.9285746
276	101	1796	0.8057175	2.1318752
348	101	1797	0.45265045	0.65332035
445	101	1798	1.4236412	2.3686528
466	101	1799	0.88286312	-0.7554568
140	102	1800	0.87050058	0.15561775
156	102	1801	1.1737648	-2.4481542
470	102	1802	1.2262196	-2.3570632
152	103	1803	0.56561069	-2.991893
159	103	1804	0.51813825	-2.8209105
267	103	1805	0.62167689	0.13833314
364	103	1806	0.97310352	0.1197804
426	103	1807	0.20862765	1.7284498
270	104	1808	0.31383534	-2.3345882
434	104	1809	0.32837675	3.1359628
119	105	1810	0.86451338	-0.36914408
220	105	1811	0.85690604	0.40840211
308	105	1812	0.75137025	-1.4202455
322	105	1813	0.59313407	-2.8637506
228	106	1814	0.16207219	-1.7684932
254	106	1815	0.096777669	-0.23829435
392	106	1816	0.73261485	1.6769822
407	106	1817	0.77079765	1.9191491
466	106	1818	0.32421183	-2.6658884
262	107	1819	0.24148156	3.0949385
264	107	1820	0.69899071	-1.2828108
425	107	1821	1.040738	0.89944686
235	108	1822	0.87351448	-0.53966896
296	108	1823	0.9370113	0.51674579
399	108	1824	1.0580513	3.1377996
430	108	1825	0.81101825	-2.1551084
138	109	1826	0.27187896	-1.4025742
219	109	1827	0.54766332	0.62138318
375	109	1828	0.58583518	0.80379327
461	109	1829	0.8517262	-1.95359
467	109	1830	0.49427716	1.7111179
150	110	1831	0.86405115	-1.0667236
193	110	1832	0.89736644	2.0956176
210	110	1833	0.33478283	-0.57566553
214	110	1834	0.50315022	1.9765564
222	110	1835	0.41590218	-0.64179361
473	110	1836	0.32628557	-0.58268572
138	111	1837	0.8995386	1.4157496
195	111	1838	0.30642194	-2.4832539
237	111	1839	0.57669646	-2.154753
408	111	1840	0.69341098	-1.8896213
461	111	1841	0.43009494	2.120617
485	111	1842	0.2595828	-0.79067393
283	112	1843	0.46968522	1.8660158
314	112	1844	0.93804725	-1.4120115
401	112	1845	1.2080176	1.8185347
427	112	1846	0.5687495	1.7378955
322	113	1847	0.37289024	-0.68485622
336	113	1848	0.74341484	1.7391707
345	113	1849	0.5302598	2.5296674
420	113	1850	0.43855564	-2.4042001
479	113	1851	0.47066507	2.0440218
241	114	1852	1.0062139	-0.89614837
286	114	1853	0.90007704	2.5058108
372	114	1854	1.068422	1.8962157
490	114	1855	0.24073545	-1.3457941
154	115	1856	0.82761614	-0.26427593
247	115	1857	0.64292492	0.69608929
413	115	1858	0.94962558	3.1351063
486	115	1859	1.0472795	2.611384
251	116	1860	0.80682816	-1.3559003
254	116	1861	0.32792004	-2.5620636
268	116	1862	0.43626544	2.0401564
481	116	1863	0.98857995	1.7737391
263	117	1864	0.61604086	-2.1773927
281	117	1865	0.13866395	-2.3189027
318	117	1866	0.402089	1.6645844
480	117	1867	0.947461	1.5719352
151	118	1868	0.5909855	-1.4249099
178	118	1869	0.44125752	0.41995159
195	118	1870	0.7474608	-1.5909443
350	118	1871	0.92349595	1.0663365
467	118	1872	1.1151201	1.3432244
220	119	1873	0.65254778	1.6012135
272	119	1874	0.81630088	0.45311443
308	119	1875	0.81655873	-2.5856418
136	120	1876	1.3756965	-1.548287
162	120	1877	1.0420108	-2.2706625
180	120	1878	1.2498252	2.1479132
252	120	1879	0.62149179	-0.96985029
342	120	1880	0.93040955	2.9621579
441	120	1881	0.94959424	-1.0425943
466	120	1882	0.79606431	0.79923541
137	121	1883	0.85309006	-0.67681799
182	121	1884	0.37011637	2.9103348
188	121	1885	0.51887552	2.6305719
433	121	1886	0.47470761	2.8147005
174	122	1887	0.35880191	-0.1188486
218	122	1888	0.41013367	-1.8195737
297	122	1889	1.0075895	-2.7659216
325	122	1890	0.63575712	-3.1196125
370	122	1891	0.40604977	0.31801394
169	123	1892	1.0155873	1.0825824
303	123	1893	1.2037292	-1.9192277
437	123	1894	0.21739232	0.4862222
471	123	1895	0.93314352	-1.6266084
181	124	1896	1.4619149	2.2721264
431	124	1897	1.8513391	-1.5221779
452	124	1898	1.1790871	1.924274
483	124	1899	1.1284554	-1.0386722
160	125	1900	0.52872291	-0.74069188
330	125	1901	0.66711528	2.4433307
415	125	1902	0.46141543	1.0136675
475	125	1903	0.53227455	-2.2770671
197	126	1904	0.6661451	-2.2902763
252	126	1905	0.60793543	2.483465
288	126	1906	0.39987928	-0.43048668
441	126	1907	0.35957871	2.9619064
133	127	1908	0.64898463	-1.842328
178	127	1909	0.64002792	-1.7188442
231	127	1910	0.47516838	0.15352804
242	127	1911	0.35799519	-0.85366508
350	127	1912	0.051163415	-3.0540523
208	128	1913	1.100523	1.9888866
268	128	1914	0.50044097	-1.3066798
432	128	1915	0.67692568	1.7884855
326	129	1916	0.37889385	-0.23260944
339	129	1917	0.56683651	-1.5149343
401	129	1918	1.3010236	-1.054026
402	129	1919	1.0939284	1.5195846
201	130	1920	0.53230654	-2.3869646
311	130	1921	0.1233888	-0.064162164
426	130	1922	0.5210474	0.22281346
158	131	1923	0.37085389	1.6859378
164	131	1924	0.6088626	-2.3059512
278	131	1925	0.81506134	2.7991887
290	131	1926	0.91098283	-2.5479658
371	131	1927	1.1197776	0.91419055
389	131	1928	0.53068119	0.29872868
360	132	1929	1.4273456	1.155065
414	132	1930	1.7234088	-1.6934525
471	132	1931	0.82685342	1.9710062
489	132	1932	0.76113392	-2.4431164
178	133	1933	0.080036388	-0.097861407
242	133	1934	0.5420927	0.71495676
366	133	1935	0.29510459	-0.72198254
469	133	1936	0.6802736	-1.443038
168	134	1937	1.3158135	2.5567013
175	134	1938	1.2411363	-2.5254312
253	134	1939	1.1559379	0.59946754
341	134	1940	1.3866891	1.5761843
359	134	1941	1.281433	-0.32247193
405	134	1942	1.0447723	-1.2127815
319	135	1943	0.34880223	2.2617088
354	135	1944	0.46156889	-0.06125977
402	135	1945	0.8510472	-1.7305894
409	135	1946	0.49149502	-2.2280921
469	135	1947	0.68097864	1.2151139
162	136	1948	0.90962145	2.4526235
197	136	1949	0.36256007	-0.027956759
245	136	1950	0.79307199	-0.82655185
306	136	1951	0.44579752	-1.5870919
439	136	1952	1.0151258	-2.596349
441	136	1953	0.71314227	0.89224635
454	136	1954	1.0297882	-1.3991057
487	136	1955	0.87453338	-2.9046997
182	137	1956	1.1977402	2.5983444
331	137	1957	0.76780831	-0.25783267
335	137	1958	0.15862956	-1.0470735
421	137	1959	0.40100176	-2.5803094
219	138	1960	0.71009251	0.97280537
303	138	1961	0.32167616	-0.76248189
485	138	1962	1.0741547	-1.5301304
220	139	1963	1.3429568	-1.6641404
327	139	1964	0.44661249	-0.83562398
356	139	1965	0.67940126	1.5299558
377	139	1966	0.65913239	2.4661263
183	140	1967	0.83475509	-1.3007764
262	140	1968	0.89575731	1.5554456
264	140	1969	0.5015324	0.44123987
310	140	1970	0.44292436	-1.8305997
285	141	1971	0.33043918	1.8828133
381	141	1972	0.61812002	-0.45028984
455	141	1973	0.74149404	2.437912
337	142	1974	0.26186751	2.3114993
385	142	1975	0.13755287	-0.91769155
474	142	1976	0.4633593	-1.2667373
172	143	1977	0.9462607	2.9479736
199	143	1978	0.58579455	-0.43883283
317	143	1979	0.29107951	-3.1232214
332	143	1980	0.19399485	-0.47474779
396	143	1981	1.0616453	2.8571382
478	143	1982	0.55163935	-0.1341731
321	144	1983	0.92806966	-1.0026381
352	144	1984	0.28549624	-2.5075149
413	144	1985	0.87504468	-0.041462466
192	145	1986	0.31444814	3.0627994
260	145	1987	0.52894608	1.326096
311	145	1988	0.71807477	-0.73387372
346	145	1989	0.52533238	0.1821706
169	146	1990	0.75995493	-2.6145291
294	146	1991	0.35562586	0.86743592
491	146	1992	0.17096194	-1.2701161
255	147	1993	1.1471766	-1.5822252
268	147	1994	0.5384454	1.5952672
483	147	1995	0.56734749	-2.7589687
496	147	1996	1.0155152	-2.0425136
232	148	1997	0.28789944	-1.7536427
266	148	1998	0.47060707	-2.8699877
394	148	1999	0.32579642	0.020236546
418	148	2000	0.32174102	-0.026515105
229	149	2001	0.38109272	-0.83807452
258	149	2002	0.4243348	-1.4611985
415	149	2003	1.2517445	-2.5726602
444	149	2004	0.25534627	0.33012754
210	150	2005	0.59032903	1.8041472
211	150	2006	0.23042055	1.8768969
492	150	2007	0.55303483	-1.1183109
178	151	2008	0.82772522	1.1777728
195	151	2009	0.19140054	-2.1264903
319	151	2010	0.30368613	-2.0328613
469	151	2011	0.33843638	0.29286752
201	152	2012	0.41514866	-2.6678979
358	152	2013	1.2040371	-2.9832697
426	152	2014	0.60130179	0.50401575
202	153	2015	0.87099494	-2.6219281
280	153	2016	1.1878703	1.8608648
354	153	2017	0.84497438	2.7033595
399	153	2018	0.35214548	1.2994784
430	153	2019	0.78326811	-0.45073575
458	153	2020	0.72277041	-2.3671284
247	154	2021	0.69877398	2.023322
267	154	2022	0.380879	-2.1745577
270	154	2023	0.41887969	-0.19852079
299	154	2024	0.99502057	-2.7280794
434	154	2025	0.33301026	0.45349536
226	155	2026	0.36344235	-0.98600742
251	155	2027	0.17888976	1.5234563
318	155	2028	0.81475166	-1.2294007
480	155	2029	0.37995161	-0.61944134
399	156	2030	0.95731224	-1.6436646
470	156	2031	0.12118532	-1.2789641
172	157	2032	0.86639531	0.45777205
215	157	2033	0.80049775	-2.7961859
275	157	2034	1.2638597	-2.8012954
334	157	2035	0.42730212	1.012704
406	157	2036	0.58251649	-0.377516
278	158	2037	0.73130352	-3.0116788
307	158	2038	0.64484032	1.6545957
371	158	2039	0.89229285	0.62012257
267	159	2040	1.13512	0.22120271
299	159	2041	0.44349504	0.37578211
321	159	2042	0.80064902	3.0929385
244	160	2043	1.0964826	0.55460415
257	160	2044	0.68354647	-2.1861099
258	160	2045	1.3833045	0.80903349
361	160	2046	0.56598364	-0.24640644
475	160	2047	0.73722043	-3.0762111
273	161	2048	0.7282675	-2.0985142
329	161	2049	0.62172081	-0.047205736
383	161	2050	0.77827922	-2.939226
484	161	2051	0.43453896	2.469757
342	162	2052	0.99361719	1.8192091
450	162	2053	1.1549945	-2.4561307
487	162	2054	0.79737287	-1.7574513
358	163	2055	0.354317	-0.54570611
365	163	2056	0.15486035	2.5632483
368	163	2057	0.61482336	-2.9994699
424	163	2058	0.28996066	-1.5585052
261	164	2059	0.77578786	0.079155434
290	164	2060	0.35157586	-2.9759567
389	164	2061	1.0989227	0.58605658
426	164	2062	0.679523	-2.3820801
321	165	2063	0.9831436	0.056232792
352	165	2064	0.71438448	1.2099689
363	165	2065	1.0812156	2.1998255
368	165	2066	0.38673554	3.1357355
381	165	2067	0.77254768	2.7578469
417	165	2068	0.53605205	-0.2932884
424	165	2069	0.30177325	-0.727085
229	166	2070	0.39031024	1.7156918
244	166	2071	0.3369992	-2.5926091
328	166	2072	0.28030783	-1.4404743
240	167	2073	0.61968604	-1.354155
340	167	2074	0.72434675	1.3660164
427	167	2075	0.27832897	2.1766043
175	168	2076	1.4461862	-1.5125456
183	168	2077	1.0066524	2.0884455
235	168	2078	0.96570187	-2.453155
296	168	2079	0.74294877	2.7285031
341	168	2080	1.2740192	0.54474493
393	168	2081	1.1023801	1.7315893
190	169	2082	0.30696041	-2.0733732
437	169	2083	0.84459175	-1.913941
491	169	2084	0.74056444	0.30015828
174	170	2085	0.72324227	-2.8100426
236	170	2086	0.20367733	0.32024133
271	170	2087	0.38082793	-2.8882135
279	170	2088	0.19932177	2.2331304
177	171	2089	1.5641684	-2.8274756
291	171	2090	1.0527487	0.035434458
406	171	2091	0.75432013	3.0368397
334	172	2092	0.55128374	-3.1045112
396	172	2093	0.14695874	2.233391
406	172	2094	0.64242442	-1.9464501
206	173	2095	0.82566586	-1.5749528
216	173	2096	0.9036652	-1.6200469
288	173	2097	1.3514539	1.6265573
316	173	2098	0.50183219	-1.9765403
459	173	2099	0.55797382	-1.764115
271	174	2100	0.34486199	0.41789273
235	175	2101	1.1738959	2.3560465
356	175	2102	1.1307938	-1.9186728
405	175	2103	1.403531	-0.18724172
412	175	2104	1.3570351	-0.8712543
429	175	2105	1.1570696	-2.7689669
306	176	2106	1.2242489	1.3916215
440	176	2107	0.63431299	-1.4075715
454	176	2108	0.75184825	1.0076329
406	177	2109	0.92728539	0.65133396
438	177	2110	1.3251987	-2.6803826
350	178	2111	0.63005287	1.5017926
469	178	2112	0.66694635	-1.5602692
240	179	2113	0.99084779	-1.9257639
340	179	2114	0.50751529	2.2794152
382	179	2115	0.72093006	1.2722696
419	179	2116	0.27625703	0.35772619
342	180	2117	0.91176968	-1.8298387
445	180	2118	1.2002921	1.9325844
446	180	2119	0.47023939	2.4915078
452	181	2120	0.53522875	-0.019976093
291	182	2121	0.81687108	2.9792335
362	182	2122	0.82326327	2.5984066
421	182	2123	1.0786784	-0.88174502
433	182	2124	0.11200453	2.4936748
478	182	2125	1.034907	2.6203017
264	183	2126	1.0445172	1.3479691
296	183	2127	0.60465919	-1.877097
310	183	2128	0.50489097	2.3001535
393	183	2129	0.3859902	0.58577984
198	184	2130	0.35024237	2.4041091
347	184	2131	0.4856149	-2.5386103
371	184	2132	1.0056926	-2.9439127
428	184	2133	0.59531985	-0.53290782
440	184	2134	0.95922898	0.78090704
468	184	2135	0.84763889	0.086982246
206	185	2136	0.43209155	1.2937186
249	185	2137	0.65165647	1.3421579
367	185	2138	0.54865239	-2.3262076
384	185	2139	0.63895191	-2.303337
305	186	2140	0.59797012	-0.012385303
315	186	2141	1.1804608	3.1192502
320	186	2142	0.67779618	1.1045444
374	186	2143	0.46783592	-1.3630029
412	186	2144	1.281158	2.3096234
456	186	2145	1.1037669	-0.022918293
360	187	2146	0.83656634	-1.9635441
438	187	2147	0.81253061	0.66927287
199	188	2148	0.83919535	2.9359643
433	188	2149	0.10138099	-1.5410272
493	188	2150	0.43649554	2.824525
227	189	2151	0.43842928	-2.0071237
234	189	2152	0.45834625	0.13301948
458	189	2153	1.476613	2.1449026
219	190	2154	1.1093149	-2.1128859
248	190	2155	0.79915551	0.41700029
375	190	2156	1.0446619	-2.1955949
437	190	2157	0.54371265	-1.8241917
477	190	2158	0.1784282	1.8816631
331	191	2159	0.31302649	2.1150643
422	191	2160	0.53008821	-1.0245249
457	191	2161	0.36955789	-0.43671112
311	192	2162	0.98621651	-0.53838451
210	193	2163	1.2053866	-0.91977956
385	193	2164	0.88325766	1.7583593
474	193	2165	0.54601032	1.7728118
231	194	2166	0.34390537	1.7358702
233	194	2167	0.34778833	2.0720694
242	194	2168	0.29082638	-3.1304038
280	194	2169	0.9209779	-1.5322835
366	194	2170	0.73190329	-2.283682
410	194	2171	0.72757608	1.136544
237	195	2172	0.30322761	-1.8226593
313	195	2173	0.22957202	-2.4368054
319	195	2174	0.1145305	-1.8759766
449	195	2175	0.35860789	-2.0120045
461	195	2176	0.55445762	1.53897
221	196	2177	0.74325556	1.7955007
357	196	2178	0.35372707	3.0584846
363	196	2179	0.8873989	-1.2159405
245	197	2180	0.59931374	-1.2747898
441	197	2181	0.57168811	1.4212139
209	198	2182	0.69733054	1.4485344
371	198	2183	0.84607998	-2.6043114
378	198	2184	0.50665301	2.4296555
440	198	2185	1.0382613	0.43731393
332	199	2186	0.39198669	2.7205313
216	200	2187	0.90154546	0.9262887
279	200	2188	0.77294506	-2.248805
284	200	2189	0.15092181	1.3287803
459	200	2190	1.177488	1.1519012
358	201	2191	0.81954222	-3.1410436
365	201	2192	1.2804556	2.9306525
426	201	2193	1.0163376	0.49163194
326	202	2194	1.2358235	-1.8097812
354	202	2195	0.79113566	1.5823186
402	202	2196	0.60559147	-3.1071336
204	203	2197	0.63281118	0.88585848
301	203	2198	0.96920428	2.7161279
309	203	2199	1.1510618	-2.6591425
445	203	2200	1.1461576	0.19409907
495	203	2201	0.71406401	-0.62783034
391	204	2202	0.77674008	2.4943827
403	204	2203	0.75718243	0.81014809
445	204	2204	0.77264612	-0.35561804
248	205	2205	1.1243137	-2.5998933
259	205	2206	0.25905998	-0.97895675
344	205	2207	0.38603309	-2.6866386
394	205	2208	0.42351331	-2.2582208
447	205	2209	1.0553424	0.49526501
216	206	2210	0.087182989	-2.0611299
249	206	2211	0.22106403	1.4369423
304	206	2212	0.129187	0.47596805
367	206	2213	0.95322775	-2.1160122
221	207	2214	1.8252886	-1.0270853
414	207	2215	1.6316852	1.8302354
497	207	2216	0.93496816	2.1397638
432	208	2217	0.45744208	-0.85369643
436	208	2218	0.21789973	-2.576115
378	209	2219	0.59163169	-2.4850358
404	209	2220	0.43851953	1.4531821
282	210	2221	0.64161538	1.8671821
324	210	2222	0.21952674	-1.0133955
492	210	2223	1.136515	-1.2314664
222	211	2224	0.28827796	1.6219847
238	212	2225	0.44921962	1.3388728
286	212	2226	0.62784215	-1.2120452
385	212	2227	0.77551036	1.9697706
473	212	2228	1.2543418	-1.0851433
217	213	2229	1.1247713	-1.7843809
223	213	2230	0.29914081	1.315696
349	213	2231	0.34447468	2.4460689
463	213	2232	0.37031996	2.6349259
489	213	2233	0.71667924	1.0228476
275	215	2234	0.46339048	-2.810122
334	215	2235	1.1665116	0.57408983
459	216	2236	0.36048562	1.7456403
238	217	2237	0.73804934	-1.5442584
343	217	2238	0.32464181	-2.4529242
385	217	2239	0.60010339	-2.2671787
387	217	2240	0.59506614	2.4079054
250	218	2241	0.52908375	0.28965795
265	218	2242	0.62756932	-2.2278928
289	218	2243	0.79491781	-2.7075875
303	219	2244	0.82614436	-1.7745386
375	219	2245	0.11001358	1.930579
437	219	2246	0.60813379	0.77133306
272	220	2247	0.8094045	-0.37292035
241	221	2248	0.96071995	-2.6729813
357	221	2249	0.71989013	-1.8334214
498	221	2250	2.0316895	-0.34000845
473	222	2251	0.092223149	2.2892447
490	222	2252	0.39470262	-0.46864853
408	223	2253	0.39221481	3.0175558
485	223	2254	0.52258215	1.550261
489	223	2255	0.43885451	0.82477878
491	225	2256	0.6723717	1.3543359
263	226	2257	1.3922239	-1.7450549
300	226	2258	0.60832037	-1.8906783
318	226	2259	0.47025059	-1.4167543
234	227	2260	0.78674086	0.6215908
323	227	2261	0.72054134	-2.4458625
340	227	2262	0.75888674	-2.0756147
382	227	2263	0.40087089	-1.1182496
397	227	2264	0.56165229	-2.7689967
435	228	2265	0.42593599	-1.6140041
466	228	2266	0.25659425	3.1009035
244	229	2267	0.60773672	-1.9609174
258	229	2268	0.25030776	-2.5552441
328	229	2269	0.67060074	-1.4319924
384	229	2270	0.30380513	-0.1573851
444	229	2271	0.36630523	1.6072585
274	230	2272	0.32853124	2.7493152
351	230	2273	0.6366461	2.813732
455	230	2274	0.22155022	-1.2558123
233	231	2275	0.1157899	-2.841487
248	232	2276	0.3187256	3.0241978
266	232	2277	0.43058955	2.7687542
394	232	2278	0.47630352	0.65380407
269	233	2279	1.2200811	0.9810347
350	233	2280	0.41217167	-3.0372999
375	233	2281	0.21133008	2.2274808
410	233	2282	0.59162075	0.64365556
369	234	2283	0.411788	-0.74875937
382	234	2284	0.94115795	-2.0867081
429	234	2285	0.96868826	0.3361237
430	234	2286	1.3437783	1.5965095
296	235	2287	0.91412599	1.4993037
429	235	2288	1.2757199	-1.7662171
430	235	2289	1.2181998	-2.9536498
250	236	2290	0.96848543	-2.5950179
279	236	2291	0.32931918	2.8551061
367	236	2292	0.72482761	1.2079169
384	236	2293	0.63630673	1.2408907
313	237	2294	0.1756882	2.1715442
372	238	2295	0.74109886	-0.83061501
287	239	2296	0.82148492	-0.18820412
312	239	2297	0.63719419	-2.4972328
317	239	2298	0.48166567	0.078856376
447	239	2299	1.2305825	-2.8269299
464	239	2300	0.53564241	3.0405604
345	240	2301	0.41755886	0.33176975
395	240	2302	0.89248928	-1.05727
427	240	2303	0.8835368	1.907247
490	241	2304	0.7963117	2.3772247
366	242	2305	0.58159409	-1.8997229
365	243	2306	0.64519076	-1.5513709
460	243	2307	0.887618	-2.7282207
258	244	2308	0.42417594	1.5174335
361	244	2309	0.81164754	-2.0625554
454	245	2310	0.56260811	-2.2681503
365	246	2311	0.76536338	-0.06072384
368	246	2312	0.35893218	-0.65338337
423	246	2313	0.42508423	2.8809537
476	247	2314	0.46039856	1.8761718
486	247	2315	1.4017637	3.0577673
266	248	2316	0.14635591	2.186078
269	248	2317	0.62493324	-2.5958378
344	248	2318	0.74048777	0.58688035
394	248	2319	0.73903295	0.34848664
477	248	2320	0.80017211	-2.9481833
302	249	2321	0.63897433	1.8692473
304	249	2322	0.18123556	-1.0805985
373	249	2323	0.48001439	-2.6704629
265	250	2324	1.1012193	-2.5124559
254	251	2325	0.75485416	2.2036057
480	251	2326	0.49996209	-0.92500562
488	251	2327	0.5858532	-1.3853021
441	252	2328	0.33282551	-1.178731
309	253	2329	1.4989168	1.7200875
341	253	2330	1.210221	2.489436
359	253	2331	1.089994	-1.3289987
496	255	2332	0.50973101	2.645805
486	256	2333	0.59977334	-0.016506585
498	256	2334	0.41878731	1.5651549
295	257	2335	0.6782063	0.4343636
298	257	2336	0.87565591	3.0371876
361	257	2337	1.0327563	0.41894693
434	257	2338	1.0676242	-2.9295921
475	257	2339	0.61356078	2.1602687
262	259	2340	1.0049115	-1.408643
293	259	2341	1.0936726	0.42762283
376	259	2342	0.36003028	-2.8581436
394	259	2343	0.42826018	-2.8761985
418	259	2344	0.43639424	-2.8452187
425	259	2345	1.0675434	-0.177134
272	260	2346	0.91601354	2.354169
278	260	2347	0.97806541	0.33558252
290	260	2348	1.0435426	-0.45771454
346	260	2349	0.57067154	-0.82198754
297	261	2350	0.62166344	0.82325648
364	261	2351	0.67422713	-1.9783564
389	261	2352	0.56464356	1.3162429
390	261	2353	0.39445421	0.89067012
264	262	2354	0.81103304	-0.9977359
281	263	2355	0.47916225	1.0050261
302	263	2356	0.67020875	-1.9135767
318	263	2357	0.95914909	1.2377888
393	264	2358	0.81040294	-1.4585017
448	264	2359	1.1611126	-0.26904375
270	265	2360	0.93433622	-2.7578424
289	265	2361	0.37498494	2.6930279
269	266	2362	0.6318652	-2.362665
418	266	2363	0.78387365	0.15075208
270	267	2364	0.66807561	0.35294788
299	267	2365	0.70025019	-3.0180567
453	268	2366	0.52717702	1.0737696
410	269	2367	0.69017941	-1.8728599
477	269	2368	0.30356125	2.5448672
364	270	2369	0.34147168	-2.5144937
434	270	2370	0.2541721	2.0240608
279	271	2371	0.35268953	0.79852652
370	271	2372	0.28729013	3.0385545
327	272	2373	1.3417206	1.8185664
416	272	2374	0.83012299	0.89423826
301	273	2375	1.1046165	-1.0335697
383	273	2376	0.61649276	2.2676474
386	273	2377	1.1387753	-1.6932987
398	273	2378	0.76308401	-2.7115017
425	273	2379	1.2217055	3.0699034
465	273	2380	0.66082635	-0.13463757
314	274	2381	0.27325729	2.8643104
455	274	2382	0.501601	-0.73467362
491	275	2383	1.0837997	-2.4169143
348	276	2384	0.88706596	-0.47672971
388	276	2385	0.82558364	1.9294324
442	276	2386	0.6340404	0.87675138
445	276	2387	0.66771086	2.6556297
292	277	2388	0.37473389	-3.0492711
462	277	2389	0.68122935	-1.0393909
307	278	2390	0.99704628	0.83232915
370	279	2391	0.57675409	-2.7444268
354	280	2392	0.88817753	-2.0702314
366	280	2393	0.63147013	2.5221372
399	280	2394	0.90930745	-1.0730727
480	281	2395	1.053234	1.4821459
283	282	2396	0.69279222	-0.99770909
324	282	2397	0.85558404	-1.2081484
339	282	2398	0.80801577	2.0816667
401	282	2399	0.25729268	0.57379697
474	282	2400	1.0956784	2.2088461
314	283	2401	1.404821	-1.3665219
324	283	2402	0.22946425	-1.8905692
401	283	2403	0.73919795	1.788372
316	284	2404	1.0748839	1.2372658
379	284	2405	0.77388476	1.1710302
363	285	2406	0.73816119	0.0020650697
381	285	2407	0.87941492	-0.72550962
455	285	2408	0.49248956	2.7993422
372	286	2409	0.6121841	0.89563824
473	286	2410	0.63652747	-0.95998212
490	286	2411	1.093953	-0.77972306
317	287	2412	0.37885391	2.6112392
329	287	2413	0.79360071	-0.89564301
332	287	2414	0.174454	0.66981509
435	288	2415	1.2524887	1.8981463
472	288	2416	0.2472368	-0.073965292
488	288	2417	0.63616999	1.0867775
297	289	2418	0.3799544	1.8786156
346	290	2419	0.54932644	3.0630095
426	290	2420	0.43515594	-1.9129615
362	291	2421	0.31048327	1.2382408
380	292	2422	0.56593204	-2.7244242
403	292	2423	0.89827465	-1.2507276
462	292	2424	0.90639012	-0.6558379
312	293	2425	0.51988276	0.52620832
383	293	2426	0.91519809	-0.28396644
425	293	2427	0.64407508	-1.4842896
447	293	2428	0.33730144	2.2473331
484	293	2429	1.3119624	0.13031545
344	294	2430	0.3651383	-0.54327077
361	295	2431	0.35478464	0.38947333
325	297	2432	0.46643591	0.86733778
390	297	2433	0.22964762	-2.4343013
353	298	2434	0.35347652	2.2469832
434	298	2435	0.36009153	-2.0714208
321	299	2436	1.2185573	-3.0398024
302	300	2437	1.4512573	-1.7616882
309	301	2438	0.94404623	-1.7163061
386	301	2439	0.72738617	-2.8897867
391	301	2440	0.86717951	0.69961659
465	301	2441	0.86495546	1.4670762
373	302	2442	0.86261425	-1.8525426
437	303	2443	1.3726139	1.1158228
471	303	2444	0.41074557	0.50773988
489	303	2445	1.0558325	-1.4776677
499	303	2446	0.560105	-1.2368993
456	305	2447	0.50586919	-0.035369061
454	306	2448	0.59767942	-1.2592595
371	307	2449	0.78992718	-0.15767327
374	307	2450	0.81202685	2.4460984
456	307	2451	1.0270943	1.188102
322	308	2452	0.89622171	2.4374658
333	308	2453	0.71529421	-2.7814591
460	308	2454	0.6640464	-1.7362867
341	309	2455	1.0512527	-2.3502431
386	309	2456	0.94281229	2.2167874
448	309	2457	0.99237912	2.9624086
346	311	2458	0.57634202	1.5995894
426	311	2459	0.40421634	0.30932443
447	312	2460	0.66073772	3.1387262
449	313	2461	0.17687412	-1.4475769
351	314	2462	0.036629967	3.0152927
455	314	2463	0.75645664	-0.57446527
492	314	2464	0.28844225	1.9061984
327	315	2465	0.67966883	-2.9729201
356	315	2466	1.2999455	2.3811308
374	315	2467	1.3653977	-0.36246611
412	315	2468	0.97391002	1.2388221
416	315	2469	0.78811584	-1.3419665
459	316	2470	0.12545804	-0.76067383
332	317	2471	0.4710011	-0.17785854
396	317	2472	0.78860269	2.7468399
464	317	2473	1.0132075	3.1257195
480	318	2474	0.54835976	1.5040445
409	319	2475	0.66251059	-1.6888372
449	319	2476	0.24562689	-2.0752781
469	319	2477	0.5895932	0.67741537
405	320	2478	1.3000129	2.105267
412	320	2479	1.2164235	2.8568898
456	320	2480	1.0177841	-0.66838707
352	321	2481	0.95284549	2.442572
417	321	2482	0.51344039	-2.719739
494	321	2483	0.42064694	0.12419956
333	322	2484	0.83236717	-1.5543704
420	322	2485	0.61626665	-3.0457223
443	322	2486	0.60908299	-2.3599651
340	323	2487	0.2749117	-0.82747481
397	323	2488	0.25910559	1.4548985
401	323	2489	0.3294435	-2.9197018
427	323	2490	0.69323058	-1.7443975
492	324	2491	0.92340958	-1.2829222
347	325	2492	0.4276016	1.1354305
370	325	2493	1.030972	0.13713229
371	325	2494	0.61761237	2.2876759
389	325	2495	0.63970824	-2.7141884
397	326	2496	0.94913957	-0.85136455
401	326	2497	1.0791863	-1.3139826
402	326	2498	1.2205692	1.8298702
356	327	2499	1.0460262	1.8336636
416	327	2500	1.0712072	-0.65610371
361	328	2501	0.93611312	-2.427073
384	328	2502	0.65044095	1.2464853
380	329	2503	0.64947227	-0.45765085
465	329	2504	0.76481532	-2.0211486
484	329	2505	1.0068071	2.8392282
411	331	2506	1.1128326	-0.82383973
457	331	2507	0.65332298	-0.70646721
395	333	2508	0.83131113	2.5561504
443	333	2509	0.60121872	2.4065352
460	333	2510	0.6898911	-0.62366271
396	334	2511	0.48024866	0.28776612
421	335	2512	0.42566229	-2.9619058
436	335	2513	1.1814515	-0.66779348
382	336	2514	1.064136	1.7101713
451	336	2515	0.67459183	0.57581374
479	336	2516	0.32658688	-1.8497597
343	337	2517	0.39753686	-0.12213976
385	337	2518	0.39907444	-0.86025268
387	337	2519	0.59231281	1.2205009
379	338	2520	0.61762303	0.95791351
468	338	2521	0.83356285	-2.3662663
401	339	2522	0.83243127	-0.74633753
474	339	2523	0.31152896	2.5440673
382	340	2524	0.62156823	0.51050093
448	341	2525	0.95466195	1.8223022
446	342	2526	1.1744306	1.6909488
385	343	2527	0.28736962	-2.0570023
387	343	2528	0.63431374	1.8771653
395	345	2529	0.91442216	-1.5230446
419	345	2530	0.91386991	1.3407766
420	345	2531	0.6093748	-1.3902707
479	345	2532	0.2475203	0.48016311
371	347	2533	0.59128222	3.0094952
428	347	2534	0.91314546	-0.029631007
407	348	2535	0.30844479	-0.024202419
442	348	2536	0.97281094	1.9749998
466	348	2537	0.9248841	-1.2595385
387	349	2538	1.0109987	-1.9947738
408	349	2539	0.12717535	1.9685071
463	349	2540	0.072141265	-2.5365855
375	350	2541	0.35090505	0.64258733
467	350	2542	0.33936548	2.1820941
492	351	2543	0.27409357	1.7862635
363	352	2544	0.91190298	2.9138503
475	353	2545	0.76451308	0.18823066
476	353	2546	0.7693124	2.6981992
366	354	2547	1.1497476	1.6480772
402	354	2548	1.00728	-2.2040964
469	354	2549	0.70310396	1.8943836
388	355	2550	0.46266612	-1.5017692
403	355	2551	0.48264259	-2.9217486
462	355	2552	0.19783866	1.7502052
377	356	2553	0.60418818	-2.6844047
412	356	2554	1.2594837	0.019644157
429	356	2555	0.94394369	2.39393
363	357	2556	1.0857462	-0.91644054
365	358	2557	0.50911996	2.5859605
424	358	2558	0.3175226	-2.8010887
405	359	2559	1.0241792	-2.5485193
450	359	2560	1.2674725	-0.32321093
438	360	2561	1.5960364	0.92745052
381	363	2562	0.59050461	-1.7070596
426	364	2563	1.0029108	3.0519731
460	365	2564	0.87435956	2.8053198
469	366	2565	0.49828274	-1.8447405
384	367	2566	0.091309168	-2.1654892
381	368	2567	0.43704717	2.4252642
423	368	2568	0.76905661	2.7013653
424	368	2569	0.64492132	-0.31996983
382	369	2570	0.93621068	-2.5289596
429	369	2571	0.85752334	0.77466775
451	369	2572	1.2259495	-1.6134706
428	370	2573	0.23115313	1.255005
468	370	2574	0.7195554	0.9755659
378	371	2575	0.83760069	1.148515
389	371	2576	0.75174084	-1.8076191
456	371	2577	1.1475403	1.9236741
384	373	2578	0.9039486	-1.7344613
416	374	2579	1.1339004	-2.8889559
456	374	2580	1.0959057	0.40566568
467	375	2581	0.48047088	3.0003842
477	375	2582	1.1594514	1.0701975
429	377	2583	0.92082308	1.7344658
451	377	2584	1.2262987	-2.2979438
404	378	2585	0.95136301	0.99240622
456	378	2586	0.80328227	2.7415987
391	380	2587	0.78206697	-2.0228687
403	380	2588	1.014203	-0.66190998
465	380	2589	0.99975297	-2.7282271
423	381	2590	0.36836191	3.0307249
419	382	2591	0.59415467	-1.4920583
451	382	2592	0.99023314	-0.76600418
425	383	2593	0.90861832	-2.7037284
484	383	2594	0.600473	0.79081518
474	385	2595	0.33739666	-1.4066231
398	386	2596	0.98328847	2.1698452
448	386	2597	0.70637332	-2.1881882
463	387	2598	0.9499186	1.1859927
403	388	2599	0.61636296	2.5252115
442	388	2600	0.75174571	-0.38983809
445	388	2601	0.55052681	-2.148469
390	389	2602	0.26210239	-1.1549332
403	391	2603	1.1444642	0.07008957
465	391	2604	0.64848275	2.6573229
407	392	2605	0.18550744	-3.1200943
482	392	2606	0.91906223	2.0546903
448	393	2607	1.1421679	0.44986387
418	394	2608	0.015668948	-1.8356605
443	395	2609	0.25319862	-0.22366539
464	396	2610	0.40469822	-2.3525751
401	397	2611	0.48191912	-2.3876869
425	398	2612	0.66345937	2.4836886
430	399	2613	0.91430892	-0.83941534
470	399	2614	0.84520313	1.4467664
407	400	2615	1.3430255	-1.1686239
442	400	2616	0.3726382	-2.0302903
462	400	2617	1.1092492	2.5615519
482	400	2618	0.5053911	-0.97508329
427	401	2619	0.64275111	-1.2517199
409	402	2620	0.48030129	1.9212066
445	403	2621	0.84216744	-1.3282008
462	403	2622	0.52896488	0.60284456
439	404	2623	1.0635052	1.515773
412	405	2624	0.9268684	-2.1473211
442	407	2625	1.1361341	2.2245331
466	407	2626	0.87333907	-1.5995439
482	407	2627	0.85262941	1.8587151
485	408	2628	0.62013869	0.86989394
432	411	2629	0.08496095	-1.6519732
457	411	2630	0.47026959	2.1543407
481	411	2631	0.70264353	-1.1794198
486	413	2632	0.52549115	1.4829254
494	413	2633	0.69518251	-1.5096371
489	414	2634	1.2764339	1.866555
497	414	2635	0.79398573	-1.6782288
424	417	2636	0.29129581	-2.9843575
479	419	2637	0.77554523	-1.5563915
443	420	2638	0.41201751	-1.1156262
452	421	2639	0.93050562	-0.85004737
457	422	2640	0.30254101	1.3728702
481	422	2641	0.94849838	-0.90398118
455	423	2642	1.035616	2.3887938
468	428	2643	0.50143829	0.84807485
430	429	2644	1.3960259	2.3182973
483	431	2645	1.0007586	1.067633
496	431	2646	0.57749585	0.32415803
481	432	2647	0.62818496	-1.1178211
493	433	2648	0.48051159	2.6247774
466	435	2649	0.49670066	2.0704589
452	436	2650	0.73368193	-3.0821927
450	439	2651	0.818553	2.6676189
487	439	2652	0.32172668	1.5153662
454	440	2653	1.2964102	1.3386126
468	440	2654	0.62330978	-1.3060174
446	445	2655	0.83949867	-1.5105882
495	445	2656	0.84212552	-2.2773789
495	446	2657	0.6290523	2.8222782
487	450	2658	0.74797727	-0.070080809
481	453	2659	0.27850863	2.7127287
481	457	2660	1.1677159	-1.1024282
467	461	2661	1.3035049	1.378591
499	471	2662	0.74967728	-1.8069066
480	472	2663	0.79568104	1.261341
488	472	2664	0.58346602	1.4859
490	473	2665	0.48145927	-0.54041723
498	476	2666	1.8588306	3.0840255
493	478	2667	0.44345464	-0.49424039
488	480	2668	0.26143405	-2.400352
496	483	2669	0.69581652	-1.4774546
489	485	2670	0.35002012	-0.60882619
498	486	2671	0.73523392	2.5191111
499	489	2672	0.52902012	1.4087031
