from	to	label	distance	angle
1	140	1	0.28660562	1.3369427
1	334	2	0.33716566	2.4485093
1	384	3	0.24599691	-2.5772203
1	446	4	0.44092527	-1.5296709
2	32	5	0.31829832	0.81908525
2	89	6	0.46202804	2.7420833
2	119	7	0.60279464	-0.053965785
2	189	8	0.50400161	-3.135142
2	328	9	0.19970193	-2.625777
3	130	10	0.73369677	-0.32190078
3	205	11	1.3063234	2.100768
3	435	12	1.1619963	-1.2889253
4	25	13	0.54005172	2.3254127
4	48	14	0.48977827	-3.0004794
4	316	15	0.51901004	-0.72304043
4	406	16	0.2819135	-1.6593884
4	446	17	0.45159383	0.16893065
5	13	18	0.40042692	-1.4001675
5	147	19	0.8422496	1.7440278
5	412	20	0.38649584	-3.0503819
5	428	21	0.78790638	-1.1104469
6	126	22	0.39307038	0.78604327
6	429	23	0.099735251	-0.44305052
7	19	24	0.28817487	-1.8348422
7	65	25	0.28648267	-0.047940039
7	92	26	0.38461686	2.2713003
8	87	27	0.20835016	-2.3930546
8	102	28	0.18787586	1.0734641
8	292	29	0.60958229	-2.2821753
8	431	30	0.61763234	0.68449997
9	50	31	0.57933378	-0.28996513
9	114	32	0.49852085	2.8633284
9	251	33	0.356318	1.8457008
10	263	34	0.14793274	-0.42608101
10	373	35	0.34064949	2.0206872
10	415	36	0.24971351	-2.1542807
11	13	37	0.34949536	-1.1684908
11	30	38	0.45346166	-1.0328829
11	370	39	0.55058165	1.7006363
12	67	40	0.39920135	0.02124449
12	228	41	0.50815454	2.9684562
12	238	42	0.29634797	-1.7254823
12	489	43	0.37020045	-0.4681461
13	71	44	0.55264214	-0.97317252
14	114	45	0.72731589	-0.67230356
14	248	46	0.19610139	-0.67910447
14	265	47	0.57177827	-1.3193606
14	297	48	0.92311724	2.2230298
15	51	49	0.21766126	-2.4069102
15	94	50	0.38598331	2.1802777
16	34	51	0.33902509	-1.0997736
16	85	52	0.14203521	0.60649684
16	106	53	0.31860957	2.1032908
17	194	54	0.32397491	0.60467036
17	219	55	1.172637	-0.4485234
17	253	56	0.81138213	2.7860617
17	349	57	0.34596734	1.451816
17	360	58	0.33412239	1.6991296
17	495	59	0.84523761	3.0227908
18	41	60	0.51055142	0.16558423
18	101	61	0.48606681	-2.452247
18	157	62	0.12164629	-1.0827562
19	65	63	0.44779697	0.63177359
19	92	64	0.59773048	1.8639275
19	256	65	0.67257023	-1.7452156
19	259	66	0.30449183	-2.7111019
19	373	67	0.33029665	-0.25522077
20	137	68	0.39247593	-0.38939731
20	218	69	0.46944592	0.44689663
20	269	70	0.59550823	2.9292403
20	324	71	0.34661839	-1.3342223
21	166	72	0.28727693	1.8281513
21	188	73	0.35095318	-2.8844573
22	88	74	0.26911941	-0.097420837
22	170	75	0.51621882	1.028651
22	260	76	0.4304864	-1.8605794
22	301	77	0.33817121	-2.9029751
23	227	78	0.60739265	1.3888787
23	370	79	0.58650124	-1.4054176
23	441	80	0.24025439	-2.566881
24	141	81	0.57747577	0.75637623
24	186	82	0.58455444	-2.7772029
24	475	83	0.089176541	2.1235151
25	48	84	0.47641181	-1.814526
25	63	85	0.35065758	1.6063224
25	471	86	0.5738437	2.1286268
26	121	87	0.51674705	-1.242615
26	130	88	0.48230322	2.2570105
26	468	89	0.27918001	1.6574135
27	383	90	0.56174446	2.8897491
27	395	91	0.27360237	3.1009562
27	422	92	0.61032435	-0.13019019
28	95	93	0.28125464	0.46983315
28	179	94	0.2443494	-0.86650938
28	418	95	0.41613	2.260107
29	262	96	0.56994521	2.3094242
29	294	97	0.76777714	-1.5158289
29	361	98	0.6398442	0.97740479
30	71	99	0.44471137	-1.0649775
30	297	100	0.87571351	-1.1807792
30	299	101	0.47090336	-1.5577118
30	370	102	0.98341297	1.884661
31	228	103	0.32077146	0.64969466
31	238	104	0.73434454	-0.25650211
31	282	105	0.52385717	2.4869237
31	354	106	0.37658001	-1.6101343
31	360	107	0.58830646	-2.9903589
31	452	108	0.23291525	2.437005
32	89	109	0.6451719	-3.0596463
32	119	110	0.4670411	-0.60344668
32	274	111	0.37872682	-2.6759953
32	289	112	0.72352854	0.69645275
33	49	113	0.59601419	-0.15337586
33	112	114	0.51441713	1.7969914
33	205	115	0.66793462	-1.4835745
33	219	116	0.70842388	2.8276833
33	369	117	0.44513849	0.57240418
34	85	118	0.38486264	1.6674634
34	154	119	0.18943747	-0.35591453
34	181	120	0.25935804	-2.9436091
34	307	121	0.53234414	-1.0900237
35	45	122	0.59909844	2.3155888
35	201	123	0.56941943	-1.1283576
35	222	124	0.16923413	-1.4191843
35	250	125	0.44236473	1.1389056
35	492	126	0.39432326	-1.5591736
36	171	127	0.36693745	2.4689295
36	216	128	0.51284285	-0.67177778
37	231	129	0.32079334	2.7768126
37	427	130	0.42307924	-2.0058297
37	455	131	0.46632002	0.68362116
38	92	132	0.73148108	-1.5600915
38	192	133	0.73856305	-0.02041254
38	396	134	0.88587114	2.353709
38	467	135	0.21840574	-0.23230777
39	113	136	0.41565927	0.38003746
39	152	137	0.67960653	-2.4605252
39	318	138	0.38748407	0.21892799
39	491	139	0.39789394	1.2339229
40	108	140	0.21123824	2.5903385
40	191	141	0.3935272	-1.2453427
40	212	142	0.11785024	0.094771442
40	470	143	0.3230642	3.0611173
41	355	144	0.27544504	-1.3023922
41	421	145	0.53352115	0.034969113
42	126	146	0.43489747	-1.2771984
42	145	147	0.51601825	1.4797206
43	86	148	0.50795812	0.75328041
43	170	149	0.46191173	-1.8211023
43	313	150	0.2916004	2.6717387
44	447	151	0.68825477	-1.3164986
44	453	152	0.67698602	1.8532909
45	160	153	0.56205821	2.7830423
45	250	154	0.59251641	-0.065410762
45	339	155	0.5050933	-2.5709481
45	356	156	0.22900147	0.91440046
45	447	157	0.52381994	2.1513721
46	187	158	0.38063297	-2.7116254
46	200	159	0.4253456	-0.28240772
46	225	160	0.43522793	2.88972
46	394	161	0.4403585	0.91016986
46	455	162	0.28568277	-1.4707097
47	97	163	0.30658703	-1.1312008
47	190	164	0.24223341	-2.5718223
47	240	165	0.2807043	0.12566466
47	362	166	0.24756173	2.2663296
48	127	167	0.49719766	2.9560282
48	399	168	0.57947061	-2.5618573
48	406	169	0.50643969	-0.43174491
49	74	170	0.67918012	-0.48111743
49	369	171	0.39558657	2.1448926
50	89	172	0.72464088	-0.30401272
50	389	173	0.47420301	2.2381163
50	419	174	0.30925698	-0.79093298
50	478	175	0.34483918	-2.9396813
51	213	176	0.61583796	1.4555463
51	331	177	0.338263	-1.0265142
51	393	178	0.29909455	-1.7241614
51	461	179	0.50345044	-2.5744614
52	339	180	0.1931058	1.1477496
53	74	181	0.68326934	2.2835119
53	411	182	0.35329851	0.69275305
53	486	183	0.69632841	-1.320589
53	494	184	0.34727308	0.40488028
54	118	185	0.51009996	0.32905914
54	124	186	0.39640301	2.7995474
54	249	187	0.23522319	0.64825664
54	432	188	0.45985156	-2.3071735
55	68	189	0.6310334	-0.63212878
55	243	190	0.39867872	2.9837206
55	311	191	0.67801036	0.083267196
55	330	192	0.67040558	-2.6732684
55	392	193	0.35262586	-0.75260523
55	420	194	0.60198755	2.412944
55	452	195	0.50433156	1.6119269
56	284	196	0.30226786	-2.2706199
56	290	197	0.48515891	0.99153148
56	309	198	0.29062395	0.083995273
56	326	199	0.41267472	-2.868907
57	83	200	0.39890729	-1.5886916
57	185	201	0.30590276	1.7035185
57	223	202	0.26897101	-0.23389737
57	435	203	0.38967196	2.4859305
58	385	204	0.3950124	0.4762068
58	397	205	0.34905958	-2.9811845
58	439	206	0.18958026	1.6902584
59	95	207	0.19375259	-1.6839343
59	288	208	0.52037611	0.34863025
59	418	209	0.53731542	3.139224
60	233	210	0.42617676	0.56883873
60	364	211	0.36451274	-1.760999
61	67	212	0.24433571	-2.9496331
61	209	213	0.21200116	0.66002112
61	220	214	0.22073638	-0.54920816
61	487	215	0.3705675	-1.9223824
62	141	216	0.23876868	-0.24690023
62	169	217	0.85297875	0.8187724
62	288	218	0.80144016	-2.5310559
62	475	219	0.44591125	-2.1266785
63	471	220	0.32166648	2.7036348
64	352	221	0.29828134	1.5053059
65	266	222	0.36343787	0.33249024
65	373	223	0.35034344	-1.6902957
65	407	224	0.51133392	1.0799952
66	408	225	0.19631858	-2.4027329
66	433	226	0.42870067	1.2470166
67	148	227	0.26646654	-0.3511071
67	487	228	0.321508	-1.2142169
68	110	229	0.41262654	0.097928545
68	237	230	0.32036884	-2.3972386
68	392	231	0.2841419	2.6591748
68	424	232	0.62092113	-0.65814036
69	166	233	0.40630372	2.9917872
70	77	234	0.49962437	1.7205463
70	94	235	0.43280959	-2.5138309
70	213	236	0.24373741	-2.6969219
70	291	237	0.39773567	-0.52103625
71	252	238	0.34513821	-1.3189143
71	428	239	0.1484284	1.7668761
71	493	240	0.6583939	-0.92985133
72	90	241	0.40548406	2.0181018
72	134	242	0.57455859	-1.2023354
72	303	243	0.33747823	3.0413328
72	401	244	0.38754386	1.2503983
73	152	245	0.78743058	0.25700076
73	295	246	0.48371915	-2.4977932
73	350	247	0.53285103	-2.7157721
73	431	248	0.1697057	-1.5562559
73	473	249	0.36449854	2.9393199
74	75	250	0.33476422	1.5468303
74	215	251	0.34377009	0.27112499
75	235	252	0.27982276	2.409146
76	125	253	0.49995639	1.1816911
76	230	254	0.51848033	-2.2955993
77	213	255	0.61629937	-1.8091248
77	272	256	0.54149178	1.7449736
77	488	257	0.58149637	1.5022645
78	124	258	0.25684851	-0.5322177
78	195	259	0.2619208	1.4973465
79	226	260	0.24324764	1.6487393
79	248	261	0.46473174	-2.6331473
79	251	262	0.52637634	-0.72747694
79	432	263	0.57854347	1.3249104
79	485	264	0.34510655	-2.358419
80	87	265	0.94222238	1.1173358
80	233	266	0.6030447	-2.0120015
80	325	267	0.71939584	-1.9262257
80	358	268	0.15428615	3.112427
81	174	269	0.3758487	2.8237097
81	272	270	0.2158235	-0.29042185
82	243	271	0.38891909	0.3981954
82	330	272	0.26404335	-0.94812772
82	457	273	0.40822376	-2.7252855
83	174	274	0.52553629	-2.3980273
83	223	275	0.4306743	0.89681304
83	272	276	0.56353177	-1.2513394
83	435	277	0.70432495	2.0135182
83	488	278	0.57863865	-1.004108
84	304	279	0.39880527	-2.2816301
84	371	280	0.25085098	-2.7661133
84	413	281	0.47438063	0.65645994
85	106	282	0.33910825	2.5342064
85	396	283	0.34874133	0.70950146
86	242	284	0.36050089	-0.75991802
86	335	285	0.30969185	1.3841405
86	376	286	0.37663269	2.2920724
86	451	287	0.46162125	0.30906554
87	102	288	0.39102249	0.9025316
87	247	289	0.51857328	2.0691467
87	267	290	0.74495968	0.82582964
88	170	291	0.46837369	1.573972
88	278	292	0.56994122	-2.2720442
88	285	293	0.55643853	0.12004257
89	189	294	0.1990333	-1.9753811
89	274	295	0.32637175	-0.36737387
89	419	296	0.47395623	-3.135342
90	196	297	0.38614447	0.76858916
90	437	298	0.38930469	3.0038735
91	276	299	0.21589032	2.4215996
91	281	300	0.48657377	-1.707387
91	367	301	0.49018396	0.95194872
92	138	302	0.42151421	-2.673006
93	284	303	0.65072333	0.17748146
93	289	304	0.85868021	-3.0775128
93	326	305	0.49683311	0.49261133
93	329	306	0.38006466	-0.75255368
94	203	307	0.54435366	2.9345817
94	213	308	0.19817859	0.85360216
94	341	309	0.22058606	-2.6470579
95	168	310	0.40131988	-1.3812775
95	179	311	0.3269248	-1.8578614
95	288	312	0.63100884	0.62710902
95	418	313	0.55066462	2.7819775
96	111	314	0.32779804	0.46717277
96	218	315	0.48620887	-1.8360435
96	319	316	0.39688256	1.7094385
97	143	317	0.39621139	2.9333027
97	190	318	0.36522892	2.7280546
97	240	319	0.34588973	1.1285986
97	257	320	0.5546011	-1.6791018
97	305	321	0.55981363	0.080035526
98	157	322	0.41864271	-2.4580743
98	318	323	0.34398228	-0.46342586
98	414	324	0.31907396	0.32942191
99	118	325	0.63111384	1.8095918
99	273	326	0.51645384	-0.49523673
99	345	327	0.36726	-1.4304999
99	463	328	0.44720944	-2.5272124
100	138	329	0.21146128	2.0972794
101	157	330	0.47687895	0.43673027
101	264	331	0.11007398	-1.9866912
101	361	332	0.67247237	-2.3401661
102	431	333	0.44947323	0.52531367
103	218	334	0.43712024	-1.5531781
103	319	335	0.4327445	1.384129
104	251	336	0.28597856	-2.628394
104	389	337	0.2973119	-1.1944899
104	404	338	0.21964173	0.07442759
104	463	339	0.41201398	1.3902517
105	175	340	0.36023643	2.1586036
106	232	341	0.66890996	2.3187687
106	293	342	0.64235957	-1.879823
106	396	343	0.54408336	0.061891354
106	427	344	0.43843226	1.4280458
107	217	345	0.33860336	2.2252496
107	372	346	0.46760253	3.0507079
107	464	347	0.39810999	-0.33180218
108	208	348	0.34195283	-2.271275
108	212	349	0.31347391	-0.32294793
108	220	350	0.31281278	2.6510076
108	470	351	0.16538664	-2.6041609
109	193	352	0.16564774	0.91917116
109	234	353	0.31447275	1.0941818
109	405	354	0.44970985	1.8293149
109	458	355	0.28590035	-0.23010784
109	482	356	0.58312315	-2.1186327
110	280	357	0.4917499	-0.14020258
110	311	358	0.45915554	2.1312874
110	424	359	0.42778558	-1.3812979
111	319	360	0.42545839	2.5266672
111	333	361	0.42185907	-0.57495119
111	342	362	0.35707317	0.53124327
112	219	363	0.62585599	-2.6731601
112	238	364	0.58751616	2.2431828
112	283	365	0.38817927	0.26520335
112	369	366	0.55440694	-0.48853631
112	487	367	0.49776996	1.1768509
113	410	368	0.19138054	1.1969655
113	483	369	0.365083	-0.3430118
114	248	370	0.53122072	2.4717996
114	265	371	0.43853856	-2.909584
114	450	372	0.28555747	-1.2271437
114	478	373	0.78963354	-0.49016145
115	260	374	0.27206962	0.94349619
115	278	375	0.25046085	0.7524723
115	315	376	0.2439996	-0.71801303
116	149	377	0.29559398	-2.8364276
116	193	378	0.27616947	2.9316735
116	458	379	0.16710703	-2.1552792
117	305	380	0.28493542	-1.2184009
118	134	381	0.76468702	1.9434907
118	178	382	0.68400361	-0.61236254
118	249	383	0.29610631	-3.0644729
118	339	384	0.46432742	0.42940171
118	438	385	0.44267948	2.6752036
119	186	386	0.60120088	-0.076253281
119	430	387	0.39335434	-0.57257437
120	294	388	0.70248327	1.4433799
120	322	389	0.21614196	-0.62390739
120	367	390	0.69515317	-1.643606
121	166	391	0.64581908	-1.2927317
121	223	392	0.42280194	-2.2771698
121	300	393	0.55077106	1.397849
122	433	394	0.89462964	-0.49135449
122	449	395	0.47186716	-0.7503603
122	480	396	1.0168739	2.553174
123	255	397	0.47553206	-1.8342947
123	327	398	0.25347986	1.5006956
123	472	399	0.42887366	0.57032939
124	195	400	0.44063291	2.0472849
124	285	401	0.51962231	-2.9992126
124	432	402	0.47805118	-1.4352506
124	438	403	0.51540469	0.46460643
125	131	404	0.58484658	1.2212261
125	239	405	0.50220014	-2.9534828
125	347	406	0.38712959	-0.094922165
126	206	407	0.32044504	-2.2961388
126	265	408	0.63686225	0.50869592
126	429	409	0.37172337	-2.0999833
127	323	410	0.39922708	-2.9197655
127	336	411	0.52048865	2.0238732
127	399	412	0.40918743	-1.5613327
128	199	413	0.17342691	0.3124508
128	308	414	0.29967546	-0.96144383
129	156	415	0.48841981	-0.77098972
129	161	416	0.5592943	1.926171
129	275	417	0.51629518	-0.037485334
129	386	418	0.56364111	-2.7444954
130	357	419	0.51289967	-1.8152134
130	468	420	0.29704325	-0.32554048
130	486	421	0.58268315	0.82416704
130	496	422	0.33556326	0.40475392
131	466	423	0.5852277	1.5479729
132	165	424	0.18173597	1.6893123
133	316	425	0.4588061	0.72965132
133	351	426	0.63917153	-2.6258272
133	406	427	0.37543652	1.764034
133	466	428	0.43241707	-0.40109816
134	160	429	0.60134752	-0.081247945
134	436	430	0.42438299	0.19445863
134	438	431	0.52629421	-1.7948963
134	451	432	0.88881638	2.5175991
135	180	433	0.74769024	0.054571777
135	328	434	0.60689815	-3.0401698
135	332	435	0.45724078	2.9885833
135	418	436	0.17763814	-3.0613972
136	458	437	0.32280111	1.099318
136	482	438	0.45896623	-2.8201738
137	218	439	0.35699662	1.40122
137	324	440	0.33878444	-2.5534335
137	353	441	0.36732364	-1.0637828
137	374	442	0.40851633	-0.04956304
138	259	443	0.57710083	-1.0798452
138	261	444	0.41909973	-3.1231671
138	307	445	0.52453944	2.04142
139	378	446	0.39855792	-1.5212973
140	334	447	0.33189802	-2.9494345
141	169	448	0.76646607	1.0948821
141	197	449	0.39206137	-1.0652246
141	314	450	0.44928374	0.18172252
141	329	451	0.26308134	-3.0102776
141	475	452	0.56621533	-2.5400755
142	253	453	0.50092754	-0.40292198
142	318	454	0.49226005	-3.1220988
143	190	455	0.083872617	0.88361052
143	308	456	0.31615846	3.0885112
144	166	457	0.34553152	1.4233237
144	488	458	0.4032673	-2.669092
145	493	459	0.59826309	1.2142667
146	229	460	0.18456517	0.85742649
146	263	461	0.21533721	1.2097064
146	391	462	0.2224141	-3.0083748
146	415	463	0.20355201	2.8721004
147	227	464	0.81935845	1.5483695
147	441	465	0.30702275	2.840056
148	208	466	0.45089529	-1.0266739
148	209	467	0.3108727	1.0409539
148	489	468	0.32979708	-2.8844329
149	176	469	0.25290381	-1.7318932
149	316	470	0.46553061	2.9855294
150	199	471	0.36407158	-0.83604336
151	200	472	0.66034559	1.258253
151	396	473	0.65958501	-1.9368332
152	244	474	0.94192795	0.18240904
152	431	475	0.84440189	-2.6882337
153	224	476	0.33361141	2.0938702
153	248	477	0.61654897	-0.27080192
153	315	478	0.4040478	2.6559736
153	477	479	0.39816429	-3.0848869
155	213	480	0.40460526	-0.17740139
155	403	481	0.52927693	2.7659092
156	275	482	0.36121474	1.0944573
156	304	483	0.57172747	-1.0790907
157	264	484	0.56443228	-2.5761846
157	318	485	0.64190133	0.17319318
158	241	486	0.63453654	-1.8217776
158	472	487	0.62314171	1.1836742
159	326	488	0.32992344	-0.51909966
159	380	489	0.44689872	0.73223239
159	462	490	0.48811945	-3.0563976
160	447	491	0.33923776	0.78906195
160	484	492	0.18529653	-2.9999072
161	258	493	0.5774324	-2.400001
161	287	494	0.3451909	1.4601842
161	423	495	0.65742677	1.1390283
162	318	496	0.85543873	-3.0499363
162	360	497	0.84705915	-0.25806327
162	365	498	0.15179182	0.3989609
162	378	499	0.5759114	0.63850402
162	421	500	0.50487348	3.0993193
163	358	501	0.39270075	-0.28702058
164	177	502	0.30649248	3.0242863
164	320	503	0.29257552	-1.0735832
164	424	504	0.20085965	0.86337339
165	293	505	0.65018376	1.1714876
165	338	506	0.67393435	-2.4355
165	445	507	0.45134433	-0.41783533
166	188	508	0.45348856	-2.198412
167	233	509	0.49668265	1.8026816
167	268	510	0.36147715	2.9839103
167	276	511	0.61409069	-0.82149159
169	403	512	1.1339771	0.99520717
170	285	513	0.68426627	-0.62747647
170	313	514	0.59754723	1.8169115
170	456	515	0.5438571	2.7298485
172	232	516	0.59255393	-0.35976488
172	353	517	0.4005069	2.2597016
172	409	518	0.51813784	-2.9895425
172	426	519	0.29569264	0.9031221
173	303	520	0.25283138	-0.54499387
173	437	521	0.25434631	1.6062612
173	451	522	0.18538291	-1.3664925
174	403	523	1.1122299	-1.918012
174	435	524	0.99580676	1.4852407
175	256	525	0.48119634	2.1129083
176	466	526	0.39399524	-2.7436386
177	237	527	0.40418923	2.3779308
177	337	528	0.35175835	-1.4553946
178	442	529	0.60097657	-0.53243592
178	443	530	0.31824494	-0.7343801
180	359	531	0.37179333	-0.26201761
180	475	532	0.56173427	0.36818153
180	490	533	0.28205601	-0.24117564
181	293	534	0.25715097	3.0805572
182	344	535	0.50027972	1.9362622
182	437	536	0.53449389	-1.1055463
183	381	537	0.3826793	-0.03808082
184	302	538	0.18165409	3.0010996
184	312	539	0.32988884	0.96573801
184	317	540	0.50037616	-2.5616309
184	409	541	0.43845581	0.2670594
185	357	542	0.32133405	1.6321711
185	435	543	0.27629947	-2.9017473
186	430	544	0.31665211	-2.5848765
186	490	545	0.24959119	0.058828582
187	225	546	0.27759663	1.8462729
187	231	547	0.41908055	-2.3241444
188	245	548	0.82086988	-2.2248094
188	372	549	0.14857639	0.23491256
188	434	550	0.70855469	1.2999336
188	474	551	0.33104617	-1.8404714
189	419	552	0.43462645	2.7145801
189	454	553	0.29538792	3.1251209
190	308	554	0.3720365	-3.012044
191	208	555	0.57113237	2.7422338
191	212	556	0.38411558	1.5929385
191	382	557	0.61514648	-0.80634071
191	471	558	0.46438598	-1.3165342
192	230	559	0.59116338	-0.86850536
192	239	560	0.52095551	0.62674975
192	277	561	0.32483908	1.1217896
192	363	562	0.62201174	1.3325539
192	407	563	0.57489098	-1.4932987
193	234	564	0.15407893	1.2824847
193	310	565	0.27080863	1.7108241
193	316	566	0.47747232	-2.985978
193	458	567	0.265377	-0.8360798
194	354	568	0.29330713	-0.49937369
195	242	569	0.49775324	1.8141018
196	368	570	0.32524686	0.64837145
196	375	571	0.24877913	0.27218646
198	214	572	0.13253071	-2.9671189
198	456	573	0.37899773	0.22534098
199	355	574	0.53056954	0.79927675
199	362	575	0.42647495	0.16426162
199	423	576	0.64012848	-2.072957
200	323	577	0.46882513	1.0213897
200	394	578	0.48631697	1.8591315
200	399	579	0.64293866	0.12239486
200	455	580	0.41452004	-2.7303008
201	202	581	0.36769604	-1.9170228
201	298	582	0.66489182	-0.27217741
201	442	583	0.46892588	-2.6788537
201	492	584	0.26775435	2.6756466
202	400	585	0.36646976	-1.281294
202	442	586	0.32491784	2.7078672
203	245	587	0.8749912	0.97300004
203	256	588	0.43878174	2.7196926
203	290	589	0.72475821	-2.6344009
203	341	590	0.40191894	-0.56908639
203	444	591	0.55043787	-2.1544656
204	214	592	0.36796921	0.20665406
205	219	593	1.1478316	2.2623256
206	429	594	0.084841321	-1.27264
207	401	595	0.1887702	0.051869708
208	279	596	0.58576648	-1.4822965
208	321	597	0.24440696	-1.0552828
208	489	598	0.62948481	2.6413973
209	220	599	0.24609248	-1.4861826
210	235	600	0.54844496	-0.94238994
210	283	601	0.41166043	3.0370404
210	470	602	0.42626548	1.9134471
211	215	603	0.71482934	1.9765143
211	221	604	0.3752009	-0.9534395
211	346	605	0.28385675	0.49975897
211	486	606	0.6268949	-1.5614521
214	456	607	0.51140142	0.21216394
215	235	608	0.68328766	2.4614618
215	382	609	0.44928581	1.848708
215	384	610	0.46578053	-0.14829803
215	460	611	0.37170801	0.3160265
216	247	612	0.42035013	-0.98108126
216	262	613	0.58434025	-0.52938706
216	286	614	0.36159515	2.4512217
217	372	615	0.34429162	-2.424751
217	434	616	0.47331554	2.041059
218	374	617	0.50932398	-0.81920861
219	354	618	0.76722677	2.3381418
220	470	619	0.26788131	-1.0475997
220	487	620	0.39233249	-2.5067536
221	346	621	0.44312407	1.4986467
221	482	622	0.43765293	-1.0991905
221	486	623	0.38426134	-2.1531466
224	297	624	0.40569762	1.4525946
225	379	625	0.49797047	2.5731939
226	432	626	0.3564441	1.1060186
227	241	627	0.88874877	1.4856502
227	325	628	0.56244678	1.4670697
227	381	629	0.27668922	-2.0798835
228	452	630	0.43502217	-3.0421587
229	245	631	0.41490978	1.2548617
229	263	632	0.07634374	2.196296
229	391	633	0.38082416	-2.6814849
230	266	634	0.51135553	-2.0479463
230	372	635	0.55093911	-0.51228969
230	407	636	0.35870974	-2.7948798
231	366	637	0.56251965	2.5401952
231	427	638	0.51268938	-1.3317692
232	426	639	0.57649913	2.2711275
232	427	640	0.52039935	-0.10856216
233	325	641	0.12933489	-1.5153054
234	310	642	0.1454824	2.1663163
234	405	643	0.30221795	2.6017508
235	369	644	0.62935024	2.9421501
235	382	645	0.40799557	0.0057130487
236	284	646	0.62267173	-2.9970351
236	309	647	0.21194362	2.2424722
236	314	648	0.44506561	-2.2412846
236	444	649	0.47349341	1.1938882
236	461	650	0.64747167	0.08478264
237	342	651	0.46886779	-2.6161606
237	392	652	0.34923882	1.616841
238	487	653	0.55699861	1.0401412e-05
239	363	654	0.40625758	2.3148551
240	362	655	0.46375227	2.8010919
240	457	656	0.59497817	-0.0091037167
241	255	657	0.50939133	1.7524169
241	358	658	0.3615132	1.3511217
242	451	659	0.4277368	1.1405045
244	483	660	0.43941968	0.71603727
244	495	661	0.85471567	-0.032635617
245	263	662	0.3750839	-2.0520232
245	266	663	0.50689937	1.7116409
245	474	664	0.52875014	0.67982145
246	370	665	0.38114143	0.067479332
247	262	666	0.27597331	0.19789604
248	485	667	0.16229347	-0.1064473
249	438	668	0.24343617	1.9948963
250	306	669	0.56743188	-0.42764828
250	338	670	0.59575067	0.33917845
250	356	671	0.50230792	2.6879261
251	389	672	0.38336962	-0.36293197
252	297	673	0.092210793	-1.222642
252	493	674	0.36344775	-0.56135581
253	483	675	0.61616013	2.9222458
253	495	676	0.1984952	-1.9781504
254	358	677	0.46941931	-1.6820765
254	472	678	0.45524638	0.95774213
256	259	679	0.55869516	1.8612351
256	290	680	0.58060815	-1.9841377
256	391	681	0.42310447	-0.047068904
256	415	682	0.45140962	0.1418733
256	422	683	0.69872561	-2.8433921
257	269	684	0.59176763	-1.4643732
257	343	685	0.25316099	2.4801923
258	294	686	0.35677865	3.08356
258	386	687	0.36638375	-1.2926072
258	387	688	0.40076793	-2.2870124
260	278	689	0.054276383	-1.1303064
260	297	690	0.28974884	0.4364424
260	315	691	0.38155615	-1.5076829
261	390	692	0.22438164	-1.2594445
261	445	693	0.43598416	2.8394776
262	267	694	0.48380698	0.078353192
263	415	695	0.30955159	-2.6458226
264	267	696	0.81950492	-2.5550862
264	296	697	0.59639109	0.47873404
265	450	698	0.54932957	-0.31085816
266	407	699	0.34780289	1.8700205
267	361	700	0.26878821	0.26801375
269	275	701	0.60808187	-2.8678886
269	413	702	0.42670592	-1.1994305
270	298	703	0.61822861	2.907949
270	380	704	0.60684983	-0.1024908
271	452	705	0.40274581	-1.6717556
272	488	706	0.14162657	0.33702095
273	345	707	0.4200266	-2.8562989
273	385	708	0.46079365	-0.8032588
273	442	709	0.50023038	0.32642195
276	281	710	0.63174045	-1.4181583
276	367	711	0.51528419	0.5219914
277	363	712	0.31185567	1.5522337
278	469	713	0.40257131	-2.1323076
279	280	714	0.48040611	2.7312603
279	321	715	0.37714312	1.3875726
279	336	716	0.48173599	-1.4385534
279	398	717	0.58549567	-2.1083926
279	471	718	0.59774641	-0.14784739
281	313	719	0.74435832	-1.6718772
281	376	720	0.39086216	-0.66857771
282	378	721	0.54420441	2.8588861
282	452	722	0.29146387	-0.61478374
283	369	723	0.37975927	-1.2632956
283	487	724	0.40221918	2.0446688
284	326	725	0.23563397	2.6068658
285	432	726	0.70366534	-0.60450602
287	423	727	0.34741525	0.82000166
289	377	728	0.19470084	1.2830886
289	400	729	0.68460556	2.4449747
290	309	730	0.38238542	-1.5079412
290	380	731	0.61953782	-3.0531644
290	444	732	0.34716993	-0.31414898
290	481	733	0.4561965	-2.5794278
292	358	734	0.61362351	-2.1225688
294	387	735	0.33612951	-1.2902747
295	431	736	0.40762348	0.30050894
295	472	737	0.64592916	-2.4432554
296	318	738	0.59581407	0.23423425
297	299	739	0.4709252	2.3377278
298	383	740	0.46145649	1.0280051
298	388	741	0.46438553	-1.8014429
299	301	742	0.19136138	-2.4020998
300	434	743	0.84793259	-1.5639787
300	482	744	0.71933065	1.2321342
300	486	745	0.7667815	1.7959553
303	451	746	0.18558301	-2.8662463
304	371	747	0.21193558	1.4438505
304	453	748	0.67619071	-1.4137745
305	319	749	0.57746545	-0.43792042
305	457	750	0.32106626	0.95691882
306	338	751	0.43592466	1.466279
306	383	752	0.62702618	-0.83452874
308	423	753	0.40943778	-2.4470578
310	446	754	0.38569334	2.9401317
311	489	755	0.6145669	0.3943317
312	324	756	0.36663069	1.4817268
312	409	757	0.28207794	-0.58437601
313	456	758	0.50541223	-2.3435099
315	477	759	0.2149485	-1.7588784
316	406	760	0.41880064	2.9915459
316	446	761	0.42306218	1.4380074
316	466	762	0.47797669	-1.4531552
317	453	763	0.4905686	-2.5240429
318	414	764	0.25704958	1.5932998
319	330	765	0.49550924	1.1787542
319	417	766	0.22452905	1.2089325
319	440	767	0.31004688	0.47122988
320	337	768	0.40735777	-3.002697
320	394	769	0.53394443	-0.83930219
320	424	770	0.40990949	1.592798
322	344	771	0.45483269	-1.6735498
322	367	772	0.61041361	-1.9500475
322	386	773	0.58303935	0.88188357
322	387	774	0.50011814	1.5569903
323	394	775	0.38881272	2.9699468
323	398	776	0.567496	1.9342132
323	399	777	0.5078918	-0.68501211
324	353	778	0.47909041	-0.28162176
324	413	779	0.51264225	3.014742
325	358	780	0.68570171	1.4301495
325	381	781	0.82396962	-1.8073359
326	481	782	0.38962883	0.77990732
327	472	783	0.34389886	-0.061989332
328	454	784	0.63358012	2.9829111
330	440	785	0.32885774	-1.3032692
330	457	786	0.52965777	3.0481718
331	393	787	0.22093202	-3.113525
332	418	788	0.28735856	-0.29635818
332	433	789	0.54919762	2.834601
333	379	790	0.45101317	-0.71476569
333	476	791	0.23952235	1.4127832
334	382	792	0.55419179	2.8602502
334	384	793	0.35080412	-1.4233837
335	376	794	0.30692985	-3.071568
335	451	795	0.41593315	-0.40504304
335	465	796	0.40535916	1.5166485
336	398	797	0.36422218	-3.0718614
337	379	798	0.46992517	-2.4151088
340	382	799	0.40713794	2.8002185
340	384	800	0.41595929	-1.0684305
342	416	801	0.37371225	-1.0085791
342	440	802	0.43114731	2.6452799
342	476	803	0.19293988	-1.1211436
344	425	804	0.27526458	3.0581331
345	404	805	0.39243009	-2.3356638
345	439	806	0.40568284	-0.53328406
345	463	807	0.43001792	2.8928681
346	384	808	0.4574305	1.7257566
348	489	809	0.40739655	-1.7542995
349	360	810	0.084703136	-2.9976939
350	472	811	0.62676913	-2.2553976
350	473	812	0.32012168	1.1587631
351	363	813	0.78365876	-1.6065731
351	399	814	0.73935873	2.2437298
352	385	815	0.3509512	2.448353
352	400	816	0.3640155	0.67862503
353	426	817	0.44439734	-0.17408217
354	360	818	0.63559969	2.6719433
355	362	819	0.31472909	-1.4086534
355	421	820	0.54085762	0.55333552
356	447	821	0.49821681	2.6005978
357	435	822	0.45947776	-2.1426897
359	475	823	0.34104709	1.0658504
364	381	824	0.41953697	-0.95577229
365	420	825	0.66941558	-0.20872184
365	421	826	0.64539119	-3.0832556
366	374	827	0.5150441	3.0274618
366	379	828	0.58162737	1.1163188
366	426	829	0.44056378	-2.3312743
367	425	830	0.16715197	2.1750681
367	465	831	0.75305788	-1.1837889
368	375	832	0.13100976	-1.721149
368	453	833	0.35184171	0.41483505
370	381	834	0.94213647	1.7001392
372	474	835	0.42334827	-2.1527388
374	426	836	0.431327	-1.0675236
375	401	837	0.3990427	-2.1540648
375	453	838	0.43626876	0.67123142
377	388	839	0.31988284	1.6519695
379	416	840	0.43251878	2.0193965
379	448	841	0.18304465	0.96608069
380	422	842	0.4225541	1.1243521
380	481	843	0.29821599	-0.68402591
382	471	844	0.30901081	-3.1238968
383	395	845	0.29976073	-0.44437721
384	405	846	0.5523164	-0.68924531
384	460	847	0.2133333	2.0981949
385	400	848	0.55332374	0.0076480815
385	439	849	0.37372562	3.1224573
388	400	850	0.5583599	-3.0226326
388	462	851	0.5013413	-0.18746651
389	404	852	0.31274002	1.2121459
389	479	853	0.082486042	2.7143217
391	415	854	0.087173541	1.2890356
393	461	855	0.37977389	3.0753917
394	398	856	0.4982075	1.1981862
396	427	857	0.62553776	2.4471444
397	404	858	0.3426071	2.6321453
398	424	859	0.64576553	2.5813785
400	442	860	0.63045857	2.2569776
400	459	861	0.29552166	-1.4582323
402	409	862	0.1630284	1.0532566
404	463	863	0.41514907	1.9277196
404	479	864	0.3179193	-2.1912733
408	454	865	0.34275864	1.4903666
410	483	866	0.40694736	-0.8323705
410	491	867	0.32723327	3.0092657
414	421	868	0.38667368	-0.41909751
416	476	869	0.18327929	2.2515386
417	440	870	0.20859211	-0.33832042
418	433	871	0.83654551	2.8382536
419	478	872	0.57539132	2.8765394
420	452	873	0.4406137	0.23609824
428	493	874	0.79494587	-1.0102883
432	463	875	0.68166411	-0.56583217
433	449	876	0.45485099	2.9191694
436	447	877	0.43606386	0.25487945
436	484	878	0.15697708	-1.5737289
437	451	879	0.43820184	-1.4641824
442	443	880	0.29615953	2.8263931
442	492	881	0.37575909	1.070035
450	478	882	0.60919602	-0.16968064
451	465	883	0.67322113	2.1355963
454	478	884	0.73207574	2.6802767
468	496	885	0.22874294	1.4524507
469	477	886	0.26739694	-0.85689396
470	487	887	0.44974101	-3.1402005
475	490	888	0.36776815	-2.3189807
480	493	889	1.0162678	2.5174646
482	486	890	0.41592818	2.9750397
486	496	891	0.30815848	-1.8579934
140	1	892	0.28660562	-1.8046499
334	1	893	0.33716566	-0.69308337
384	1	894	0.24599691	0.56437232
446	1	895	0.44092527	1.6119218
32	2	896	0.31829832	-2.3225074
89	2	897	0.46202804	-0.3995094
119	2	898	0.60279464	3.0876269
189	2	899	0.50400161	0.0064506921
328	2	900	0.19970193	0.51581565
130	3	901	0.73369677	2.8196919
205	3	902	1.3063234	-1.0408246
435	3	903	1.1619963	1.8526674
25	4	904	0.54005172	-0.81617992
48	4	905	0.48977827	0.14111328
316	4	906	0.51901004	2.4185522
406	4	907	0.2819135	1.4822043
446	4	908	0.45159383	-2.972662
13	5	909	0.40042692	1.7414252
147	5	910	0.8422496	-1.3975648
412	5	911	0.38649584	0.09121074
428	5	912	0.78790638	2.0311457
126	6	913	0.39307038	-2.3555494
429	6	914	0.099735251	2.6985421
19	7	915	0.28817487	1.3067505
65	7	916	0.28648267	3.0936526
92	7	917	0.38461686	-0.87029231
87	8	918	0.20835016	0.74853801
102	8	919	0.18787586	-2.0681286
292	8	920	0.60958229	0.85941737
431	8	921	0.61763234	-2.4570927
50	9	922	0.57933378	2.8516275
114	9	923	0.49852085	-0.27826424
251	9	924	0.356318	-1.2958919
263	10	925	0.14793274	2.7155116
373	10	926	0.34064949	-1.1209054
415	10	927	0.24971351	0.98731191
13	11	928	0.34949536	1.9731018
30	11	929	0.45346166	2.1087098
370	11	930	0.55058165	-1.4409564
67	12	931	0.39920135	-3.1203482
228	12	932	0.50815454	-0.17313649
238	12	933	0.29634797	1.4161104
489	12	934	0.37020045	2.6734466
71	13	935	0.55264214	2.1684201
114	14	936	0.72731589	2.4692891
248	14	937	0.19610139	2.4624882
265	14	938	0.57177827	1.822232
297	14	939	0.92311724	-0.91856289
51	15	940	0.21766126	0.73468249
94	15	941	0.38598331	-0.96131496
34	16	942	0.33902509	2.041819
85	16	943	0.14203521	-2.5350958
106	16	944	0.31860957	-1.0383018
194	17	945	0.32397491	-2.5369223
219	17	946	1.172637	2.6930693
253	17	947	0.81138213	-0.35553097
349	17	948	0.34596734	-1.6897767
360	17	949	0.33412239	-1.442463
495	17	950	0.84523761	-0.11880182
41	18	951	0.51055142	-2.9760084
101	18	952	0.48606681	0.6893457
157	18	953	0.12164629	2.0588365
65	19	954	0.44779697	-2.5098191
92	19	955	0.59773048	-1.2776652
256	19	956	0.67257023	1.396377
259	19	957	0.30449183	0.43049076
373	19	958	0.33029665	2.8863719
137	20	959	0.39247593	2.7521953
218	20	960	0.46944592	-2.694696
269	20	961	0.59550823	-0.21235232
324	20	962	0.34661839	1.8073703
166	21	963	0.28727693	-1.3134413
188	21	964	0.35095318	0.25713534
88	22	965	0.26911941	3.0441718
170	22	966	0.51621882	-2.1129417
260	22	967	0.4304864	1.2810133
301	22	968	0.33817121	0.23861751
227	23	969	0.60739265	-1.752714
370	23	970	0.58650124	1.736175
441	23	971	0.24025439	0.57471167
141	24	972	0.57747577	-2.3852164
186	24	973	0.58455444	0.36438973
475	24	974	0.089176541	-1.0180775
48	25	975	0.47641181	1.3270667
63	25	976	0.35065758	-1.5352702
471	25	977	0.5738437	-1.0129658
121	26	978	0.51674705	1.8989777
130	26	979	0.48230322	-0.88458214
468	26	980	0.27918001	-1.4841791
383	27	981	0.56174446	-0.25184359
395	27	982	0.27360237	-0.040636423
422	27	983	0.61032435	3.0114025
95	28	984	0.28125464	-2.6717595
179	28	985	0.2443494	2.2750833
418	28	986	0.41613	-0.88148568
262	29	987	0.56994521	-0.83216849
294	29	988	0.76777714	1.6257638
361	29	989	0.6398442	-2.1641879
71	30	990	0.44471137	2.0766152
297	30	991	0.87571351	1.9608135
299	30	992	0.47090336	1.5838808
370	30	993	0.98341297	-1.2569317
228	31	994	0.32077146	-2.491898
238	31	995	0.73434454	2.8850905
282	31	996	0.52385717	-0.65466894
354	31	997	0.37658001	1.5314583
360	31	998	0.58830646	0.15123373
452	31	999	0.23291525	-0.7045877
89	32	1000	0.6451719	0.081946391
119	32	1001	0.4670411	2.538146
274	32	1002	0.37872682	0.46559734
289	32	1003	0.72352854	-2.4451399
49	33	1004	0.59601419	2.9882168
112	33	1005	0.51441713	-1.3446013
205	33	1006	0.66793462	1.6580182
219	33	1007	0.70842388	-0.31390936
369	33	1008	0.44513849	-2.5691885
85	34	1009	0.38486264	-1.4741292
154	34	1010	0.18943747	2.7856781
181	34	1011	0.25935804	0.19798351
307	34	1012	0.53234414	2.0515689
45	35	1013	0.59909844	-0.82600389
201	35	1014	0.56941943	2.0132351
222	35	1015	0.16923413	1.7224083
250	35	1016	0.44236473	-2.0026871
492	35	1017	0.39432326	1.582419
171	36	1018	0.36693745	-0.67266312
216	36	1019	0.51284285	2.4698149
231	37	1020	0.32079334	-0.3647801
427	37	1021	0.42307924	1.135763
455	37	1022	0.46632002	-2.4579715
92	38	1023	0.73148108	1.5815011
192	38	1024	0.73856305	3.1211801
396	38	1025	0.88587114	-0.78788363
467	38	1026	0.21840574	2.9092849
113	39	1027	0.41565927	-2.7615552
152	39	1028	0.67960653	0.68106746
318	39	1029	0.38748407	-2.9226647
491	39	1030	0.39789394	-1.9076698
108	40	1031	0.21123824	-0.55125414
191	40	1032	0.3935272	1.89625
212	40	1033	0.11785024	-3.0468212
470	40	1034	0.3230642	-0.080475379
355	41	1035	0.27544504	1.8392004
421	41	1036	0.53352115	-3.1066235
126	42	1037	0.43489747	1.8643942
145	42	1038	0.51601825	-1.6618721
86	43	1039	0.50795812	-2.3883122
170	43	1040	0.46191173	1.3204904
313	43	1041	0.2916004	-0.46985396
447	44	1042	0.68825477	1.8250941
453	44	1043	0.67698602	-1.2883018
160	45	1044	0.56205821	-0.35855039
250	45	1045	0.59251641	3.0761819
339	45	1046	0.5050933	0.5706446
356	45	1047	0.22900147	-2.2271922
447	45	1048	0.52381994	-0.99022053
187	46	1049	0.38063297	0.42996724
200	46	1050	0.4253456	2.8591849
225	46	1051	0.43522793	-0.2518726
394	46	1052	0.4403585	-2.2314228
455	46	1053	0.28568277	1.6708829
97	47	1054	0.30658703	2.0103919
190	47	1055	0.24223341	0.5697704
240	47	1056	0.2807043	-3.015928
362	47	1057	0.24756173	-0.87526308
127	48	1058	0.49719766	-0.18556447
399	48	1059	0.57947061	0.57973534
406	48	1060	0.50643969	2.7098477
74	49	1061	0.67918012	2.6604752
369	49	1062	0.39558657	-0.99670009
89	50	1063	0.72464088	2.8375799
389	50	1064	0.47420301	-0.90347636
419	50	1065	0.30925698	2.3506597
478	50	1066	0.34483918	0.20191133
213	51	1067	0.61583796	-1.6860464
331	51	1068	0.338263	2.1150784
393	51	1069	0.29909455	1.4174313
461	51	1070	0.50345044	0.56713121
339	52	1071	0.1931058	-1.9938431
74	53	1072	0.68326934	-0.85808072
411	53	1073	0.35329851	-2.4488396
486	53	1074	0.69632841	1.8210037
494	53	1075	0.34727308	-2.7367124
118	54	1076	0.51009996	-2.8125335
124	54	1077	0.39640301	-0.34204526
249	54	1078	0.23522319	-2.493336
432	54	1079	0.45985156	0.83441914
68	55	1080	0.6310334	2.5094639
243	55	1081	0.39867872	-0.15787205
311	55	1082	0.67801036	-3.0583255
330	55	1083	0.67040558	0.46832426
392	55	1084	0.35262586	2.3889874
420	55	1085	0.60198755	-0.72864869
452	55	1086	0.50433156	-1.5296658
284	56	1087	0.30226786	0.87097273
290	56	1088	0.48515891	-2.1500612
309	56	1089	0.29062395	-3.0575974
326	56	1090	0.41267472	0.27268563
83	57	1091	0.39890729	1.5529011
185	57	1092	0.30590276	-1.4380742
223	57	1093	0.26897101	2.9076953
435	57	1094	0.38967196	-0.65566214
385	58	1095	0.3950124	-2.6653859
397	58	1096	0.34905958	0.16040812
439	58	1097	0.18958026	-1.4513343
95	59	1098	0.19375259	1.4576584
288	59	1099	0.52037611	-2.7929624
418	59	1100	0.53731542	-0.0023686758
233	60	1101	0.42617676	-2.5727539
364	60	1102	0.36451274	1.3805937
67	61	1103	0.24433571	0.19195952
209	61	1104	0.21200116	-2.4815715
220	61	1105	0.22073638	2.5923845
487	61	1106	0.3705675	1.2192102
141	62	1107	0.23876868	2.8946924
169	62	1108	0.85297875	-2.3228203
288	62	1109	0.80144016	0.61053673
475	62	1110	0.44591125	1.0149142
471	63	1111	0.32166648	-0.43795789
352	64	1112	0.29828134	-1.6362867
266	65	1113	0.36343787	-2.8091024
373	65	1114	0.35034344	1.4512969
407	65	1115	0.51133392	-2.0615974
408	66	1116	0.19631858	0.73885974
433	66	1117	0.42870067	-1.8945761
148	67	1118	0.26646654	2.7904856
487	67	1119	0.321508	1.9273757
110	68	1120	0.41262654	-3.0436641
237	68	1121	0.32036884	0.74435401
392	68	1122	0.2841419	-0.48241785
424	68	1123	0.62092113	2.4834523
166	69	1124	0.40630372	-0.1498054
77	70	1125	0.49962437	-1.4210464
94	70	1126	0.43280959	0.62776178
213	70	1127	0.24373741	0.44467071
291	70	1128	0.39773567	2.6205564
252	71	1129	0.34513821	1.8226784
428	71	1130	0.1484284	-1.3747166
493	71	1131	0.6583939	2.2117413
90	72	1132	0.40548406	-1.1234909
134	72	1133	0.57455859	1.9392573
303	72	1134	0.33747823	-0.10025986
401	72	1135	0.38754386	-1.8911944
152	73	1136	0.78743058	-2.8845919
295	73	1137	0.48371915	0.64379941
350	73	1138	0.53285103	0.42582058
431	73	1139	0.1697057	1.5853367
473	73	1140	0.36449854	-0.20227272
75	74	1141	0.33476422	-1.5947624
215	74	1142	0.34377009	-2.8704677
235	75	1143	0.27982276	-0.73244666
125	76	1144	0.49995639	-1.9599015
230	76	1145	0.51848033	0.84599335
213	77	1146	0.61629937	1.3324679
272	77	1147	0.54149178	-1.3966191
488	77	1148	0.58149637	-1.6393282
124	78	1149	0.25684851	2.609375
195	78	1150	0.2619208	-1.6442462
226	79	1151	0.24324764	-1.4928533
248	79	1152	0.46473174	0.50844536
251	79	1153	0.52637634	2.4141157
432	79	1154	0.57854347	-1.8166823
485	79	1155	0.34510655	0.78317363
87	80	1156	0.94222238	-2.0242569
233	80	1157	0.6030447	1.1295912
325	80	1158	0.71939584	1.215367
358	80	1159	0.15428615	-0.029165609
174	81	1160	0.3758487	-0.31788294
272	81	1161	0.2158235	2.8511708
243	82	1162	0.38891909	-2.7433973
330	82	1163	0.26404335	2.1934649
457	82	1164	0.40822376	0.41630712
174	83	1165	0.52553629	0.74356531
223	83	1166	0.4306743	-2.2447796
272	83	1167	0.56353177	1.8902533
435	83	1168	0.70432495	-1.1280745
488	83	1169	0.57863865	2.1374847
304	84	1170	0.39880527	0.85996259
371	84	1171	0.25085098	0.37547932
413	84	1172	0.47438063	-2.4851327
106	85	1173	0.33910825	-0.60738627
396	85	1174	0.34874133	-2.4320912
242	86	1175	0.36050089	2.3816746
335	86	1176	0.30969185	-1.7574522
376	86	1177	0.37663269	-0.8495203
451	86	1178	0.46162125	-2.8325271
102	87	1179	0.39102249	-2.2390611
247	87	1180	0.51857328	-1.072446
267	87	1181	0.74495968	-2.315763
170	88	1182	0.46837369	-1.5676207
278	88	1183	0.56994122	0.86954849
285	88	1184	0.55643853	-3.0215501
189	89	1185	0.1990333	1.1662115
274	89	1186	0.32637175	2.7742188
419	89	1187	0.47395623	0.0062506055
196	90	1188	0.38614447	-2.3730035
437	90	1189	0.38930469	-0.13771919
276	91	1190	0.21589032	-0.7199931
281	91	1191	0.48657377	1.4342057
367	91	1192	0.49018396	-2.1896439
138	92	1193	0.42151421	0.46858668
284	93	1194	0.65072333	-2.9641112
289	93	1195	0.85868021	0.064079868
326	93	1196	0.49683311	-2.6489813
329	93	1197	0.38006466	2.389039
203	94	1198	0.54435366	-0.20701097
213	94	1199	0.19817859	-2.2879905
341	94	1200	0.22058606	0.4945348
168	95	1201	0.40131988	1.7603152
179	95	1202	0.3269248	1.2837313
288	95	1203	0.63100884	-2.5144836
418	95	1204	0.55066462	-0.35961515
111	96	1205	0.32779804	-2.6744199
218	96	1206	0.48620887	1.3055491
319	96	1207	0.39688256	-1.4321542
143	97	1208	0.39621139	-0.20829
190	97	1209	0.36522892	-0.41353804
240	97	1210	0.34588973	-2.0129941
257	97	1211	0.5546011	1.4624909
305	97	1212	0.55981363	-3.0615571
157	98	1213	0.41864271	0.68351838
318	98	1214	0.34398228	2.6781668
414	98	1215	0.31907396	-2.8121707
118	99	1216	0.63111384	-1.3320008
273	99	1217	0.51645384	2.6463559
345	99	1218	0.36726	1.7110928
463	99	1219	0.44720944	0.61438025
138	100	1220	0.21146128	-1.0443133
157	101	1221	0.47687895	-2.7048624
264	101	1222	0.11007398	1.1549015
361	101	1223	0.67247237	0.80142658
431	102	1224	0.44947323	-2.616279
218	103	1225	0.43712024	1.5884146
319	103	1226	0.4327445	-1.7574637
251	104	1227	0.28597856	0.51319866
389	104	1228	0.2973119	1.9471028
404	104	1229	0.21964173	-3.0671651
463	104	1230	0.41201398	-1.7513409
175	105	1231	0.36023643	-0.98298904
232	106	1232	0.66890996	-0.82282399
293	106	1233	0.64235957	1.2617697
396	106	1234	0.54408336	-3.0797013
427	106	1235	0.43843226	-1.7135469
217	107	1236	0.33860336	-0.91634308
372	107	1237	0.46760253	-0.090884751
464	107	1238	0.39810999	2.8097905
208	108	1239	0.34195283	0.8703177
212	108	1240	0.31347391	2.8186447
220	108	1241	0.31281278	-0.49058502
470	108	1242	0.16538664	0.53743177
193	109	1243	0.16564774	-2.2224215
234	109	1244	0.31447275	-2.0474109
405	109	1245	0.44970985	-1.3122777
458	109	1246	0.28590035	2.9114848
482	109	1247	0.58312315	1.02296
280	110	1248	0.4917499	3.0013901
311	110	1249	0.45915554	-1.0103052
424	110	1250	0.42778558	1.7602948
319	111	1251	0.42545839	-0.61492542
333	111	1252	0.42185907	2.5666415
342	111	1253	0.35707317	-2.6103494
219	112	1254	0.62585599	0.46843259
238	112	1255	0.58751616	-0.89840986
283	112	1256	0.38817927	-2.8763893
369	112	1257	0.55440694	2.6530563
487	112	1258	0.49776996	-1.9647418
410	113	1259	0.19138054	-1.9446271
483	113	1260	0.365083	2.7985809
248	114	1261	0.53122072	-0.66979301
265	114	1262	0.43853856	0.23200863
450	114	1263	0.28555747	1.9144489
478	114	1264	0.78963354	2.6514312
260	115	1265	0.27206962	-2.1980965
278	115	1266	0.25046085	-2.3891204
315	115	1267	0.2439996	2.4235796
149	116	1268	0.29559398	0.30516506
193	116	1269	0.27616947	-0.2099191
458	116	1270	0.16710703	0.98631345
305	117	1271	0.28493542	1.9231917
134	118	1272	0.76468702	-1.198102
178	118	1273	0.68400361	2.5292301
249	118	1274	0.29610631	0.077119766
339	118	1275	0.46432742	-2.7121909
438	118	1276	0.44267948	-0.46638908
186	119	1277	0.60120088	3.0653394
430	119	1278	0.39335434	2.5690183
294	120	1279	0.70248327	-1.6982127
322	120	1280	0.21614196	2.5176853
367	120	1281	0.69515317	1.4979867
166	121	1282	0.64581908	1.848861
223	121	1283	0.42280194	0.86442289
300	121	1284	0.55077106	-1.7437437
433	122	1285	0.89462964	2.6502382
449	122	1286	0.47186716	2.3912324
480	122	1287	1.0168739	-0.58841866
255	123	1288	0.47553206	1.307298
327	123	1289	0.25347986	-1.640897
472	123	1290	0.42887366	-2.5712633
195	124	1291	0.44063291	-1.0943078
285	124	1292	0.51962231	0.14238009
432	124	1293	0.47805118	1.7063421
438	124	1294	0.51540469	-2.6769862
131	125	1295	0.58484658	-1.9203666
239	125	1296	0.50220014	0.18810982
347	125	1297	0.38712959	3.0466705
206	126	1298	0.32044504	0.84545382
265	126	1299	0.63686225	-2.6328967
429	126	1300	0.37172337	1.0416093
323	127	1301	0.39922708	0.2218272
336	127	1302	0.52048865	-1.1177194
399	127	1303	0.40918743	1.58026
199	128	1304	0.17342691	-2.8291419
308	128	1305	0.29967546	2.1801488
156	129	1306	0.48841981	2.3706029
161	129	1307	0.5592943	-1.2154217
275	129	1308	0.51629518	3.1041073
386	129	1309	0.56364111	0.39709721
357	130	1310	0.51289967	1.3263792
468	130	1311	0.29704325	2.8160522
486	130	1312	0.58268315	-2.3174256
496	130	1313	0.33556326	-2.7368387
466	131	1314	0.5852277	-1.5936198
165	132	1315	0.18173597	-1.4522804
316	133	1316	0.4588061	-2.4119413
351	133	1317	0.63917153	0.51576545
406	133	1318	0.37543652	-1.3775586
466	133	1319	0.43241707	2.7404945
160	134	1320	0.60134752	3.0603447
436	134	1321	0.42438299	-2.947134
438	134	1322	0.52629421	1.3466964
451	134	1323	0.88881638	-0.62399354
180	135	1324	0.74769024	-3.0870209
328	135	1325	0.60689815	0.10142283
332	135	1326	0.45724078	-0.15300931
418	135	1327	0.17763814	0.080195446
458	136	1328	0.32280111	-2.0422747
482	136	1329	0.45896623	0.32141881
218	137	1330	0.35699662	-1.7403727
324	137	1331	0.33878444	0.58815912
353	137	1332	0.36732364	2.0778099
374	137	1333	0.40851633	3.0920296
259	138	1334	0.57710083	2.0617474
261	138	1335	0.41909973	0.018425537
307	138	1336	0.52453944	-1.1001726
378	139	1337	0.39855792	1.6202954
334	140	1338	0.33189802	0.19215815
169	141	1339	0.76646607	-2.0467106
197	141	1340	0.39206137	2.076368
314	141	1341	0.44928374	-2.9598701
329	141	1342	0.26308134	0.13131507
475	141	1343	0.56621533	0.60151712
253	142	1344	0.50092754	2.7386707
318	142	1345	0.49226005	0.019493877
190	143	1346	0.083872617	-2.2579821
308	143	1347	0.31615846	-0.05308144
166	144	1348	0.34553152	-1.7182689
488	144	1349	0.4032673	0.47250068
493	145	1350	0.59826309	-1.9273259
229	146	1351	0.18456517	-2.2841662
263	146	1352	0.21533721	-1.9318862
391	146	1353	0.2224141	0.13321781
415	146	1354	0.20355201	-0.26949223
227	147	1355	0.81935845	-1.5932231
441	147	1356	0.30702275	-0.3015367
208	148	1357	0.45089529	2.1149188
209	148	1358	0.3108727	-2.1006388
489	148	1359	0.32979708	0.25715976
176	149	1360	0.25290381	1.4096994
316	149	1361	0.46553061	-0.15606322
199	150	1362	0.36407158	2.3055493
200	151	1363	0.66034559	-1.8833397
396	151	1364	0.65958501	1.2047595
244	152	1365	0.94192795	-2.9591836
431	152	1366	0.84440189	0.453359
224	153	1367	0.33361141	-1.0477224
248	153	1368	0.61654897	2.8707907
315	153	1369	0.4040478	-0.48561908
477	153	1370	0.39816429	0.056705712
213	155	1371	0.40460526	2.9641913
403	155	1372	0.52927693	-0.37568349
275	156	1373	0.36121474	-2.0471354
304	156	1374	0.57172747	2.0625019
264	157	1375	0.56443228	0.56540807
318	157	1376	0.64190133	-2.9683995
241	158	1377	0.63453654	1.3198151
472	158	1378	0.62314171	-1.9579184
326	159	1379	0.32992344	2.622493
380	159	1380	0.44689872	-2.4093603
462	159	1381	0.48811945	0.085195065
447	160	1382	0.33923776	-2.3525307
484	160	1383	0.18529653	0.14168548
258	161	1384	0.5774324	0.74159161
287	161	1385	0.3451909	-1.6814085
423	161	1386	0.65742677	-2.0025643
318	162	1387	0.85543873	0.091656308
360	162	1388	0.84705915	2.8835294
365	162	1389	0.15179182	-2.7426318
378	162	1390	0.5759114	-2.5030886
421	162	1391	0.50487348	-0.042273368
358	163	1392	0.39270075	2.8545721
177	164	1393	0.30649248	-0.11730631
320	164	1394	0.29257552	2.0680095
424	164	1395	0.20085965	-2.2782193
293	165	1396	0.65018376	-1.9701051
338	165	1397	0.67393435	0.70609262
445	165	1398	0.45134433	2.7237573
188	166	1399	0.45348856	0.94318066
233	167	1400	0.49668265	-1.3389111
268	167	1401	0.36147715	-0.15768237
276	167	1402	0.61409069	2.3201011
403	169	1403	1.1339771	-2.1463855
285	170	1404	0.68426627	2.5141162
313	170	1405	0.59754723	-1.3246812
456	170	1406	0.5438571	-0.41174413
232	172	1407	0.59255393	2.7818278
353	172	1408	0.4005069	-0.88189102
409	172	1409	0.51813784	0.15205012
426	172	1410	0.29569264	-2.2384706
303	173	1411	0.25283138	2.5965988
437	173	1412	0.25434631	-1.5353315
451	173	1413	0.18538291	1.7751002
403	174	1414	1.1122299	1.2235806
435	174	1415	0.99580676	-1.656352
256	175	1416	0.48119634	-1.0286844
466	176	1417	0.39399524	0.39795406
237	177	1418	0.40418923	-0.7636619
337	177	1419	0.35175835	1.6861981
442	178	1420	0.60097657	2.6091567
443	178	1421	0.31824494	2.4072125
359	180	1422	0.37179333	2.879575
475	180	1423	0.56173427	-2.7734111
490	180	1424	0.28205601	2.900417
293	181	1425	0.25715097	-0.061035439
344	182	1426	0.50027972	-1.2053305
437	182	1427	0.53449389	2.0360463
381	183	1428	0.3826793	3.1035118
302	184	1429	0.18165409	-0.14049303
312	184	1430	0.32988884	-2.1758546
317	184	1431	0.50037616	0.57996174
409	184	1432	0.43845581	-2.8745333
357	185	1433	0.32133405	-1.5094215
435	185	1434	0.27629947	0.23984535
430	186	1435	0.31665211	0.55671616
490	186	1436	0.24959119	-3.0827641
225	187	1437	0.27759663	-1.2953197
231	187	1438	0.41908055	0.81744828
245	188	1439	0.82086988	0.91678322
372	188	1440	0.14857639	-2.9066801
434	188	1441	0.70855469	-1.841659
474	188	1442	0.33104617	1.3011213
419	189	1443	0.43462645	-0.42701253
454	189	1444	0.29538792	-0.016471764
308	190	1445	0.3720365	0.1295487
208	191	1446	0.57113237	-0.39935887
212	191	1447	0.38411558	-1.5486541
382	191	1448	0.61514648	2.3352519
471	191	1449	0.46438598	1.8250585
230	192	1450	0.59116338	2.2730873
239	192	1451	0.52095551	-2.5148429
277	192	1452	0.32483908	-2.019803
363	192	1453	0.62201174	-1.8090388
407	192	1454	0.57489098	1.648294
234	193	1455	0.15407893	-1.859108
310	193	1456	0.27080863	-1.4307686
316	193	1457	0.47747232	0.15561461
458	193	1458	0.265377	2.3055129
354	194	1459	0.29330713	2.642219
242	195	1460	0.49775324	-1.3274908
368	196	1461	0.32524686	-2.4932212
375	196	1462	0.24877913	-2.8694062
214	198	1463	0.13253071	0.17447376
456	198	1464	0.37899773	-2.9162517
355	199	1465	0.53056954	-2.3423159
362	199	1466	0.42647495	-2.977331
423	199	1467	0.64012848	1.0686357
323	200	1468	0.46882513	-2.120203
394	200	1469	0.48631697	-1.2824612
399	200	1470	0.64293866	-3.0191978
455	200	1471	0.41452004	0.41129183
202	201	1472	0.36769604	1.2245698
298	201	1473	0.66489182	2.8694152
442	201	1474	0.46892588	0.462739
492	201	1475	0.26775435	-0.46594607
400	202	1476	0.36646976	1.8602986
442	202	1477	0.32491784	-0.43372545
245	203	1478	0.8749912	-2.1685926
256	203	1479	0.43878174	-0.42190009
290	203	1480	0.72475821	0.50719172
341	203	1481	0.40191894	2.5725063
444	203	1482	0.55043787	0.98712703
214	204	1483	0.36796921	-2.9349386
219	205	1484	1.1478316	-0.87926702
429	206	1485	0.084841321	1.8689526
401	207	1486	0.1887702	-3.0897229
279	208	1487	0.58576648	1.6592962
321	208	1488	0.24440696	2.0863098
489	208	1489	0.62948481	-0.50019533
220	209	1490	0.24609248	1.65541
235	210	1491	0.54844496	2.1992027
283	210	1492	0.41166043	-0.10455225
470	210	1493	0.42626548	-1.2281455
215	211	1494	0.71482934	-1.1650784
221	211	1495	0.3752009	2.1881532
346	211	1496	0.28385675	-2.6418337
486	211	1497	0.6268949	1.5801406
456	214	1498	0.51140142	-2.9294287
235	215	1499	0.68328766	-0.68013086
382	215	1500	0.44928581	-1.2928846
384	215	1501	0.46578053	2.9932946
460	215	1502	0.37170801	-2.8255662
247	216	1503	0.42035013	2.1605114
262	216	1504	0.58434025	2.6122056
286	216	1505	0.36159515	-0.69037097
372	217	1506	0.34429162	0.71684163
434	217	1507	0.47331554	-1.1005336
374	218	1508	0.50932398	2.322384
354	219	1509	0.76722677	-0.80345084
470	220	1510	0.26788131	2.0939929
487	220	1511	0.39233249	0.63483907
346	221	1512	0.44312407	-1.642946
482	221	1513	0.43765293	2.0424022
486	221	1514	0.38426134	0.98844606
297	224	1515	0.40569762	-1.688998
379	225	1516	0.49797047	-0.56839872
432	226	1517	0.3564441	-2.0355741
241	227	1518	0.88874877	-1.6559425
325	227	1519	0.56244678	-1.6745229
381	227	1520	0.27668922	1.0617092
452	228	1521	0.43502217	0.099433965
245	229	1522	0.41490978	-1.886731
263	229	1523	0.07634374	-0.94529669
391	229	1524	0.38082416	0.46010778
266	230	1525	0.51135553	1.0936463
372	230	1526	0.55093911	2.629303
407	230	1527	0.35870974	0.34671281
366	231	1528	0.56251965	-0.60139747
427	231	1529	0.51268938	1.8098234
426	232	1530	0.57649913	-0.87046511
427	232	1531	0.52039935	3.0330305
325	233	1532	0.12933489	1.6262872
310	234	1533	0.1454824	-0.97527636
405	234	1534	0.30221795	-0.53984186
369	235	1535	0.62935024	-0.19944253
382	235	1536	0.40799557	-3.1358796
284	236	1537	0.62267173	0.14455751
309	236	1538	0.21194362	-0.89912042
314	236	1539	0.44506561	0.90030807
444	236	1540	0.47349341	-1.9477045
461	236	1541	0.64747167	-3.05681
342	237	1542	0.46886779	0.5254321
392	237	1543	0.34923882	-1.5247516
487	238	1544	0.55699861	-3.1415823
363	239	1545	0.40625758	-0.82673755
362	240	1546	0.46375227	-0.34050072
457	240	1547	0.59497817	3.1324889
255	241	1548	0.50939133	-1.3891757
358	241	1549	0.3615132	-1.790471
451	242	1550	0.4277368	-2.0010881
483	244	1551	0.43941968	-2.4255554
495	244	1552	0.85471567	3.108957
263	245	1553	0.3750839	1.0895694
266	245	1554	0.50689937	-1.4299517
474	245	1555	0.52875014	-2.4617712
370	246	1556	0.38114143	-3.0741133
262	247	1557	0.27597331	-2.9436966
485	248	1558	0.16229347	3.0351454
438	249	1559	0.24343617	-1.1466964
306	250	1560	0.56743188	2.7139444
338	250	1561	0.59575067	-2.8024142
356	250	1562	0.50230792	-0.45366658
389	251	1563	0.38336962	2.7786607
297	252	1564	0.092210793	1.9189507
493	252	1565	0.36344775	2.5802368
483	253	1566	0.61616013	-0.21934688
495	253	1567	0.1984952	1.1634423
358	254	1568	0.46941931	1.4595162
472	254	1569	0.45524638	-2.1838505
259	256	1570	0.55869516	-1.2803576
290	256	1571	0.58060815	1.1574549
391	256	1572	0.42310447	3.0945237
415	256	1573	0.45140962	-2.9997193
422	256	1574	0.69872561	0.2982006
269	257	1575	0.59176763	1.6772195
343	257	1576	0.25316099	-0.66140031
294	258	1577	0.35677865	-0.058032647
386	258	1578	0.36638375	1.8489854
387	258	1579	0.40076793	0.85458023
278	260	1580	0.054276383	2.0112862
297	260	1581	0.28974884	-2.7051503
315	260	1582	0.38155615	1.6339098
390	261	1583	0.22438164	1.8821481
445	261	1584	0.43598416	-0.3021151
267	262	1585	0.48380698	-3.0632395
415	263	1586	0.30955159	0.49577004
267	264	1587	0.81950492	0.58650648
296	264	1588	0.59639109	-2.6628586
450	265	1589	0.54932957	2.8307345
407	266	1590	0.34780289	-1.2715722
361	267	1591	0.26878821	-2.8735789
275	269	1592	0.60808187	0.27370406
413	269	1593	0.42670592	1.9421622
298	270	1594	0.61822861	-0.23364365
380	270	1595	0.60684983	3.0391019
452	271	1596	0.40274581	1.469837
488	272	1597	0.14162657	-2.8045717
345	273	1598	0.4200266	0.28529379
385	273	1599	0.46079365	2.3383339
442	273	1600	0.50023038	-2.8151707
281	276	1601	0.63174045	1.7234343
367	276	1602	0.51528419	-2.6196013
363	277	1603	0.31185567	-1.589359
469	278	1604	0.40257131	1.0092851
280	279	1605	0.48040611	-0.41033238
321	279	1606	0.37714312	-1.75402
336	279	1607	0.48173599	1.7030392
398	279	1608	0.58549567	1.0332001
471	279	1609	0.59774641	2.9937453
313	281	1610	0.74435832	1.4697154
376	281	1611	0.39086216	2.4730149
378	282	1612	0.54420441	-0.28270656
452	282	1613	0.29146387	2.5268089
369	283	1614	0.37975927	1.8782971
487	283	1615	0.40221918	-1.0969239
326	284	1616	0.23563397	-0.53472686
432	285	1617	0.70366534	2.5370866
423	287	1618	0.34741525	-2.321591
377	289	1619	0.19470084	-1.8585041
400	289	1620	0.68460556	-0.69661792
309	290	1621	0.38238542	1.6336514
380	290	1622	0.61953782	0.088428281
444	290	1623	0.34716993	2.8274437
481	290	1624	0.4561965	0.56216483
358	292	1625	0.61362351	1.0190239
387	294	1626	0.33612951	1.851318
431	295	1627	0.40762348	-2.8410837
472	295	1628	0.64592916	0.69833723
318	296	1629	0.59581407	-2.9073584
299	297	1630	0.4709252	-0.80386489
383	298	1631	0.46145649	-2.1135876
388	298	1632	0.46438553	1.3401497
301	299	1633	0.19136138	0.73949282
434	300	1634	0.84793259	1.577614
482	300	1635	0.71933065	-1.9094584
486	300	1636	0.7667815	-1.3456374
451	303	1637	0.18558301	0.27534639
371	304	1638	0.21193558	-1.6977421
453	304	1639	0.67619071	1.7278182
319	305	1640	0.57746545	2.7036722
457	305	1641	0.32106626	-2.1846738
338	306	1642	0.43592466	-1.6753136
383	306	1643	0.62702618	2.3070639
423	308	1644	0.40943778	0.69453488
446	310	1645	0.38569334	-0.20146097
489	311	1646	0.6145669	-2.747261
324	312	1647	0.36663069	-1.6598659
409	312	1648	0.28207794	2.5572166
456	313	1649	0.50541223	0.79808272
477	315	1650	0.2149485	1.3827143
406	316	1651	0.41880064	-0.15004671
446	316	1652	0.42306218	-1.7035853
466	316	1653	0.47797669	1.6884375
453	317	1654	0.4905686	0.61754974
414	318	1655	0.25704958	-1.5482929
330	319	1656	0.49550924	-1.9628385
417	319	1657	0.22452905	-1.9326602
440	319	1658	0.31004688	-2.6703628
337	320	1659	0.40735777	0.13889567
394	320	1660	0.53394443	2.3022905
424	320	1661	0.40990949	-1.5487947
344	322	1662	0.45483269	1.4680428
367	322	1663	0.61041361	1.1915451
386	322	1664	0.58303935	-2.2597091
387	322	1665	0.50011814	-1.5846024
394	323	1666	0.38881272	-0.17164589
398	323	1667	0.567496	-1.2073795
399	323	1668	0.5078918	2.4565805
353	324	1669	0.47909041	2.8599709
413	324	1670	0.51264225	-0.12685063
358	325	1671	0.68570171	-1.7114432
381	325	1672	0.82396962	1.3342567
481	326	1673	0.38962883	-2.3616853
472	327	1674	0.34389886	3.0796033
454	328	1675	0.63358012	-0.15868156
440	330	1676	0.32885774	1.8383234
457	330	1677	0.52965777	-0.093420868
393	331	1678	0.22093202	0.028067613
418	332	1679	0.28735856	2.8452345
433	332	1680	0.54919762	-0.30699168
379	333	1681	0.45101317	2.426827
476	333	1682	0.23952235	-1.7288095
382	334	1683	0.55419179	-0.28134247
384	334	1684	0.35080412	1.718209
376	335	1685	0.30692985	0.070024697
451	335	1686	0.41593315	2.7365496
465	335	1687	0.40535916	-1.6249441
398	336	1688	0.36422218	0.069731208
379	337	1689	0.46992517	0.72648381
382	340	1690	0.40713794	-0.3413741
384	340	1691	0.41595929	2.0731621
416	342	1692	0.37371225	2.1330136
440	342	1693	0.43114731	-0.49631274
476	342	1694	0.19293988	2.0204491
425	344	1695	0.27526458	-0.083459588
404	345	1696	0.39243009	0.80592887
439	345	1697	0.40568284	2.6083086
463	345	1698	0.43001792	-0.24872458
384	346	1699	0.4574305	-1.4158361
489	348	1700	0.40739655	1.3872932
360	349	1701	0.084703136	0.14389879
472	350	1702	0.62676913	0.88619507
473	350	1703	0.32012168	-1.9828295
363	351	1704	0.78365876	1.5350196
399	351	1705	0.73935873	-0.8978629
385	352	1706	0.3509512	-0.69323963
400	352	1707	0.3640155	-2.4629676
426	353	1708	0.44439734	2.9675105
360	354	1709	0.63559969	-0.46964934
362	355	1710	0.31472909	1.7329393
421	355	1711	0.54085762	-2.5882571
447	356	1712	0.49821681	-0.54099488
435	357	1713	0.45947776	0.998903
475	359	1714	0.34104709	-2.0757422
381	364	1715	0.41953697	2.1858204
420	365	1716	0.66941558	2.9328708
421	365	1717	0.64539119	0.058337046
374	366	1718	0.5150441	-0.11413086
379	366	1719	0.58162737	-2.0252739
426	366	1720	0.44056378	0.81031835
425	367	1721	0.16715197	-0.96652458
465	367	1722	0.75305788	1.9578038
375	368	1723	0.13100976	1.4204436
453	368	1724	0.35184171	-2.7267576
381	370	1725	0.94213647	-1.4414534
474	372	1726	0.42334827	0.98885381
426	374	1727	0.431327	2.074069
401	375	1728	0.3990427	0.98752786
453	375	1729	0.43626876	-2.4703612
388	377	1730	0.31988284	-1.4896231
416	379	1731	0.43251878	-1.1221961
448	379	1732	0.18304465	-2.175512
422	380	1733	0.4225541	-2.0172405
481	380	1734	0.29821599	2.4575667
471	382	1735	0.30901081	0.01769582
395	383	1736	0.29976073	2.6972154
405	384	1737	0.5523164	2.4523473
460	384	1738	0.2133333	-1.0433978
400	385	1739	0.55332374	-3.1339446
439	385	1740	0.37372562	-0.019135385
400	388	1741	0.5583599	0.1189601
462	388	1742	0.5013413	2.9541261
404	389	1743	0.31274002	-1.9294468
479	389	1744	0.082486042	-0.42727091
415	391	1745	0.087173541	-1.8525571
461	393	1746	0.37977389	-0.066200975
398	394	1747	0.4982075	-1.9434065
427	396	1748	0.62553776	-0.6944483
404	397	1749	0.3426071	-0.50944736
424	398	1750	0.64576553	-0.56021414
442	400	1751	0.63045857	-0.88461505
459	400	1752	0.29552166	1.6833604
409	402	1753	0.1630284	-2.0883361
463	404	1754	0.41514907	-1.213873
479	404	1755	0.3179193	0.95031933
454	408	1756	0.34275864	-1.651226
483	410	1757	0.40694736	2.3092221
491	410	1758	0.32723327	-0.132327
421	414	1759	0.38667368	2.7224951
476	416	1760	0.18327929	-0.89005408
440	417	1761	0.20859211	2.8032722
433	418	1762	0.83654551	-0.30333907
478	419	1763	0.57539132	-0.26505324
452	420	1764	0.4406137	-2.9054944
493	428	1765	0.79494587	2.1313043
463	432	1766	0.68166411	2.5757605
449	433	1767	0.45485099	-0.2224233
447	436	1768	0.43606386	-2.8867132
484	436	1769	0.15697708	1.5678637
451	437	1770	0.43820184	1.6774103
443	442	1771	0.29615953	-0.31519957
492	442	1772	0.37575909	-2.0715577
478	450	1773	0.60919602	2.971912
465	451	1774	0.67322113	-1.0059963
478	454	1775	0.73207574	-0.46131594
496	468	1776	0.22874294	-1.6891419
477	469	1777	0.26739694	2.2846987
487	470	1778	0.44974101	0.0013921553
490	475	1779	0.36776815	0.82261196
493	480	1780	1.0162678	-0.62412808
486	482	1781	0.41592818	-0.16655295
496	486	1782	0.30815848	1.2835993
