from	to	label	distance	angle
1	401	1	0.41816311	2.9580088
2	27	2	0.85205496	-2.3322663
2	76	3	0.97890916	0.96551582
2	227	4	0.44889069	-1.9985903
3	63	5	0.50820713	-2.9520468
3	274	6	0.51653095	0.40327776
4	20	7	0.30391917	2.515623
4	47	8	0.23503661	2.1607712
4	163	9	0.24112083	-2.6878939
4	286	10	0.44667614	0.034983461
4	389	11	0.48290218	2.5436495
4	422	12	0.54830809	-1.3777508
5	139	13	0.16027458	-0.28822682
5	166	14	0.69847262	0.17186457
5	429	15	0.35603864	-2.0793755
5	434	16	0.62766533	-2.8566524
5	463	17	0.18744421	1.758237
6	48	18	0.5457778	2.5238346
6	138	19	1.0143071	-1.3731282
6	149	20	0.24864329	1.2460562
6	256	21	0.43119503	0.17706539
6	319	22	0.7675057	1.9976993
6	457	23	0.47922117	1.1654106
7	90	24	0.35335586	-0.90982581
7	318	25	0.31076544	0.32717801
8	306	26	0.32446217	2.5428633
8	367	27	0.16007792	0.94175403
9	400	28	0.38920093	2.0266365
10	213	29	0.53006634	2.4876706
10	435	30	0.52558255	-0.30162837
11	59	31	0.45784785	-1.3621854
11	96	32	0.51540189	2.4720913
11	113	33	0.34948071	2.169981
11	225	34	0.34951387	0.76971827
11	382	35	0.50423535	-0.51643095
12	246	36	0.38007134	1.324611
12	421	37	0.18857965	1.7506753
13	234	38	0.61792684	1.964631
13	250	39	0.58135123	-2.6312143
13	258	40	0.49632767	1.2860343
13	261	41	0.51689606	0.69632576
13	396	42	0.61416891	-1.1442832
13	397	43	0.49844497	-1.6401304
14	62	44	0.65318677	-2.2656123
14	249	45	0.35234905	-2.6145301
14	380	46	0.60611348	-0.18641007
14	423	47	0.63501448	1.5057671
15	168	48	0.39016712	-0.9781649
15	253	49	0.74713961	2.4402833
15	294	50	0.35984925	-0.4088113
15	402	51	0.24405544	-1.8229468
15	438	52	0.49108348	-0.54222313
16	137	53	0.41182782	-1.4255699
16	378	54	0.49677551	-2.7356626
16	482	55	0.58659193	1.1834441
17	66	56	0.56678456	2.4030669
17	191	57	0.36447197	-3.1035329
17	369	58	0.84541751	2.2448683
17	394	59	1.0620364	-0.75695051
18	166	60	0.41337893	0.2565473
18	257	61	0.56158193	-0.5553966
18	463	62	0.36505136	2.6584182
18	481	63	0.54761072	-2.9424565
19	370	64	0.40546132	-1.6068502
19	434	65	0.33910112	0.083188549
20	163	66	0.28527916	-1.4669656
20	290	67	0.33891771	3.0384671
20	389	68	0.17930474	2.5911658
21	67	69	0.3321641	1.2197355
21	299	70	0.34871896	-2.855068
21	306	71	0.21766525	-0.40534073
22	354	72	1.0987482	-2.1509145
22	431	73	1.0987433	0.93745794
23	35	74	0.42299766	-2.7487744
23	347	75	0.52453802	0.078119674
23	436	76	0.23451	-1.724103
24	291	77	0.28675433	1.7513396
24	342	78	0.36667912	-1.3067878
24	430	79	0.22387252	2.7147681
25	115	80	0.28006448	-1.1461674
25	360	81	0.32825805	2.2113472
26	30	82	0.59378482	-0.39091002
26	151	83	0.27068939	-0.042062913
26	413	84	0.46463489	-2.7656603
26	436	85	0.4761557	2.236915
27	207	86	0.95612355	-2.5060448
27	227	87	0.45247422	0.47839434
28	441	88	0.2123395	-1.3568682
28	460	89	0.3857737	-0.63881739
29	94	90	0.39348601	-1.9528123
29	176	91	0.75477224	0.24445609
29	309	92	0.6751591	3.0255196
29	435	93	0.23889089	2.4419887
30	151	94	0.3517857	2.4845348
30	197	95	0.59796757	-1.8814076
30	356	96	0.62636688	0.9198194
30	455	97	0.47927153	-0.06061136
30	480	98	0.37403524	-1.0888539
31	96	99	0.20522553	0.32750934
31	113	100	0.40286592	0.086394058
32	126	101	0.61810917	0.19724852
32	137	102	0.31668244	0.87982548
32	378	103	0.55324318	2.1747477
32	437	104	0.69298342	-2.3237429
33	153	105	0.316264	-2.8579674
33	354	106	0.94179016	1.6036104
33	468	107	0.94471863	-1.4339475
34	120	108	0.55606572	-2.7544562
34	167	109	0.72685028	2.413811
34	182	110	0.88044622	0.74402657
34	225	111	0.61685225	-1.6620596
34	293	112	0.84749181	-1.0888055
34	416	113	0.5604946	2.3954278
35	183	114	0.28779282	-2.0978228
35	200	115	0.35273145	-2.7580535
35	436	116	0.36177335	-0.19426533
36	71	117	0.35791344	1.7526288
36	110	118	0.39619906	-2.4244489
36	189	119	0.30520365	1.0210443
36	327	120	0.23565798	0.12719463
36	490	121	0.37777421	-1.0173822
37	62	122	0.35277538	-0.44435406
38	116	123	0.49863429	-0.16434633
38	412	124	0.51176653	2.8284476
39	58	125	0.54842796	2.5526612
39	82	126	0.5432511	2.05028
39	121	127	0.51601991	-1.4747868
39	409	128	0.57455874	-0.53692964
40	41	129	0.34555769	0.15883536
40	147	130	0.52402842	0.89108013
40	179	131	0.25363084	-0.094589127
40	287	132	0.38257451	-1.2064471
40	336	133	0.67724683	-3.0800688
41	147	134	0.35310524	1.6042717
42	69	135	0.1783401	1.5250443
42	111	136	0.1811785	-2.1902835
43	49	137	0.373514	0.052928016
43	467	138	0.5170232	3.0395899
44	164	139	0.33862034	-1.546619
44	195	140	0.58614007	-1.9466471
44	253	141	0.69418527	1.7264281
44	402	142	0.40364238	-0.080880203
45	376	143	0.38063027	-0.66879527
45	429	144	0.31998123	-2.7431448
46	460	145	0.41991864	-0.92714664
47	180	146	0.36615117	2.5042324
47	234	147	0.40001504	-1.8155715
48	146	148	0.60321984	2.8188751
48	475	149	0.16174123	-0.067891291
49	178	150	0.21677547	2.7381303
50	150	151	0.48979363	0.13434852
50	277	152	0.48368286	-1.4925199
50	281	153	0.76742131	3.0447094
50	395	154	0.70154425	0.91921394
50	432	155	0.48289622	-1.3467737
51	188	156	0.57157677	2.6366013
51	223	157	0.80041808	-1.3177833
51	315	158	0.59640403	1.4310048
51	447	159	0.37499742	0.82971727
52	233	160	0.2840474	-1.3070234
52	313	161	0.42223857	-2.3421768
52	401	162	0.48629503	1.459499
52	427	163	0.23195357	2.6813547
53	168	164	0.35622269	-2.1419761
53	386	165	0.81070609	-1.8783638
53	476	166	0.86537211	1.3144363
54	214	167	0.16200829	-2.9605775
54	288	168	0.53670487	0.51256194
54	446	169	0.30091827	1.7183066
54	493	170	0.5751433	-2.3926219
55	201	171	0.42969688	-2.685923
56	93	172	0.76090375	2.4745049
56	148	173	0.25125356	-2.4405774
56	264	174	0.2720601	1.0539469
56	276	175	0.77549705	-0.68266135
57	68	176	0.6672474	2.8193952
57	229	177	0.73678688	2.1949207
57	322	178	0.47806042	-0.43042808
57	366	179	0.64382748	-1.031086
57	425	180	0.59972614	-0.4601077
58	82	181	0.27139123	0.7121966
58	121	182	0.96182977	-1.0174177
58	146	183	0.56283417	1.9389425
58	384	184	0.93174136	2.3533792
59	212	185	0.82441647	-1.0720416
59	220	186	0.36197271	2.6976103
59	314	187	0.63689897	2.0756954
59	341	188	0.3241371	-2.4905541
59	382	189	0.39708499	0.52475602
60	80	190	0.24190401	-2.8839244
60	183	191	0.29332027	1.1729038
60	200	192	0.39320142	1.7464162
60	285	193	1.0248584	-2.0791853
60	340	194	0.7604277	-2.4848306
60	370	195	1.0585879	0.72765711
60	441	196	0.64472711	0.87223196
61	212	197	0.53265162	1.4305762
61	332	198	0.46388774	-1.1023061
62	182	199	0.68098128	-2.1781678
62	249	200	0.34385969	1.2338947
62	260	201	0.4223568	-1.1061521
63	165	202	0.81176978	2.7165847
63	224	203	0.77034709	-0.66029767
63	393	204	0.40318953	2.5034652
64	226	205	1.0158383	-2.1837561
64	386	206	0.894127	1.1266585
64	390	207	0.4668433	0.79983194
65	144	208	0.45449252	0.87375587
65	311	209	0.21962258	-1.0886355
66	104	210	0.47500568	2.2751066
66	359	211	0.27716757	-2.4692115
66	369	212	0.29933829	1.9419629
67	73	213	0.27289707	-0.28614647
67	108	214	0.3082843	1.5952759
67	284	215	0.31985627	2.4603336
68	223	216	0.8435439	2.5750032
68	229	217	0.43635058	1.0886096
68	435	218	0.60894621	-1.267685
69	70	219	0.3394954	2.0309227
69	111	220	0.34482778	-1.905745
69	193	221	0.68216232	2.1483428
69	392	222	0.68473434	-0.84870636
70	193	223	0.34728952	2.263116
71	86	224	0.56721621	0.81326506
71	189	225	0.24224342	-0.38857925
71	380	226	0.54008779	-2.7648596
72	247	227	0.34269782	2.8682561
73	108	228	0.47004406	2.1809876
73	306	229	0.36583031	-2.0727104
73	469	230	0.20682836	1.6372985
73	482	231	0.47022148	-0.46013361
74	213	232	0.32153739	-0.21182829
74	218	233	0.37788033	1.5788376
74	236	234	0.18867923	2.3787928
75	228	235	0.75238364	2.6051267
75	232	236	0.31963003	1.410817
75	259	237	0.44964597	0.10203002
75	465	238	0.7178505	-0.90978829
76	123	239	0.90760273	1.3513928
76	313	240	0.67571207	0.54653775
76	386	241	0.40516766	-1.8827327
77	93	242	0.53243504	3.0661609
77	245	243	0.46223183	-0.1361433
77	264	244	0.27965423	-0.76724614
77	385	245	0.089996951	1.868528
78	85	246	0.42677235	0.75632212
78	124	247	0.53661569	-1.5823117
78	279	248	0.1963318	-2.7370926
78	326	249	0.31366558	1.6267826
79	231	250	0.19150045	0.055624651
79	271	251	0.44480058	1.253226
79	343	252	0.29875578	-2.4058779
80	122	253	0.30424316	-0.0124103
80	183	254	0.48069079	0.76256128
80	340	255	0.5456912	-2.3117086
80	411	256	0.14271211	-2.1156436
81	343	257	0.7986924	-0.29056882
81	351	258	0.56229014	-0.76904882
81	366	259	0.97364592	2.5834783
82	146	260	0.53608827	2.435698
82	155	261	0.26062717	1.5305211
82	475	262	0.35650585	0.42036538
83	88	263	0.27040115	-0.50774286
83	176	264	0.51563034	2.838839
83	281	265	0.46941991	0.36380857
84	93	266	0.9938809	-0.19462019
84	353	267	0.51413804	0.41780113
84	376	268	0.75283927	2.9865052
84	472	269	0.60155741	-2.2830469
84	483	270	0.70710973	2.5618474
85	242	271	0.457034	-3.027745
85	270	272	0.41564523	1.2483854
85	318	273	0.75963498	-2.3349303
85	323	274	0.77383277	0.83668134
85	326	275	0.32859873	3.0797722
85	417	276	0.79043834	0.33023025
85	439	277	0.59867141	-2.1218858
86	197	278	0.51847938	1.5440138
86	307	279	0.25572417	-2.2702471
86	335	280	0.5022453	0.02528714
87	166	281	0.6059177	-2.9235795
87	267	282	0.45430903	-0.52090836
87	312	283	0.22004006	-1.0068626
87	337	284	0.6005302	0.43961859
87	479	285	0.39589769	-3.0271964
88	281	286	0.36065943	0.9749444
89	158	287	0.26380469	0.55309472
89	210	288	0.40274359	2.2098891
89	331	289	0.14867269	-2.2904278
90	167	290	0.32128104	-1.1775322
90	318	291	0.38662802	1.3693449
90	416	292	0.47378677	-1.0043513
90	488	293	0.10998827	2.4914318
91	170	294	0.34479463	2.5208393
91	274	295	0.30471325	-0.2045596
92	295	296	0.29300913	-1.0545467
92	341	297	0.12207057	2.7073531
92	428	298	0.28784047	0.10467395
92	456	299	0.37002707	1.3318813
93	98	300	0.55920748	1.5361523
93	264	301	0.76878007	-0.3096244
93	269	302	0.53248078	-2.4498289
93	353	303	0.64489541	2.4708963
93	385	304	0.50660498	0.090753384
94	125	305	0.17145168	2.4098799
95	387	306	0.67423433	-0.85331675
95	426	307	0.71291679	2.3393853
95	471	308	0.25668048	-0.24688854
96	296	309	0.50912936	1.94615
96	314	310	0.28404746	-0.83387373
97	163	311	0.26340461	-0.1803098
97	245	312	0.44417948	-2.0467021
97	290	313	0.2919281	1.9480986
98	267	314	0.52311815	2.7557433
98	458	315	0.52535752	0.44789087
99	308	316	0.37789327	-0.60018862
99	411	317	0.13815652	1.1176296
100	154	318	0.40403505	-1.4680612
100	302	319	0.53793149	-1.7444358
100	334	320	0.29860928	0.87863106
100	440	321	0.64795741	1.7193195
101	109	322	0.89030536	2.1817062
101	144	323	0.64813396	-2.3983803
101	165	324	0.95707268	-0.30427512
101	190	325	0.45613948	-1.7564346
101	268	326	0.57075708	2.9926298
101	412	327	0.50095129	0.4241037
102	275	328	0.29058733	2.3537231
102	301	329	0.11151675	-3.0605042
102	377	330	0.25557115	-1.5968908
103	411	331	0.42261829	-0.68227354
104	159	332	0.20621977	3.1024465
104	359	333	0.54226041	-1.4026863
104	369	334	0.21562524	-0.39526568
104	468	335	0.69883448	2.0174846
105	204	336	0.087155115	-0.6279884
105	286	337	0.41852771	-2.2287627
106	175	338	0.6350464	-2.1413142
106	305	339	0.5000984	2.6312152
106	360	340	0.68867811	0.4868087
107	152	341	0.62914563	-3.0373317
107	169	342	0.42851627	-0.35241479
107	222	343	0.52145181	-2.9091368
107	271	344	0.88030752	-0.58505863
107	358	345	0.84698099	-0.18293467
107	394	346	1.0415505	2.4803035
108	119	347	0.62735372	2.0651066
108	284	348	0.26350602	-2.724466
108	469	349	0.31196011	-0.61053278
109	268	350	0.646802	-1.6539865
109	293	351	0.82511621	2.052474
109	382	352	0.74541415	2.6133989
109	453	353	0.58534112	0.55085168
110	237	354	0.59886585	-2.2041488
110	380	355	0.49311385	2.1461644
110	490	356	0.50089288	-0.12206548
111	288	357	0.71818279	3.0606956
111	362	358	0.32436243	-0.36933547
111	392	359	0.59639576	-0.32100977
112	173	360	0.31204424	1.5551334
112	228	361	0.56144762	-0.69649615
112	257	362	0.49245998	3.1267451
113	120	363	0.35914435	1.6003458
113	225	364	0.45037489	-0.10089039
114	220	365	0.25709536	-1.5585041
114	314	366	0.14652619	1.4203669
114	477	367	0.41494473	0.50323224
115	255	368	0.20754267	-1.7359347
116	165	369	0.58059594	-2.6894613
116	170	370	0.61327942	-0.044795891
116	316	371	0.40295078	1.1649571
116	393	372	0.36412999	-1.8677638
116	491	373	0.33942413	0.83553492
117	128	374	0.45820479	-0.27501726
117	405	375	0.39647098	-1.078795
117	455	376	0.41153788	1.9834273
117	480	377	0.47594333	2.984208
118	289	378	0.40675045	-0.32022953
118	408	379	0.41061599	2.2352327
118	419	380	0.48685238	-1.8390466
119	248	381	0.27374286	-0.30433941
119	255	382	0.73113349	-2.0179083
119	284	383	0.66144899	-1.4849399
119	360	384	0.59698121	3.0344578
119	373	385	1.0122243	0.80206701
119	375	386	0.78917688	2.3050533
120	492	387	0.42912652	3.1044243
121	206	388	0.45771999	-0.10346604
121	263	389	0.70745406	-1.3381345
121	467	390	0.75236039	-1.1367237
122	196	391	0.22699908	-1.6584749
122	413	392	0.40624474	-0.074468438
123	263	393	0.67644928	1.7173644
123	427	394	0.48376913	-0.26972322
123	467	395	0.67719968	1.4902133
124	142	396	0.09000841	-0.57015703
124	251	397	0.52209898	-1.205829
124	338	398	0.32892056	-2.1622767
125	435	399	0.41461015	1.3483271
126	147	400	0.35245909	-1.4955601
126	226	401	0.60898538	0.62540025
127	319	402	0.58387939	-0.95190117
127	433	403	0.65905104	2.5707029
127	462	404	0.32026901	-0.44540326
128	203	405	0.37735684	-0.16895085
128	209	406	0.36531017	-0.69483371
128	342	407	0.35223049	1.4545845
128	405	408	0.33910615	-2.4160401
129	186	409	0.38494915	-0.74315372
129	207	410	0.54134804	2.4687659
130	266	411	0.36393084	0.59856864
130	374	412	0.52767636	-0.96069336
130	396	413	0.64917318	2.0684124
130	424	414	0.32504053	2.6823331
130	440	415	0.47034038	-1.4434931
131	135	416	0.2664245	-2.8064086
131	336	417	0.47609516	-0.39390661
131	350	418	0.50965202	2.305766
132	272	419	0.69644496	-2.2495867
132	381	420	0.32231112	0.83905052
132	426	421	0.62526253	0.95510981
133	156	422	0.54556002	1.9876499
133	218	423	0.55283359	-0.70391746
134	196	424	0.49250649	2.7922075
134	197	425	0.80403686	-0.32996935
134	308	426	0.57297486	-3.0345849
134	413	427	0.36644764	1.6740081
135	246	428	0.4586581	-2.5294686
135	271	429	0.69062817	2.6028331
135	336	430	0.69774158	-0.13670256
135	478	431	0.2095455	-0.90520921
136	442	432	0.50690967	-2.4224099
136	472	433	0.50096946	-0.061020986
136	494	434	0.3835373	1.9522442
138	466	435	0.56501402	-0.91587112
138	476	436	0.86688398	-1.6901694
139	429	437	0.42118497	-2.459818
139	483	438	0.4320064	-0.24838167
140	171	439	0.33929166	0.92095687
140	278	440	0.50372976	0.23154415
140	316	441	0.3311864	-2.4818646
140	388	442	0.43208962	2.9805257
140	491	443	0.37500196	-2.1116967
141	245	444	0.62407399	2.3856985
141	264	445	0.77020242	2.7461581
141	276	446	0.49334292	-2.0869799
141	346	447	0.70592525	-1.1082726
141	406	448	0.43787353	1.7697699
141	422	449	0.47643427	0.80436776
141	433	450	0.80334112	-0.2901774
142	172	451	0.6136724	-1.0339851
142	279	452	0.56612464	2.0283319
143	189	453	0.3069943	3.125255
143	215	454	0.40591607	0.39081654
143	327	455	0.32388565	-2.3722121
144	181	456	0.4255174	-2.1052681
144	190	457	0.39314939	-0.02477235
144	198	458	0.38833349	2.489292
144	236	459	0.49497385	-1.6090834
144	239	460	0.26799207	-2.4958624
144	268	461	0.53049019	1.7359526
145	387	462	0.29605404	2.8699878
146	155	463	0.42749386	-0.20578599
146	346	464	0.89813763	2.3780989
146	384	465	0.47421848	2.8516654
147	179	466	0.43831592	-1.7471364
147	226	467	0.84825252	0.98745714
147	339	468	0.55518736	-2.7616581
148	269	469	0.86692884	2.7966311
148	276	470	0.85849778	-0.39098541
149	475	471	0.36946632	2.9523577
150	395	472	0.49584545	1.6919604
150	400	473	0.54163794	-0.58309822
152	222	474	0.13031518	-0.43274278
152	322	475	0.49119322	3.0323353
152	425	476	0.38559058	-3.1071712
153	304	477	0.64874886	-3.1274076
153	354	478	1.0652889	1.3118987
153	399	479	0.71707117	-2.4182139
153	468	480	0.95137949	-1.0988594
154	302	481	0.18553749	-2.3807233
154	333	482	0.72005644	-1.7643634
154	334	483	0.64915773	1.3389842
155	475	484	0.33528692	-0.34986902
156	295	485	0.54730728	2.7029988
156	329	486	0.67560058	-0.79939774
156	428	487	0.62677628	2.1707397
156	474	488	0.39097498	1.2810254
157	443	489	0.38754513	1.0830436
158	331	490	0.40826306	-2.4813482
158	344	491	0.47008938	-2.3768682
158	421	492	0.44755179	-3.0074637
158	437	493	0.79817286	0.62277438
159	359	494	0.61854231	-1.0703404
159	447	495	0.38150558	-2.5353857
159	468	496	0.62953131	1.7236012
160	273	497	0.40286059	2.5149972
160	449	498	0.39471951	-0.68536835
161	228	499	0.87697396	0.15555068
161	257	500	0.50654741	1.6829726
161	291	501	0.26118278	-2.1047031
161	356	502	0.75374658	-2.8976878
161	430	503	0.50293842	-2.1737688
162	184	504	0.25770508	1.1824621
162	354	505	0.65190824	-0.96441818
162	417	506	0.55196987	2.1976307
163	290	507	0.48578181	2.4261975
163	406	508	0.35923529	-1.838636
163	422	509	0.53910818	-0.93087405
164	195	510	0.30431207	-2.3948542
165	192	511	0.53185854	-2.8249719
165	393	512	0.42631848	-0.22361448
166	173	513	0.58262956	-0.16606184
167	310	514	0.44777675	2.4221243
167	416	515	0.16676895	-0.66596175
167	473	516	0.29531779	-2.9103371
167	488	517	0.41998919	2.0962415
168	386	518	0.47592834	-1.6820745
168	402	519	0.29216123	2.8381661
168	438	520	0.21453348	0.33343056
169	358	521	0.43071202	-0.014326852
170	420	522	0.52215529	0.25718574
171	278	523	0.32419969	-0.49688036
171	364	524	0.36856191	1.893347
172	251	525	0.22157749	2.7320606
172	283	526	0.41111057	-1.5833105
172	304	527	0.57519907	-0.67626097
173	202	528	0.60306732	-0.22293169
174	187	529	0.54104727	-2.4058312
174	302	530	0.52501554	1.163214
174	333	531	0.22571957	-0.4425535
175	274	532	0.50689622	-2.76221
175	292	533	0.6701264	-0.15051018
175	420	534	0.58289818	2.7775657
175	444	535	0.57368228	-1.9724263
176	224	536	0.67594037	0.80432759
177	188	537	0.32057183	0.21805649
177	348	538	0.10277624	-2.1751451
177	474	539	0.19502302	0.79549937
178	379	540	0.52542404	2.0663853
178	401	541	0.4760856	-1.6009647
178	466	542	0.15393853	2.9871777
179	287	543	0.3531594	-1.9059823
180	289	544	0.4694337	-2.9241175
180	361	545	0.27913504	-0.52474112
181	311	546	0.17891371	-1.4202758
182	260	547	0.60576776	0.30448351
183	436	548	0.53077709	0.34378973
184	285	549	0.74808425	1.4674735
184	354	550	0.82123709	-1.2307085
184	417	551	0.47012798	2.6820556
185	194	552	0.35133725	1.7574126
185	388	553	0.52529736	-0.39692236
185	398	554	0.18253796	2.0415199
185	403	555	0.5182917	-2.9130608
187	230	556	0.29115161	2.0016016
187	253	557	0.77078141	-0.62750401
187	333	558	0.66113746	0.41482953
187	373	559	1.0011866	-2.2505918
187	377	560	0.60194676	1.9440961
187	387	561	0.67386633	2.120348
188	348	562	0.40201444	-2.7486847
188	372	563	0.49929238	1.3942044
188	474	564	0.18983142	2.7642826
189	307	565	0.30820423	1.5677695
189	327	566	0.24202414	-1.2587948
190	192	567	0.4918955	-0.0082052783
190	345	568	0.45829395	-2.2492301
191	359	569	0.35140163	2.4548622
193	215	570	0.38924316	2.5532598
193	335	571	0.67408648	2.0967362
194	252	572	0.36754926	1.7119113
194	398	573	0.1833986	-1.6669174
195	448	574	0.6445645	-2.1919433
196	308	575	0.25345876	-2.0063901
196	411	576	0.37418889	2.8492093
197	335	577	0.70282658	-0.80289921
197	480	578	0.4282927	0.5889786
198	212	579	0.49924062	2.2613669
198	239	580	0.40810597	-1.3369421
198	268	581	0.36289949	0.91466704
199	305	582	0.46302814	-2.7846409
199	485	583	0.43864883	0.32399976
201	357	584	0.59338912	2.948737
201	454	585	0.27080756	-1.993082
201	457	586	0.41618422	-1.1022406
202	419	587	0.63354193	-0.49371766
203	209	588	0.19338568	-2.0628774
203	273	589	0.58947247	-0.63328653
203	342	590	0.52960155	2.2462707
204	286	591	0.43005596	-2.4327432
205	424	592	0.35676084	-2.5184377
206	379	593	0.3227328	-0.3839204
207	208	594	1.0227813	-2.8502285
208	350	595	0.56461846	-2.5016613
208	358	596	0.86447042	-3.0064515
209	273	597	0.59396053	-0.30507957
209	405	598	0.53438695	3.1249764
210	277	599	0.37940782	1.9938201
210	432	600	0.36760938	1.8077667
211	247	601	0.40764048	-1.8853872
211	489	602	0.41999698	1.5906354
212	268	603	0.54810053	-0.17848493
213	218	604	0.54697337	2.1898494
213	223	605	0.55614583	1.5184902
213	236	606	0.49230623	2.7277529
213	309	607	0.70437284	-0.90563487
213	415	608	0.352476	-2.2568845
215	335	609	0.36725589	1.6105895
215	391	610	0.17046072	1.4621454
216	287	611	0.39285155	-0.068112396
216	336	612	0.5101614	2.5391586
217	261	613	0.35274764	2.2981035
217	433	614	0.42677452	-1.7976879
218	223	615	0.36348269	0.30720217
218	329	616	0.40981298	2.0021257
219	259	617	0.34209025	-2.0534234
220	314	618	0.40238674	1.5240615
220	341	619	0.35862151	-1.3770652
221	309	620	0.48289501	0.36277913
221	415	621	0.49774357	1.9987373
221	443	622	0.44482552	-1.8137398
222	425	623	0.50536169	3.0596203
223	329	624	0.58047515	2.6726074
224	281	625	0.66166723	-0.79777017
224	444	626	0.74862797	0.61290882
225	293	627	0.46940005	-0.29540493
225	382	628	0.52671793	-1.2068598
228	419	629	0.75873092	0.31993466
229	359	630	0.83123199	1.8774957
230	387	631	0.38630795	2.2097534
231	246	632	0.26398324	-0.89509282
231	271	633	0.41522088	1.6971159
233	313	634	0.36951229	-3.0643862
234	244	635	0.61332171	3.124005
234	258	636	0.38817506	-0.24533702
234	361	637	0.4682314	1.4761444
235	260	638	0.2984143	-0.31617286
236	239	639	0.38623034	2.100304
236	311	640	0.17771083	-2.8654427
236	332	641	0.50360712	2.7891015
236	415	642	0.52276493	-1.1206608
237	260	643	0.74969447	2.9680835
237	493	644	0.73066587	-0.86693406
238	252	645	0.34683763	0.23934881
238	325	646	0.53201204	0.77321794
238	453	647	0.6452157	-2.4655028
240	378	648	0.5543314	1.2792976
240	400	649	0.38705699	-2.8387447
240	437	650	0.43008124	-1.5716374
241	298	651	0.39842647	0.20803488
241	334	652	0.53981211	-2.2619712
241	357	653	0.64467477	1.7099515
241	374	654	0.38902528	3.0668046
241	454	655	0.47225145	0.62861146
241	489	656	0.58652838	-1.6041549
242	279	657	0.32034558	-1.6860257
242	484	658	0.2598399	-2.9676887
243	445	659	0.21943184	0.073772104
243	487	660	0.290932	-2.752726
244	259	661	0.46292721	-1.9791279
244	419	662	0.57806456	2.8746149
245	264	663	0.28832857	-2.6684472
245	385	664	0.50668896	2.8435831
245	406	665	0.36756304	0.0031483403
246	343	666	0.57781773	-3.1326462
246	421	667	0.22245094	-2.174938
246	478	668	0.51434261	0.19315111
247	333	669	0.61190617	-2.5114424
247	451	670	0.4153997	1.0990588
250	259	671	0.68680003	2.4452316
250	349	672	0.53145433	-1.0085434
250	397	673	0.51860633	-0.42377449
250	465	674	0.56052484	-2.8298632
251	283	675	0.53717241	-1.1930769
252	325	676	0.29264988	1.4205885
252	404	677	0.32943244	0.5571302
253	333	678	0.71925456	1.5970501
254	373	679	0.28378187	2.6672004
255	292	680	0.61296654	-2.7498682
255	299	681	0.63552226	-1.2958168
258	286	682	0.42445046	0.79396145
259	419	683	0.68779271	2.1453133
259	465	684	0.61248586	-1.5815885
261	286	685	0.44931363	1.4807177
262	364	686	0.72623908	-0.89458995
262	404	687	0.38338468	-3.0621154
262	493	688	0.66886043	2.1021097
263	467	689	0.15341289	0.03785238
265	349	690	0.50522061	0.70449401
265	445	691	0.53313504	-2.4713032
267	312	692	0.27933526	2.9974446
267	353	693	0.35715995	-1.6827878
269	472	694	0.96123758	3.0618572
270	323	695	0.42667389	0.43623661
271	350	696	0.51483405	0.21807091
271	358	697	0.34649903	1.2811829
272	392	698	0.56491588	3.1325558
272	459	699	0.20776869	-0.38574824
272	486	700	0.60329384	-1.7067105
273	487	701	0.70680174	-0.36891346
274	420	702	0.40210228	1.7555011
274	444	703	0.42025356	-0.94374089
275	377	704	0.50226992	-1.1649387
275	461	705	0.57696774	2.1161727
276	346	706	0.59412904	-0.34814215
276	384	707	1.019991	-0.74048717
277	432	708	0.070379694	0.16229716
278	305	709	0.65800488	-0.018562896
278	364	710	0.6446521	2.2437779
278	420	711	0.61894335	-1.2304906
279	484	712	0.3502454	2.2466074
280	328	713	0.43664274	1.4542233
280	414	714	0.4622116	-2.2875859
280	442	715	0.42873841	-1.0153659
280	464	716	0.3344067	1.0816277
282	303	717	0.35582667	-2.3070587
282	429	718	0.38226899	-0.33265937
282	496	719	0.13013117	-2.0323666
283	304	720	0.45661804	0.11208305
283	321	721	0.34683012	-1.2614059
283	477	722	0.61210993	-1.8759812
284	299	723	0.64383738	-1.8871069
285	417	724	0.73168155	-2.3203671
287	300	725	0.41565314	-1.0177404
288	490	726	0.60436585	2.5759136
289	389	727	0.4859387	-0.082528901
289	419	728	0.61797557	-2.5562894
290	389	729	0.19347765	0.30931817
290	458	730	0.63254063	2.7812506
291	430	731	0.24304759	-2.2479971
292	317	732	0.46967606	-1.1619387
293	324	733	0.46485885	-0.49063465
294	438	734	0.14269926	-0.8842866
295	341	735	0.39870299	2.2659707
296	473	736	0.48458129	1.430346
296	492	737	0.13781923	-1.9091516
297	312	738	0.43458801	-0.12907763
297	479	739	0.11657566	2.3265513
297	483	740	0.47889476	-2.5369439
299	306	741	0.53468115	0.023797141
299	317	742	0.55494127	-3.0453309
299	378	743	0.76407885	-0.93477221
299	395	744	0.75232598	-2.465764
301	377	745	0.26768408	-1.1698186
301	471	746	0.30790869	2.377725
303	370	747	0.24178942	-2.4184363
303	429	748	0.61610295	0.22728564
303	441	749	0.66900729	-2.5548712
303	496	750	0.23326049	0.68262525
304	399	751	0.47853827	-1.3363082
306	367	752	0.36612705	-0.14644791
308	411	753	0.42093571	2.2107391
308	423	754	0.59670136	-1.7901427
309	435	755	0.49366942	0.15381247
309	495	756	0.51021302	-2.1888239
310	318	757	0.47903631	0.91781363
310	407	758	0.43001038	2.9186332
310	473	759	0.36610516	-1.43561
310	488	760	0.1434157	0.49601321
311	345	761	0.34407003	0.53871214
312	353	762	0.46044182	-1.03132
313	427	763	0.41487352	1.3606712
314	320	764	0.69255131	1.6945313
315	372	765	0.52643526	2.7977401
315	447	766	0.35703466	-1.0743597
315	468	767	0.65317621	0.9352067
316	388	768	0.3182728	2.1150936
316	491	769	0.13690936	-1.0459852
317	355	770	0.46530489	-2.8059482
317	395	771	0.4187066	-1.6534883
318	488	772	0.35310633	-2.0567219
319	357	773	0.34771653	2.4309782
319	462	774	0.34124214	1.7169802
320	338	775	0.66717562	1.5061818
321	399	776	0.46695563	-0.18089033
321	477	777	0.38479435	-2.4225072
322	425	778	0.12269916	-0.57598762
323	340	779	0.90016005	0.80415323
323	417	780	0.3922232	-0.94634215
324	453	781	0.51399379	-0.41199671
325	404	782	0.26244031	-0.45429497
325	493	783	0.5655887	1.0547099
327	490	784	0.35303844	-1.6706627
328	452	785	0.33344856	1.7444715
328	464	786	0.17461341	-0.91592521
328	494	787	0.42775903	-0.25538331
328	496	788	0.36468976	2.5702864
330	365	789	0.40606353	0.78390424
330	428	790	0.46615901	-1.494763
330	456	791	0.21210468	-2.449405
330	477	792	0.37226799	1.7607687
331	418	793	0.43084223	3.0276315
334	374	794	0.44714548	1.6689948
334	440	795	0.50092433	2.1795647
334	489	796	0.36649562	-0.48319589
335	405	797	0.61480191	0.54642561
336	437	798	0.20114423	2.0975289
337	371	799	0.34299887	0.60023697
337	408	800	0.47780252	-0.26211499
338	439	801	0.62112386	1.2657822
338	473	802	0.32748346	-2.5256408
339	437	803	0.59494128	-3.0246295
342	430	804	0.53775814	2.1614362
343	418	805	0.35059551	-1.1461307
343	421	806	0.48522105	-0.37540403
344	418	807	0.42961023	2.8486421
347	356	808	0.76262352	-0.51412907
347	434	809	0.41647917	1.640711
347	436	810	0.62174227	-2.6875551
347	481	811	0.59466992	0.99297978
349	397	812	0.30291555	0.89526292
349	424	813	0.55676907	-0.46943213
350	358	814	0.46007153	2.6413048
351	418	815	0.52949995	-0.30149053
352	438	816	0.40311938	2.6683928
355	395	817	0.48325055	-0.5779775
355	444	818	0.6532646	2.8994006
356	430	819	0.50303412	-0.47984601
357	433	820	0.87318245	2.3762855
357	462	821	0.24084267	0.47799285
359	363	822	0.37907717	2.8972028
360	375	823	0.52599797	1.4473232
360	485	824	0.29690929	2.2889858
362	392	825	0.27286227	-0.26355381
363	447	826	0.3367164	2.3749013
365	399	827	0.4631949	0.56582524
366	425	828	0.35276529	0.945445
366	435	829	0.80299507	2.9124282
367	482	830	0.28741894	0.61286347
368	434	831	0.45467865	-1.1445653
369	468	832	0.87159142	2.1830044
370	429	833	0.83671653	0.36521577
370	434	834	0.55865968	0.88788678
371	408	835	0.3642498	-1.0588418
372	399	836	0.7260804	1.69039
372	474	837	0.49752903	-2.1305862
374	440	838	0.24499751	-3.0021332
375	485	839	0.39589861	-2.2877939
375	486	840	0.91883606	1.9138457
376	429	841	0.60399425	2.955321
376	450	842	0.23803252	-1.3279965
376	494	843	0.34584356	-2.5768971
377	387	844	0.13319414	3.0351157
379	409	845	0.4967327	2.2454412
381	426	846	0.30739398	1.0768285
383	394	847	0.31681645	1.3133385
386	390	848	0.47619594	-1.6947578
387	471	849	0.48586956	1.9824382
392	486	850	0.77255621	-0.89516521
396	397	851	0.29517595	2.9303174
397	424	852	0.57681986	-1.0093126
401	427	853	0.46168558	-2.1737976
401	466	854	0.51818849	1.8398538
403	412	855	0.48918919	-1.5376619
403	453	856	0.5661903	2.4961705
408	458	857	0.47720088	-0.75559394
410	453	858	0.27623503	0.17020693
414	431	859	0.6591912	-1.8075962
414	442	860	0.5299718	-0.029850717
414	460	861	0.61180914	2.3406229
420	470	862	0.22710531	-1.066355
422	433	863	0.72208891	-0.91675677
424	440	864	0.70435057	-1.0490014
426	445	865	0.67168415	1.1946536
426	449	866	0.37879423	2.3591759
426	487	867	0.55360923	2.0218224
428	456	868	0.38472494	2.113519
429	452	869	0.22002965	2.4545624
429	483	870	0.76258639	0.21033213
430	455	871	0.45579693	-2.4374344
431	442	872	0.9268062	0.74006384
434	481	873	0.36342777	0.22947582
437	478	874	0.52115859	-2.655195
442	472	875	0.93216024	0.33150422
443	495	876	0.32274524	0.61911706
445	461	877	0.77683281	-1.1363503
445	465	878	0.93622604	1.5858473
445	487	879	0.50416785	-2.8880207
446	490	880	0.28949477	1.564784
448	482	881	0.65885483	-2.4005627
450	472	882	0.44953273	-0.85958172
450	494	883	0.3523912	3.0107695
451	489	884	0.44323773	1.7316028
456	477	885	0.50949911	1.3872487
461	471	886	0.52390508	-1.2388089
463	481	887	0.3504836	-2.2258916
464	494	888	0.30903778	0.098631962
479	483	889	0.47552334	-2.2921474
401	1	890	0.41816311	-0.18358388
27	2	891	0.85205496	0.80932631
76	2	892	0.97890916	-2.1760768
227	2	893	0.44889069	1.1430023
63	3	894	0.50820713	0.18954589
274	3	895	0.51653095	-2.7383149
20	4	896	0.30391917	-0.62596963
47	4	897	0.23503661	-0.98082141
163	4	898	0.24112083	0.45369877
286	4	899	0.44667614	-3.1066092
389	4	900	0.48290218	-0.59794311
422	4	901	0.54830809	1.7638418
139	5	902	0.16027458	2.8533658
166	5	903	0.69847262	-2.9697281
429	5	904	0.35603864	1.0622172
434	5	905	0.62766533	0.28494027
463	5	906	0.18744421	-1.3833557
48	6	907	0.5457778	-0.61775802
138	6	908	1.0143071	1.7684644
149	6	909	0.24864329	-1.8955364
256	6	910	0.43119503	-2.9645273
319	6	911	0.7675057	-1.1438933
457	6	912	0.47922117	-1.976182
90	7	913	0.35335586	2.2317668
318	7	914	0.31076544	-2.8144146
306	8	915	0.32446217	-0.59872936
367	8	916	0.16007792	-2.1998386
400	9	917	0.38920093	-1.1149561
213	10	918	0.53006634	-0.65392208
435	10	919	0.52558255	2.8399643
59	11	920	0.45784785	1.7794073
96	11	921	0.51540189	-0.66950135
113	11	922	0.34948071	-0.97161166
225	11	923	0.34951387	-2.3718744
382	11	924	0.50423535	2.6251617
246	12	925	0.38007134	-1.8169816
421	12	926	0.18857965	-1.3909173
234	13	927	0.61792684	-1.1769617
250	13	928	0.58135123	0.51037836
258	13	929	0.49632767	-1.8555583
261	13	930	0.51689606	-2.4452669
396	13	931	0.61416891	1.9973095
397	13	932	0.49844497	1.5014623
62	14	933	0.65318677	0.87598034
249	14	934	0.35234905	0.52706252
380	14	935	0.60611348	2.9551826
423	14	936	0.63501448	-1.6358255
168	15	937	0.39016712	2.1634278
253	15	938	0.74713961	-0.70130933
294	15	939	0.35984925	2.7327814
402	15	940	0.24405544	1.3186459
438	15	941	0.49108348	2.5993695
137	16	942	0.41182782	1.7160227
378	16	943	0.49677551	0.40593007
482	16	944	0.58659193	-1.9581485
66	17	945	0.56678456	-0.73852579
191	17	946	0.36447197	0.038059774
369	17	947	0.84541751	-0.89672437
394	17	948	1.0620364	2.3846421
166	18	949	0.41337893	-2.8850454
257	18	950	0.56158193	2.5861961
463	18	951	0.36505136	-0.48317446
481	18	952	0.54761072	0.19913617
370	19	953	0.40546132	1.5347425
434	19	954	0.33910112	-3.0584041
163	20	955	0.28527916	1.6746271
290	20	956	0.33891771	-0.10312555
389	20	957	0.17930474	-0.55042686
67	21	958	0.3321641	-1.9218571
299	21	959	0.34871896	0.2865246
306	21	960	0.21766525	2.7362519
354	22	961	1.0987482	0.99067814
431	22	962	1.0987433	-2.2041347
35	23	963	0.42299766	0.39281823
347	23	964	0.52453802	-3.063473
436	23	965	0.23451	1.4174897
291	24	966	0.28675433	-1.3902531
342	24	967	0.36667912	1.8348048
430	24	968	0.22387252	-0.42682455
115	25	969	0.28006448	1.9954252
360	25	970	0.32825805	-0.93024549
30	26	971	0.59378482	2.7506826
151	26	972	0.27068939	3.0995297
413	26	973	0.46463489	0.37593231
436	26	974	0.4761557	-0.9046777
207	27	975	0.95612355	0.63554783
227	27	976	0.45247422	-2.6631983
441	28	977	0.2123395	1.7847244
460	28	978	0.3857737	2.5027753
94	29	979	0.39348601	1.1887803
176	29	980	0.75477224	-2.8971366
309	29	981	0.6751591	-0.11607302
435	29	982	0.23889089	-0.69960393
151	30	983	0.3517857	-0.65705788
197	30	984	0.59796757	1.260185
356	30	985	0.62636688	-2.2217733
455	30	986	0.47927153	3.0809813
480	30	987	0.37403524	2.0527387
96	31	988	0.20522553	-2.8140833
113	31	989	0.40286592	-3.0551986
126	32	990	0.61810917	-2.9443441
137	32	991	0.31668244	-2.2617672
378	32	992	0.55324318	-0.96684495
437	32	993	0.69298342	0.81784977
153	33	994	0.316264	0.28362524
354	33	995	0.94179016	-1.5379823
468	33	996	0.94471863	1.7076452
120	34	997	0.55606572	0.38713648
167	34	998	0.72685028	-0.72778166
182	34	999	0.88044622	-2.3975661
225	34	1000	0.61685225	1.4795331
293	34	1001	0.84749181	2.0527872
416	34	1002	0.5604946	-0.74616481
183	35	1003	0.28779282	1.0437698
200	35	1004	0.35273145	0.38353914
436	35	1005	0.36177335	2.9473273
71	36	1006	0.35791344	-1.3889639
110	36	1007	0.39619906	0.71714375
189	36	1008	0.30520365	-2.1205483
327	36	1009	0.23565798	-3.014398
490	36	1010	0.37777421	2.1242105
62	37	1011	0.35277538	2.6972386
116	38	1012	0.49863429	2.9772463
412	38	1013	0.51176653	-0.31314509
58	39	1014	0.54842796	-0.58893141
82	39	1015	0.5432511	-1.0913126
121	39	1016	0.51601991	1.6668059
409	39	1017	0.57455874	2.604663
41	40	1018	0.34555769	-2.9827573
147	40	1019	0.52402842	-2.2505125
179	40	1020	0.25363084	3.0470035
287	40	1021	0.38257451	1.9351455
336	40	1022	0.67724683	0.061523835
147	41	1023	0.35310524	-1.537321
69	42	1024	0.1783401	-1.6165484
111	42	1025	0.1811785	0.9513092
49	43	1026	0.373514	-3.0886646
467	43	1027	0.5170232	-0.10200271
164	44	1028	0.33862034	1.5949737
195	44	1029	0.58614007	1.1949455
253	44	1030	0.69418527	-1.4151645
402	44	1031	0.40364238	3.0607125
376	45	1032	0.38063027	2.4727974
429	45	1033	0.31998123	0.39844782
460	46	1034	0.41991864	2.214446
180	47	1035	0.36615117	-0.63736023
234	47	1036	0.40001504	1.3260212
146	48	1037	0.60321984	-0.32271757
475	48	1038	0.16174123	3.0737014
178	49	1039	0.21677547	-0.40346236
150	50	1040	0.48979363	-3.0072441
277	50	1041	0.48368286	1.6490727
281	50	1042	0.76742131	-0.096883216
395	50	1043	0.70154425	-2.2223787
432	50	1044	0.48289622	1.794819
188	51	1045	0.57157677	-0.50499139
223	51	1046	0.80041808	1.8238093
315	51	1047	0.59640403	-1.7105879
447	51	1048	0.37499742	-2.3118754
233	52	1049	0.2840474	1.8345692
313	52	1050	0.42223857	0.79941582
401	52	1051	0.48629503	-1.6820936
427	52	1052	0.23195357	-0.46023793
168	53	1053	0.35622269	0.99961654
386	53	1054	0.81070609	1.2632289
476	53	1055	0.86537211	-1.8271563
214	54	1056	0.16200829	0.18101515
288	54	1057	0.53670487	-2.6290307
446	54	1058	0.30091827	-1.423286
493	54	1059	0.5751433	0.74897073
201	55	1060	0.42969688	0.45566963
93	56	1061	0.76090375	-0.6670878
148	56	1062	0.25125356	0.70101528
264	56	1063	0.2720601	-2.0876457
276	56	1064	0.77549705	2.4589313
68	57	1065	0.6672474	-0.32219749
229	57	1066	0.73678688	-0.94667199
322	57	1067	0.47806042	2.7111646
366	57	1068	0.64382748	2.1105067
425	57	1069	0.59972614	2.681485
82	58	1070	0.27139123	-2.4293961
121	58	1071	0.96182977	2.1241749
146	58	1072	0.56283417	-1.2026502
384	58	1073	0.93174136	-0.78821345
212	59	1074	0.82441647	2.0695511
220	59	1075	0.36197271	-0.44398235
314	59	1076	0.63689897	-1.0658973
341	59	1077	0.3241371	0.65103853
382	59	1078	0.39708499	-2.6168366
80	60	1079	0.24190401	0.25766821
183	60	1080	0.29332027	-1.9686889
200	60	1081	0.39320142	-1.3951764
285	60	1082	1.0248584	1.0624073
340	60	1083	0.7604277	0.65676208
370	60	1084	1.0585879	-2.4139355
441	60	1085	0.64472711	-2.2693607
212	61	1086	0.53265162	-1.7110164
332	61	1087	0.46388774	2.0392866
182	62	1088	0.68098128	0.96342486
249	62	1089	0.34385969	-1.9076979
260	62	1090	0.4223568	2.0354405
165	63	1091	0.81176978	-0.42500798
224	63	1092	0.77034709	2.481295
393	63	1093	0.40318953	-0.63812749
226	64	1094	1.0158383	0.95783655
386	64	1095	0.894127	-2.0149341
390	64	1096	0.4668433	-2.3417607
144	65	1097	0.45449252	-2.2678368
311	65	1098	0.21962258	2.0529572
104	66	1099	0.47500568	-0.86648605
359	66	1100	0.27716757	0.67238115
369	66	1101	0.29933829	-1.1996297
73	67	1102	0.27289707	2.8554462
108	67	1103	0.3082843	-1.5463168
284	67	1104	0.31985627	-0.68125908
223	68	1105	0.8435439	-0.56658942
229	68	1106	0.43635058	-2.0529831
435	68	1107	0.60894621	1.8739076
70	69	1108	0.3394954	-1.11067
111	69	1109	0.34482778	1.2358477
193	69	1110	0.68216232	-0.99324982
392	69	1111	0.68473434	2.2928863
193	70	1112	0.34728952	-0.87847667
86	71	1113	0.56721621	-2.3283276
189	71	1114	0.24224342	2.7530134
380	71	1115	0.54008779	0.3767331
247	72	1116	0.34269782	-0.27333656
108	73	1117	0.47004406	-0.96060506
306	73	1118	0.36583031	1.0688822
469	73	1119	0.20682836	-1.5042942
482	73	1120	0.47022148	2.681459
213	74	1121	0.32153739	2.9297644
218	74	1122	0.37788033	-1.562755
236	74	1123	0.18867923	-0.76279981
228	75	1124	0.75238364	-0.53646595
232	75	1125	0.31963003	-1.7307756
259	75	1126	0.44964597	-3.0395626
465	75	1127	0.7178505	2.2318044
123	76	1128	0.90760273	-1.7901998
313	76	1129	0.67571207	-2.5950549
386	76	1130	0.40516766	1.2588599
93	77	1131	0.53243504	-0.075431781
245	77	1132	0.46223183	3.0054494
264	77	1133	0.27965423	2.3743465
385	77	1134	0.089996951	-1.2730647
85	78	1135	0.42677235	-2.3852705
124	78	1136	0.53661569	1.559281
279	78	1137	0.1963318	0.40450003
326	78	1138	0.31366558	-1.51481
231	79	1139	0.19150045	-3.085968
271	79	1140	0.44480058	-1.8883667
343	79	1141	0.29875578	0.73571472
122	80	1142	0.30424316	3.1291824
183	80	1143	0.48069079	-2.3790314
340	80	1144	0.5456912	0.82988403
411	80	1145	0.14271211	1.0259491
343	81	1146	0.7986924	2.8510238
351	81	1147	0.56229014	2.3725438
366	81	1148	0.97364592	-0.55811435
146	82	1149	0.53608827	-0.70589463
155	82	1150	0.26062717	-1.6110715
475	82	1151	0.35650585	-2.7212273
88	83	1152	0.27040115	2.6338498
176	83	1153	0.51563034	-0.30275367
281	83	1154	0.46941991	-2.7777841
93	84	1155	0.9938809	2.9469725
353	84	1156	0.51413804	-2.7237915
376	84	1157	0.75283927	-0.1550875
472	84	1158	0.60155741	0.85854571
483	84	1159	0.70710973	-0.57974528
242	85	1160	0.457034	0.11384765
270	85	1161	0.41564523	-1.8932073
318	85	1162	0.75963498	0.80666234
323	85	1163	0.77383277	-2.3049113
326	85	1164	0.32859873	-0.061820496
417	85	1165	0.79043834	-2.8113624
439	85	1166	0.59867141	1.0197069
197	86	1167	0.51847938	-1.5975788
307	86	1168	0.25572417	0.87134559
335	86	1169	0.5022453	-3.1163055
166	87	1170	0.6059177	0.21801311
267	87	1171	0.45430903	2.6206843
312	87	1172	0.22004006	2.13473
337	87	1173	0.6005302	-2.7019741
479	87	1174	0.39589769	0.11439625
281	88	1175	0.36065943	-2.1666483
158	89	1176	0.26380469	-2.5884979
210	89	1177	0.40274359	-0.93170359
331	89	1178	0.14867269	0.85116489
167	90	1179	0.32128104	1.9640605
318	90	1180	0.38662802	-1.7722478
416	90	1181	0.47378677	2.1372413
488	90	1182	0.10998827	-0.6501609
170	91	1183	0.34479463	-0.62075336
274	91	1184	0.30471325	2.9370331
295	92	1185	0.29300913	2.0870459
341	92	1186	0.12207057	-0.43423953
428	92	1187	0.28784047	-3.0369187
456	92	1188	0.37002707	-1.8097114
98	93	1189	0.55920748	-1.6054404
264	93	1190	0.76878007	2.8319683
269	93	1191	0.53248078	0.69176371
353	93	1192	0.64489541	-0.67069633
385	93	1193	0.50660498	-3.0508393
125	94	1194	0.17145168	-0.73171276
387	95	1195	0.67423433	2.2882759
426	95	1196	0.71291679	-0.80220736
471	95	1197	0.25668048	2.8947041
296	96	1198	0.50912936	-1.1954426
314	96	1199	0.28404746	2.3077189
163	97	1200	0.26340461	2.9612829
245	97	1201	0.44417948	1.0948905
290	97	1202	0.2919281	-1.1934941
267	98	1203	0.52311815	-0.38584932
458	98	1204	0.52535752	-2.6937018
308	99	1205	0.37789327	2.541404
411	99	1206	0.13815652	-2.023963
154	100	1207	0.40403505	1.6735314
302	100	1208	0.53793149	1.3971569
334	100	1209	0.29860928	-2.2629616
440	100	1210	0.64795741	-1.4222732
109	101	1211	0.89030536	-0.95988645
144	101	1212	0.64813396	0.74321232
165	101	1213	0.95707268	2.8373175
190	101	1214	0.45613948	1.385158
268	101	1215	0.57075708	-0.14896282
412	101	1216	0.50095129	-2.717489
275	102	1217	0.29058733	-0.78786955
301	102	1218	0.11151675	0.081088431
377	102	1219	0.25557115	1.5447019
411	103	1220	0.42261829	2.4593191
159	104	1221	0.20621977	-0.039146186
359	104	1222	0.54226041	1.7389064
369	104	1223	0.21562524	2.746327
468	104	1224	0.69883448	-1.124108
204	105	1225	0.087155115	2.5136043
286	105	1226	0.41852771	0.91282998
175	106	1227	0.6350464	1.0002784
305	106	1228	0.5000984	-0.51037748
360	106	1229	0.68867811	-2.6547839
152	107	1230	0.62914563	0.10426091
169	107	1231	0.42851627	2.7891779
222	107	1232	0.52145181	0.23245581
271	107	1233	0.88030752	2.556534
358	107	1234	0.84698099	2.958658
394	107	1235	1.0415505	-0.66128917
119	108	1236	0.62735372	-1.076486
284	108	1237	0.26350602	0.41712668
469	108	1238	0.31196011	2.5310599
268	109	1239	0.646802	1.4876062
293	109	1240	0.82511621	-1.0891187
382	109	1241	0.74541415	-0.52819374
453	109	1242	0.58534112	-2.590741
237	110	1243	0.59886585	0.93744389
380	110	1244	0.49311385	-0.99542826
490	110	1245	0.50089288	3.0195272
288	111	1246	0.71818279	-0.080897034
362	111	1247	0.32436243	2.7722572
392	111	1248	0.59639576	2.8205829
173	112	1249	0.31204424	-1.5864592
228	112	1250	0.56144762	2.4450965
257	112	1251	0.49245998	-0.014847592
120	113	1252	0.35914435	-1.5412469
225	113	1253	0.45037489	3.0407023
220	114	1254	0.25709536	1.5830886
314	114	1255	0.14652619	-1.7212258
477	114	1256	0.41494473	-2.6383604
255	115	1257	0.20754267	1.4056579
165	116	1258	0.58059594	0.45213132
170	116	1259	0.61327942	3.0967968
316	116	1260	0.40295078	-1.9766355
393	116	1261	0.36412999	1.2738288
491	116	1262	0.33942413	-2.3060577
128	117	1263	0.45820479	2.8665754
405	117	1264	0.39647098	2.0627976
455	117	1265	0.41153788	-1.1581653
480	117	1266	0.47594333	-0.15738467
289	118	1267	0.40675045	2.8213631
408	118	1268	0.41061599	-0.90636
419	118	1269	0.48685238	1.3025461
248	119	1270	0.27374286	2.8372532
255	119	1271	0.73113349	1.1236844
284	119	1272	0.66144899	1.6566527
360	119	1273	0.59698121	-0.10713488
373	119	1274	1.0122243	-2.3395256
375	119	1275	0.78917688	-0.83653932
492	120	1276	0.42912652	-0.037168319
206	121	1277	0.45771999	3.0381266
263	121	1278	0.70745406	1.8034582
467	121	1279	0.75236039	2.0048689
196	122	1280	0.22699908	1.4831178
413	122	1281	0.40624474	3.0671242
263	123	1282	0.67644928	-1.4242283
427	123	1283	0.48376913	2.8718694
467	123	1284	0.67719968	-1.6513793
142	124	1285	0.09000841	2.5714356
251	124	1286	0.52209898	1.9357637
338	124	1287	0.32892056	0.97931598
435	125	1288	0.41461015	-1.7932655
147	126	1289	0.35245909	1.6460325
226	126	1290	0.60898538	-2.5161924
319	127	1291	0.58387939	2.1896915
433	127	1292	0.65905104	-0.57088973
462	127	1293	0.32026901	2.6961894
203	128	1294	0.37735684	2.9726418
209	128	1295	0.36531017	2.4467589
342	128	1296	0.35223049	-1.6870081
405	128	1297	0.33910615	0.7255526
186	129	1298	0.38494915	2.3984389
207	129	1299	0.54134804	-0.67282674
266	130	1300	0.36393084	-2.543024
374	130	1301	0.52767636	2.1808993
396	130	1302	0.64917318	-1.0731803
424	130	1303	0.32504053	-0.45925958
440	130	1304	0.47034038	1.6980996
135	131	1305	0.2664245	0.33518406
336	131	1306	0.47609516	2.747686
350	131	1307	0.50965202	-0.83582662
272	132	1308	0.69644496	0.89200595
381	132	1309	0.32231112	-2.3025421
426	132	1310	0.62526253	-2.1864828
156	133	1311	0.54556002	-1.1539428
218	133	1312	0.55283359	2.4376752
196	134	1313	0.49250649	-0.34938514
197	134	1314	0.80403686	2.8116233
308	134	1315	0.57297486	0.10700774
413	134	1316	0.36644764	-1.4675845
246	135	1317	0.4586581	0.61212402
271	135	1318	0.69062817	-0.53875959
336	135	1319	0.69774158	3.0048901
478	135	1320	0.2095455	2.2363834
442	136	1321	0.50690967	0.71918271
472	136	1322	0.50096946	3.0805717
494	136	1323	0.3835373	-1.1893485
466	138	1324	0.56501402	2.2257215
476	138	1325	0.86688398	1.4514232
429	139	1326	0.42118497	0.68177462
483	139	1327	0.4320064	2.893211
171	140	1328	0.33929166	-2.2206358
278	140	1329	0.50372976	-2.9100485
316	140	1330	0.3311864	0.65972807
388	140	1331	0.43208962	-0.16106695
491	140	1332	0.37500196	1.029896
245	141	1333	0.62407399	-0.75589418
264	141	1334	0.77020242	-0.39543452
276	141	1335	0.49334292	1.0546127
346	141	1336	0.70592525	2.03332
406	141	1337	0.43787353	-1.3718227
422	141	1338	0.47643427	-2.3372249
433	141	1339	0.80334112	2.8514153
172	142	1340	0.6136724	2.1076075
279	142	1341	0.56612464	-1.1132608
189	143	1342	0.3069943	-0.016337663
215	143	1343	0.40591607	-2.7507761
327	143	1344	0.32388565	0.7693805
181	144	1345	0.4255174	1.0363246
190	144	1346	0.39314939	3.1168203
198	144	1347	0.38833349	-0.65230069
236	144	1348	0.49497385	1.5325093
239	144	1349	0.26799207	0.64573024
268	144	1350	0.53049019	-1.40564
387	145	1351	0.29605404	-0.27160484
155	146	1352	0.42749386	2.9358067
346	146	1353	0.89813763	-0.76349371
384	146	1354	0.47421848	-0.28992721
179	147	1355	0.43831592	1.3944563
226	147	1356	0.84825252	-2.1541355
339	147	1357	0.55518736	0.37993454
269	148	1358	0.86692884	-0.34496158
276	148	1359	0.85849778	2.7506072
475	149	1360	0.36946632	-0.18923495
395	150	1361	0.49584545	-1.4496323
400	150	1362	0.54163794	2.5584944
222	152	1363	0.13031518	2.7088499
322	152	1364	0.49119322	-0.10925734
425	152	1365	0.38559058	0.034421464
304	153	1366	0.64874886	0.014185051
354	153	1367	1.0652889	-1.8296939
399	153	1368	0.71707117	0.72337878
468	153	1369	0.95137949	2.0427333
302	154	1370	0.18553749	0.76086933
333	154	1371	0.72005644	1.3772293
334	154	1372	0.64915773	-1.8026085
475	155	1373	0.33528692	2.7917236
295	156	1374	0.54730728	-0.43859386
329	156	1375	0.67560058	2.3421949
428	156	1376	0.62677628	-0.97085298
474	156	1377	0.39097498	-1.8605672
443	157	1378	0.38754513	-2.0585491
331	158	1379	0.40826306	0.66024442
344	158	1380	0.47008938	0.76472441
421	158	1381	0.44755179	0.134129
437	158	1382	0.79817286	-2.5188183
359	159	1383	0.61854231	2.0712523
447	159	1384	0.38150558	0.60620692
468	159	1385	0.62953131	-1.4179915
273	160	1386	0.40286059	-0.62659543
449	160	1387	0.39471951	2.4562243
228	161	1388	0.87697396	-2.986042
257	161	1389	0.50654741	-1.45862
291	161	1390	0.26118278	1.0368895
356	161	1391	0.75374658	0.24390482
430	161	1392	0.50293842	0.96782382
184	162	1393	0.25770508	-1.9591305
354	162	1394	0.65190824	2.1771745
417	162	1395	0.55196987	-0.94396196
290	163	1396	0.48578181	-0.71539512
406	163	1397	0.35923529	1.3029566
422	163	1398	0.53910818	2.2107186
195	164	1399	0.30431207	0.74673848
192	165	1400	0.53185854	0.31662071
393	165	1401	0.42631848	2.9179782
173	166	1402	0.58262956	2.9755308
310	167	1403	0.44777675	-0.71946839
416	167	1404	0.16676895	2.4756309
473	167	1405	0.29531779	0.23125552
488	167	1406	0.41998919	-1.0453512
386	168	1407	0.47592834	1.4595182
402	168	1408	0.29216123	-0.30342657
438	168	1409	0.21453348	-2.8081621
358	169	1410	0.43071202	3.1272658
420	170	1411	0.52215529	-2.8844069
278	171	1412	0.32419969	2.6447123
364	171	1413	0.36856191	-1.2482457
251	172	1414	0.22157749	-0.409532
283	172	1415	0.41111057	1.5582822
304	172	1416	0.57519907	2.4653317
202	173	1417	0.60306732	2.918661
187	174	1418	0.54104727	0.73576143
302	174	1419	0.52501554	-1.9783786
333	174	1420	0.22571957	2.6990391
274	175	1421	0.50689622	0.37938262
292	175	1422	0.6701264	2.9910825
420	175	1423	0.58289818	-0.364027
444	175	1424	0.57368228	1.1691664
224	176	1425	0.67594037	-2.3372651
188	177	1426	0.32057183	-2.9235362
348	177	1427	0.10277624	0.96644753
474	177	1428	0.19502302	-2.3460933
379	178	1429	0.52542404	-1.0752074
401	178	1430	0.4760856	1.540628
466	178	1431	0.15393853	-0.15441499
287	179	1432	0.3531594	1.2356103
289	180	1433	0.4694337	0.21747517
361	180	1434	0.27913504	2.6168515
311	181	1435	0.17891371	1.7213169
260	182	1436	0.60576776	-2.8371091
436	183	1437	0.53077709	-2.7978029
285	184	1438	0.74808425	-1.6741191
354	184	1439	0.82123709	1.9108842
417	184	1440	0.47012798	-0.45953707
194	185	1441	0.35133725	-1.3841801
388	185	1442	0.52529736	2.7446703
398	185	1443	0.18253796	-1.1000727
403	185	1444	0.5182917	0.2285319
230	187	1445	0.29115161	-1.1399911
253	187	1446	0.77078141	2.5140886
333	187	1447	0.66113746	-2.7267631
373	187	1448	1.0011866	0.89100083
377	187	1449	0.60194676	-1.1974965
387	187	1450	0.67386633	-1.0212446
348	188	1451	0.40201444	0.39290796
372	188	1452	0.49929238	-1.7473883
474	188	1453	0.18983142	-0.37731007
307	189	1454	0.30820423	-1.5738232
327	189	1455	0.24202414	1.8827979
192	190	1456	0.4918955	3.1333874
345	190	1457	0.45829395	0.89236252
359	191	1458	0.35140163	-0.68673043
215	193	1459	0.38924316	-0.58833286
335	193	1460	0.67408648	-1.0448564
252	194	1461	0.36754926	-1.4296813
398	194	1462	0.1833986	1.4746752
448	195	1463	0.6445645	0.94964931
308	196	1464	0.25345876	1.1352026
411	196	1465	0.37418889	-0.29238339
335	197	1466	0.70282658	2.3386934
480	197	1467	0.4282927	-2.5526141
212	198	1468	0.49924062	-0.88022576
239	198	1469	0.40810597	1.8046505
268	198	1470	0.36289949	-2.2269256
305	199	1471	0.46302814	0.35695172
485	199	1472	0.43864883	-2.8175929
357	201	1473	0.59338912	-0.19285562
454	201	1474	0.27080756	1.1485106
457	201	1475	0.41618422	2.0393521
419	202	1476	0.63354193	2.647875
209	203	1477	0.19338568	1.0787152
273	203	1478	0.58947247	2.5083061
342	203	1479	0.52960155	-0.89532199
286	204	1480	0.43005596	0.7088495
424	205	1481	0.35676084	0.62315499
379	206	1482	0.3227328	2.7576723
208	207	1483	1.0227813	0.29136416
350	208	1484	0.56461846	0.63993135
358	208	1485	0.86447042	0.13514112
273	209	1486	0.59396053	2.8365131
405	209	1487	0.53438695	-0.01661629
277	210	1488	0.37940782	-1.1477726
432	210	1489	0.36760938	-1.333826
247	211	1490	0.40764048	1.2562054
489	211	1491	0.41999698	-1.5509572
268	212	1492	0.54810053	2.9631077
218	213	1493	0.54697337	-0.95174329
223	213	1494	0.55614583	-1.6231025
236	213	1495	0.49230623	-0.41383972
309	213	1496	0.70437284	2.2359578
415	213	1497	0.352476	0.88470814
335	215	1498	0.36725589	-1.5310031
391	215	1499	0.17046072	-1.6794473
287	216	1500	0.39285155	3.0734803
336	216	1501	0.5101614	-0.6024341
261	217	1502	0.35274764	-0.8434892
433	217	1503	0.42677452	1.3439048
223	218	1504	0.36348269	-2.8343905
329	218	1505	0.40981298	-1.139467
259	219	1506	0.34209025	1.0881693
314	220	1507	0.40238674	-1.6175311
341	220	1508	0.35862151	1.7645275
309	221	1509	0.48289501	-2.7788135
415	221	1510	0.49774357	-1.1428554
443	221	1511	0.44482552	1.3278528
425	222	1512	0.50536169	-0.081972343
329	223	1513	0.58047515	-0.46898523
281	224	1514	0.66166723	2.3438225
444	224	1515	0.74862797	-2.5286838
293	225	1516	0.46940005	2.8461877
382	225	1517	0.52671793	1.9347329
419	228	1518	0.75873092	-2.821658
359	229	1519	0.83123199	-1.2640969
387	230	1520	0.38630795	-0.93183924
246	231	1521	0.26398324	2.2464998
271	231	1522	0.41522088	-1.4444768
313	233	1523	0.36951229	0.077206488
244	234	1524	0.61332171	-0.017587609
258	234	1525	0.38817506	2.8962556
361	234	1526	0.4682314	-1.6654483
260	235	1527	0.2984143	2.8254198
239	236	1528	0.38623034	-1.0412886
311	236	1529	0.17771083	0.2761499
332	236	1530	0.50360712	-0.35249118
415	236	1531	0.52276493	2.0209318
260	237	1532	0.74969447	-0.17350916
493	237	1533	0.73066587	2.2746586
252	238	1534	0.34683763	-2.9022438
325	238	1535	0.53201204	-2.3683747
453	238	1536	0.6452157	0.67608983
378	240	1537	0.5543314	-1.8622951
400	240	1538	0.38705699	0.30284795
437	240	1539	0.43008124	1.5699552
298	241	1540	0.39842647	-2.9335578
334	241	1541	0.53981211	0.8796215
357	241	1542	0.64467477	-1.4316411
374	241	1543	0.38902528	-0.074788094
454	241	1544	0.47225145	-2.5129812
489	241	1545	0.58652838	1.5374377
279	242	1546	0.32034558	1.455567
484	242	1547	0.2598399	0.17390397
445	243	1548	0.21943184	-3.0678205
487	243	1549	0.290932	0.38886663
259	244	1550	0.46292721	1.1624647
419	244	1551	0.57806456	-0.26697771
264	245	1552	0.28832857	0.47314546
385	245	1553	0.50668896	-0.29800953
406	245	1554	0.36756304	-3.1384443
343	246	1555	0.57781773	0.008946438
421	246	1556	0.22245094	0.96665463
478	246	1557	0.51434261	-2.9484415
333	247	1558	0.61190617	0.63015024
451	247	1559	0.4153997	-2.0425338
259	250	1560	0.68680003	-0.69636108
349	250	1561	0.53145433	2.1330492
397	250	1562	0.51860633	2.7178182
465	250	1563	0.56052484	0.31172949
283	251	1564	0.53717241	1.9485158
325	252	1565	0.29264988	-1.7210042
404	252	1566	0.32943244	-2.5844624
333	253	1567	0.71925456	-1.5445426
373	254	1568	0.28378187	-0.47439228
292	255	1569	0.61296654	0.3917244
299	255	1570	0.63552226	1.8457758
286	258	1571	0.42445046	-2.3476312
419	259	1572	0.68779271	-0.99627939
465	259	1573	0.61248586	1.5600042
286	261	1574	0.44931363	-1.6608749
364	262	1575	0.72623908	2.2470027
404	262	1576	0.38338468	0.079477205
493	262	1577	0.66886043	-1.039483
467	263	1578	0.15341289	-3.1037403
349	265	1579	0.50522061	-2.4370986
445	265	1580	0.53313504	0.67028944
312	267	1581	0.27933526	-0.14414801
353	267	1582	0.35715995	1.4588049
472	269	1583	0.96123758	-0.079735484
323	270	1584	0.42667389	-2.705356
350	271	1585	0.51483405	-2.9235217
358	271	1586	0.34649903	-1.8604097
392	272	1587	0.56491588	-0.0090368858
459	272	1588	0.20776869	2.7558444
486	272	1589	0.60329384	1.4348822
487	273	1590	0.70680174	2.7726792
420	274	1591	0.40210228	-1.3860915
444	274	1592	0.42025356	2.1978518
377	275	1593	0.50226992	1.9766539
461	275	1594	0.57696774	-1.0254199
346	276	1595	0.59412904	2.7934505
384	276	1596	1.019991	2.4011055
432	277	1597	0.070379694	-2.9792955
305	278	1598	0.65800488	3.1230298
364	278	1599	0.6446521	-0.89781472
420	278	1600	0.61894335	1.911102
484	279	1601	0.3502454	-0.89498529
328	280	1602	0.43664274	-1.6873694
414	280	1603	0.4622116	0.8540068
442	280	1604	0.42873841	2.1262267
464	280	1605	0.3344067	-2.059965
303	282	1606	0.35582667	0.83453392
429	282	1607	0.38226899	2.8089333
496	282	1608	0.13013117	1.1092261
304	283	1609	0.45661804	-3.0295096
321	283	1610	0.34683012	1.8801868
477	283	1611	0.61210993	1.2656115
299	284	1612	0.64383738	1.2544857
417	285	1613	0.73168155	0.82122558
300	287	1614	0.41565314	2.1238522
490	288	1615	0.60436585	-0.56567907
389	289	1616	0.4859387	3.0590638
419	289	1617	0.61797557	0.58530325
389	290	1618	0.19347765	-2.8322745
458	290	1619	0.63254063	-0.36034206
430	291	1620	0.24304759	0.89359556
317	292	1621	0.46967606	1.979654
324	293	1622	0.46485885	2.650958
438	294	1623	0.14269926	2.2573061
341	295	1624	0.39870299	-0.87562196
473	296	1625	0.48458129	-1.7112467
492	296	1626	0.13781923	1.2324411
312	297	1627	0.43458801	3.012515
479	297	1628	0.11657566	-0.81504133
483	297	1629	0.47889476	0.60464874
306	299	1630	0.53468115	-3.1177955
317	299	1631	0.55494127	0.096261779
378	299	1632	0.76407885	2.2068204
395	299	1633	0.75232598	0.67582866
377	301	1634	0.26768408	1.971774
471	301	1635	0.30790869	-0.76386761
370	303	1636	0.24178942	0.72315632
429	303	1637	0.61610295	-2.914307
441	303	1638	0.66900729	0.5867214
496	303	1639	0.23326049	-2.4589674
399	304	1640	0.47853827	1.8052844
367	306	1641	0.36612705	2.9951447
411	308	1642	0.42093571	-0.93085357
423	308	1643	0.59670136	1.3514499
435	309	1644	0.49366942	-2.9877802
495	309	1645	0.51021302	0.95276872
318	310	1646	0.47903631	-2.223779
407	310	1647	0.43001038	-0.22295942
473	310	1648	0.36610516	1.7059826
488	310	1649	0.1434157	-2.6455794
345	311	1650	0.34407003	-2.6028805
353	312	1651	0.46044182	2.1102727
427	313	1652	0.41487352	-1.7809215
320	314	1653	0.69255131	-1.4470613
372	315	1654	0.52643526	-0.34385256
447	315	1655	0.35703466	2.0672329
468	315	1656	0.65317621	-2.206386
388	316	1657	0.3182728	-1.0264991
491	316	1658	0.13690936	2.0956074
355	317	1659	0.46530489	0.33564447
395	317	1660	0.4187066	1.4881044
488	318	1661	0.35310633	1.0848707
357	319	1662	0.34771653	-0.7106145
462	319	1663	0.34124214	-1.4246125
338	320	1664	0.66717562	-1.6354108
399	321	1665	0.46695563	2.9607023
477	321	1666	0.38479435	0.71908544
425	322	1667	0.12269916	2.565605
340	323	1668	0.90016005	-2.3374394
417	323	1669	0.3922232	2.1952505
453	324	1670	0.51399379	2.7295959
404	325	1671	0.26244031	2.6872977
493	325	1672	0.5655887	-2.0868827
490	327	1673	0.35303844	1.47093
452	328	1674	0.33344856	-1.3971212
464	328	1675	0.17461341	2.2256674
494	328	1676	0.42775903	2.8862093
496	328	1677	0.36468976	-0.5713063
365	330	1678	0.40606353	-2.3576884
428	330	1679	0.46615901	1.6468297
456	330	1680	0.21210468	0.69218761
477	330	1681	0.37226799	-1.380824
418	331	1682	0.43084223	-0.11396119
374	334	1683	0.44714548	-1.4725978
440	334	1684	0.50092433	-0.96202791
489	334	1685	0.36649562	2.6583968
405	335	1686	0.61480191	-2.595167
437	336	1687	0.20114423	-1.0440638
371	337	1688	0.34299887	-2.5413557
408	337	1689	0.47780252	2.8794777
439	338	1690	0.62112386	-1.8758105
473	338	1691	0.32748346	0.61595186
437	339	1692	0.59494128	0.11696314
430	342	1693	0.53775814	-0.98015647
418	343	1694	0.35059551	1.9954619
421	343	1695	0.48522105	2.7661886
418	344	1696	0.42961023	-0.29295055
356	347	1697	0.76262352	2.6274636
434	347	1698	0.41647917	-1.5008816
436	347	1699	0.62174227	0.45403751
481	347	1700	0.59466992	-2.1486129
397	349	1701	0.30291555	-2.2463297
424	349	1702	0.55676907	2.6721605
358	350	1703	0.46007153	-0.50028785
418	351	1704	0.52949995	2.8401021
438	352	1705	0.40311938	-0.47319983
395	355	1706	0.48325055	2.5636151
444	355	1707	0.6532646	-0.24219207
430	356	1708	0.50303412	2.6617466
433	357	1709	0.87318245	-0.76530715
462	357	1710	0.24084267	-2.6635998
363	359	1711	0.37907717	-0.24438983
375	360	1712	0.52599797	-1.6942694
485	360	1713	0.29690929	-0.85260687
392	362	1714	0.27286227	2.8780388
447	363	1715	0.3367164	-0.76669137
399	365	1716	0.4631949	-2.5757674
425	366	1717	0.35276529	-2.1961477
435	366	1718	0.80299507	-0.22916446
482	367	1719	0.28741894	-2.5287292
434	368	1720	0.45467865	1.9970273
468	369	1721	0.87159142	-0.95858822
429	370	1722	0.83671653	-2.7763769
434	370	1723	0.55865968	-2.2537059
408	371	1724	0.3642498	2.0827509
399	372	1725	0.7260804	-1.4512027
474	372	1726	0.49752903	1.0110065
440	374	1727	0.24499751	0.13945946
485	375	1728	0.39589861	0.85379877
486	375	1729	0.91883606	-1.227747
429	376	1730	0.60399425	-0.18627165
450	376	1731	0.23803252	1.8135961
494	376	1732	0.34584356	0.56469554
387	377	1733	0.13319414	-0.10647695
409	379	1734	0.4967327	-0.89615146
426	381	1735	0.30739398	-2.0647641
394	383	1736	0.31681645	-1.8282541
390	386	1737	0.47619594	1.4468349
471	387	1738	0.48586956	-1.1591545
486	392	1739	0.77255621	2.2464274
397	396	1740	0.29517595	-0.21127526
424	397	1741	0.57681986	2.1322801
427	401	1742	0.46168558	0.96779507
466	401	1743	0.51818849	-1.3017389
412	403	1744	0.48918919	1.6039307
453	403	1745	0.5661903	-0.6454222
458	408	1746	0.47720088	2.3859987
453	410	1747	0.27623503	-2.9713857
431	414	1748	0.6591912	1.3339965
442	414	1749	0.5299718	3.1117419
460	414	1750	0.61180914	-0.80096976
470	420	1751	0.22710531	2.0752376
433	422	1752	0.72208891	2.2248359
440	424	1753	0.70435057	2.0925913
445	426	1754	0.67168415	-1.9469391
449	426	1755	0.37879423	-0.78241678
487	426	1756	0.55360923	-1.1197702
456	428	1757	0.38472494	-1.0280737
452	429	1758	0.22002965	-0.68703028
483	429	1759	0.76258639	-2.9312605
455	430	1760	0.45579693	0.70415822
442	431	1761	0.9268062	-2.4015288
481	434	1762	0.36342777	-2.9121168
478	437	1763	0.52115859	0.48639768
472	442	1764	0.93216024	-2.8100884
495	443	1765	0.32274524	-2.5224756
461	445	1766	0.77683281	2.0052424
465	445	1767	0.93622604	-1.5557453
487	445	1768	0.50416785	0.25357195
490	446	1769	0.28949477	-1.5768087
482	448	1770	0.65885483	0.74102996
472	450	1771	0.44953273	2.2820109
494	450	1772	0.3523912	-0.13082311
489	451	1773	0.44323773	-1.4099899
477	456	1774	0.50949911	-1.7543439
471	461	1775	0.52390508	1.9027837
481	463	1776	0.3504836	0.91570104
494	464	1777	0.30903778	-3.0429607
483	479	1778	0.47552334	0.84944521
