label	xPos	yPos	vote	north
0	0	0	0	0
1	5.837908	-0.5404345	0	0
2	3.944134	-2.406295	0	0
3	-0.8073024	-2.945119	0	0
4	2.990116	4.119653	0	0
5	-0.8172183	4.500581	0	0
6	4.745682	1.478113	0	0
7	-5.127597	0.851236	0	0
8	2.342845	-3.202935	0	0
9	1.636739	-4.643309	0	0
10	-2.583771	-3.873003	0	0
11	-4.552063	-1.065492	0	0
12	0.776367	-5.319448	0	0
13	2.999535	3.356245	0	0
14	-2.790228	1.449266	0	0
15	4.211704	-1.190293	0	0
16	2.450562	-3.451303	0	0
17	-1.676343	-2.477837	0	0
18	-0.5288856	4.515142	0	0
19	-1.757504	4.295968	0	0
20	2.743821	4.297714	0	0
21	1.874795	-2.934238	0	0
22	-2.262442	1.69213	0	0
23	-1.913419	3.867748	0	0
24	-0.07643599	3.208741	0	0
25	1.286467	-1.961235	0	0
26	-1.654995	3.261622	0	0
27	3.356228	-3.023031	0	0
28	-2.193047	3.887889	0	0
29	-1.899141	-4.182966	0	0
30	-1.106004	3.035372	0	0
31	-5.150523	-0.8116547	0	0
32	2.308343	-4.10284	0	0
33	-2.833793	-0.1681434	0	0
34	-4.244857	-0.2079691	0	0
35	-2.304199	3.705827	0	0
36	-1.627681	1.183611	0	0
37	-3.526944	1.099156	0	0
38	-2.015617	-2.370923	0	0
39	4.387289	1.155781	0	0
40	2.61157	-4.740734	0	0
41	2.952777	-4.686078	0	0
42	-0.09787434	0.6277673	0	0
43	5.267511	-0.09309524	0	0
44	3.748493	-1.39402	0	0
45	-0.6956712	4.313753	0	0
46	-2.135348	3.993771	0	0
47	2.859356	4.314958	0	0
48	4.300776	1.794232	0	0
49	5.640502	-0.07333512	0	0
50	0.5278878	-4.061222	0	0
51	-3.175772	-2.220241	0	0
52	5.37276	-0.9473832	0	0
53	4.622213	-1.214249	0	0
54	-1.386637	0.2750853	0	0
55	5.13258	2.478916	0	0
56	1.919667	3.298476	0	0
57	-1.630769	-3.659239	0	0
58	3.931252	1.460418	0	0
59	-4.457242	-1.513414	0	0
60	-2.562603	3.18668	0	0
61	-4.137341	-2.764823	0	0
62	-3.208427	0.9475068	0	0
63	-1.306407	-3.040872	0	0
64	3.992591	-2.794291	0	0
65	-3.72805	-3.20646	0	0
66	-2.095459	-2.096278	0	0
67	1.989024	-2.622333	0	0
68	-2.263681	-3.447954	0	0
69	-0.08971776	0.8059208	0	0
70	-0.2404745	1.110107	0	0
71	-1.692403	1.535624	0	0
72	4.446368	0.2788481	0	0
73	2.250825	-2.69936	0	0
74	-3.318837	-3.482959	0	0
75	1.518064	3.466987	0	0
76	4.501126	-1.601296	0	0
77	1.852802	3.729123	0	0
78	-4.618135	1.206677	0	0
79	0.512681	-4.755506	0	0
80	-2.796521	3.125036	0	0
81	-0.474014	-4.727183	0	0
82	4.136676	1.637772	0	0
83	-0.6746303	-4.154024	0	0
84	0.3467633	3.961458	0	0
85	-4.307716	1.49955	0	0
86	-1.302652	1.947726	0	0
87	0.4625393	4.751088	0	0
88	-0.4383418	-4.285495	0	0
89	0.9616879	-5.212644	0	0
90	-4.910678	0.572298	0	0
91	-0.6305679	-2.680516	0	0
92	-4.604337	-1.761203	0	0
93	1.321881	3.769247	0	0
94	-2.04583	-4.548087	0	0
95	2.221683	0.826979	0	0
96	-4.956206	-0.7456366	0	0
97	2.514255	4.061209	0	0
98	1.34125	4.328119	0	0
99	-2.930974	2.878776	0	0
100	3.719085	1.119296	0	0
101	-2.959067	-2.419416	0	0
102	2.804091	0.5602957	0	0
103	-3.198499	3.269474	0	0
104	-2.403029	-1.734296	0	0
105	3.692452	4.466431	0	0
106	0.4816131	-2.020218	0	0
107	-0.08232035	-3.846798	0	0
108	1.981478	-2.314141	0	0
109	-3.469758	-1.690143	0	0
110	-1.92629	0.9232152	0	0
111	-0.2030698	0.4802561	0	0
112	0.4406914	4.21172	0	0
113	-4.749159	-0.7768928	0	0
114	-4.787281	-1.100857	0	0
115	1.401849	-2.216428	0	0
116	-1.523702	-2.452503	0	0
117	-0.4625772	2.629344	0	0
118	1.720642	4.559597	0	0
119	1.683846	-1.761884	0	0
120	-4.75977	-0.4179052	0	0
121	4.436756	0.642138	0	0
122	-2.492302	3.121261	0	0
123	4.698664	-0.715451	0	0
124	-4.624314	0.670097	0	0
125	-2.173395	-4.433533	0	0
126	2.914467	-3.981708	0	0
127	4.089164	2.652318	0	0
128	-0.02159151	2.504912	0	0
129	3.010159	-3.927972	0	0
130	3.563488	2.226654	0	0
131	1.49597	-4.59965	0	0
132	1.365018	0.8290393	0	0
133	-3.743308	-2.747292	0	0
134	-2.049428	2.726539	0	0
135	1.244372	-4.687288	0	0
136	-0.546415	3.536694	0	0
137	2.51016	-3.858796	0	0
138	4.944875	0.483557	0	0
139	-0.6635551	4.455023	0	0
140	-1.102931	-1.879299	0	0
141	2.764869	3.23831	0	0
142	-4.548544	0.6215136	0	0
143	-1.161266	1.438829	0	0
144	-3.436288	-2.85798	0	0
145	2.950184	0.2395421	0	0
146	3.728696	1.98554	0	0
147	2.940959	-4.33317	0	0
148	1.727662	3.136419	0	0
149	4.825015	1.71376	0	0
150	1.013268	-3.995616	0	0
151	-1.384545	3.25024	0	0
152	-0.7080496	-3.912275	0	0
153	-3.137421	-0.256646	0	0
154	3.760521	0.7173912	0	0
155	4.14717	1.898188	0	0
156	-3.964197	-2.248449	0	0
157	-3.30985	-5.050256	0	0
158	1.18616	-5.074061	0	0
159	-2.609091	-1.726226	0	0
160	1.151887	1.856379	0	0
161	0.004989233	3.715667	0	0
162	-3.23621	1.308824	0	0
163	2.773389	4.013971	0	0
164	3.756679	-1.732541	0	0
165	-2.045959	-2.706156	0	0
166	-0.1290358	4.620034	0	0
167	-4.787561	0.2755426	0	0
168	4.42963	-1.513926	0	0
169	0.3198602	-3.994707	0	0
170	-0.9110378	-2.479967	0	0
171	-0.8976399	-1.609161	0	0
172	-4.234713	0.09415807	0	0
173	0.4455787	4.523725	0	0
174	3.418036	0.1074463	0	0
175	0.1386448	-2.554686	0	0
176	-1.166809	-4.000289	0	0
177	-3.988985	-2.013062	0	0
178	5.441132	0.01177202	0	0
179	2.864067	-4.764689	0	0
180	2.565091	4.532845	0	0
181	-3.653041	-3.224154	0	0
182	-3.597071	0.3883183	0	0
183	-2.448949	3.457086	0	0
184	-3.138631	1.547341	0	0
185	-2.013886	-1.606934	0	0
186	3.293612	-4.188433	0	0
187	3.016947	-0.2556786	0	0
188	-3.676004	-1.943712	0	0
189	-1.468219	1.443844	0	0
190	-3.043259	-2.867718	0	0
191	-2.040551	-2.491705	0	0
192	-2.55138	-2.871754	0	0
193	-0.4621579	1.37744	0	0
194	-2.079072	-1.261696	0	0
195	3.533342	-1.939245	0	0
196	-2.512179	2.895134	0	0
197	-1.288767	2.466019	0	0
198	-3.744892	-2.622255	0	0
199	0.4790889	-1.614125	0	0
200	-2.631303	3.573833	0	0
201	4.746726	2.289822	0	0
202	1.033722	4.390394	0	0
203	0.3503924	2.44146	0	0
204	3.762979	4.415226	0	0
205	3.561832	2.578945	0	0
206	4.892028	0.5948639	0	0
207	2.586791	-3.590604	0	0
208	1.607116	-3.884407	0	0
209	0.2590252	2.271019	0	0
210	0.7214644	-4.889387	0	0
211	4.242528	0.7589926	0	0
212	-4.062897	-2.237399	0	0
213	-3.004487	-3.550561	0	0
214	-1.545999	0.2459193	0	0
215	-0.7859565	1.59346	0	0
216	2.355956	-5.071457	0	0
217	3.630628	3.424293	0	0
218	-3.321876	-3.10509	0	0
219	2.124138	3.815801	0	0
220	-4.784121	-1.357933	0	0
221	-3.021223	-4.27614	0	0
222	-0.589747	-3.966924	0	0
223	-2.97541	-2.995176	0	0
224	-0.6979799	-3.513366	0	0
225	-4.301075	-0.8222543	0	0
226	3.408189	-3.625195	0	0
227	3.757905	-2.814733	0	0
228	0.8713749	3.851532	0	0
229	-2.061338	-3.061355	0	0
230	2.895361	0.008870459	0	0
231	0.7038853	-4.744859	0	0
232	1.56898	3.782536	0	0
233	5.446818	-1.221606	0	0
234	2.762417	3.926866	0	0
235	-3.30279	0.6627142	0	0
236	-3.455234	-3.352591	0	0
237	-2.280729	0.4405006	0	0
238	-2.467717	-0.9800255	0	0
239	-3.650322	-3.019253	0	0
240	1.834848	-4.178413	0	0
241	4.253759	1.765109	0	0
242	-4.761791	1.44763	0	0
243	1.754017	1.948042	0	0
244	2.14919	3.937653	0	0
245	2.310757	3.666387	0	0
246	0.8689927	-4.950836	0	0
247	4.116393	0.3713579	0	0
248	1.945009	-1.843915	0	0
249	-3.094759	1.272036	0	0
250	2.492272	3.072251	0	0
251	-4.437968	0.1823858	0	0
252	-2.130766	-0.8978007	0	0
253	3.640891	-0.7082244	0	0
254	2.640011	-1.163934	0	0
255	1.367731	-2.421147	0	0
256	5.170135	1.554064	0	0
257	-0.05171428	4.219031	0	0
258	3.138968	3.832585	0	0
259	1.965372	3.512785	0	0
260	-3.019167	0.5699278	0	0
261	3.3961	3.687784	0	0
262	-1.468978	-0.6931742	0	0
263	4.599872	-0.04625454	0	0
264	2.054104	3.534999	0	0
265	2.390639	2.295405	0	0
266	3.864146	2.431715	0	0
267	0.8565922	4.524993	0	0
268	-3.523504	-2.334708	0	0
269	0.9118056	3.42958	0	0
270	-4.176017	1.893779	0	0
271	0.6515742	-4.332946	0	0
272	0.9277533	0.2869734	0	0
273	0.8255585	2.092612	0	0
274	-0.3322078	-2.742414	0	0
275	2.599124	0.7662791	0	0
276	2.521373	2.809246	0	0
277	0.5657101	-4.543423	0	0
278	-0.6126444	-1.763703	0	0
279	-4.798623	1.129409	0	0
280	-1.153863	3.567045	0	0
281	-0.2359347	-3.986988	0	0
282	-1.351898	4.314437	0	0
283	-4.239857	-0.3169203	0	0
284	1.740566	-2.420897	0	0
285	-3.061474	2.291435	0	0
286	3.436519	4.135276	0	0
287	2.747897	-5.098195	0	0
288	-0.9189038	0.5382916	0	0
289	2.106715	4.431558	0	0
290	2.406704	4.332603	0	0
291	-0.1279268	3.490835	0	0
292	0.8011952	-2.655167	0	0
293	-3.852007	-0.9589094	0	0
294	4.5419	-1.33334	0	0
295	-4.459702	-2.016026	0	0
296	-5.142853	-0.2719539	0	0
297	0.1491813	4.621059	0	0
298	4.643594	1.847399	0	0
299	1.540292	-3.032793	0	0
300	2.966235	-5.451884	0	0
301	2.692941	0.5512629	0	0
302	3.626148	0.5894535	0	0
303	-1.590844	4.050775	0	0
304	-3.786105	-0.2658483	0	0
305	0.04524712	-1.775916	0	0
306	2.074822	-3.02007	0	0
307	-1.467286	1.752047	0	0
308	-2.619126	2.665343	0	0
309	-2.569757	-4.104774	0	0
310	-5.124359	0.5706207	0	0
311	-3.626212	-3.401044	0	0
312	0.580154	4.565119	0	0
313	5.078407	-1.250107	0	0
314	-4.765322	-0.9559851	0	0
315	-3.092672	-1.629655	0	0
316	-1.364621	-2.082284	0	0
317	0.9879203	-3.08613	0	0
318	-4.833317	0.9511073	0	0
319	4.427894	2.176737	0	0
320	-4.850797	-0.2687287	0	0
321	-4.134255	-0.6472827	0	0
322	-1.196314	-3.858715	0	0
323	-3.789302	2.074062	0	0
324	-3.441986	-1.177944	0	0
325	-2.086973	-0.6084461	0	0
326	-4.635687	1.519851	0	0
327	-1.393926	1.213505	0	0
328	-1.103078	4.000724	0	0
329	-3.49321	-2.732812	0	0
330	-4.353482	-1.266316	0	0
331	0.8636966	-5.324453	0	0
332	-3.927877	-3.178727	0	0
333	3.62201	0.01078227	0	0
334	3.909659	1.349185	0	0
335	-0.8005669	1.960425	0	0
336	1.935604	-4.782374	0	0
337	1.005968	5.00667	0	0
338	-4.807717	0.3970547	0	0
339	2.425363	-4.539067	0	0
340	-3.164842	2.722396	0	0
341	-4.715079	-1.709845	0	0
342	0.01924975	2.854767	0	0
343	0.2911981	-4.956006	0	0
344	0.8469562	-5.399522	0	0
345	-3.330872	-3.224526	0	0
346	3.079859	2.606557	0	0
347	-1.390481	3.908683	0	0
348	-4.047385	-2.097634	0	0
349	2.775587	2.622611	0	0
350	1.154215	-4.221564	0	0
351	-0.06996778	-5.118228	0	0
352	4.991171	-1.627429	0	0
353	0.8166769	4.17007	0	0
354	-2.864691	0.7731398	0	0
355	0.5485802	-3.239391	0	0
356	-0.7264482	3.533642	0	0
357	4.164338	2.403552	0	0
358	0.750528	-4.000878	0	0
359	-2.312298	-2.268912	0	0
360	1.090288	-1.698049	0	0
361	2.80667	4.393002	0	0
362	0.09942006	0.3631626	0	0
363	-2.680111	-2.177189	0	0
364	-1.014469	-1.259606	0	0
365	-4.065923	-0.9796152	0	0
366	-1.299914	-4.211552	0	0
367	2.43703	-3.073497	0	0
368	-1.607558	4.738143	0	0
369	-2.204029	-1.817324	0	0
370	-1.772119	3.89077	0	0
371	1.289011	5.200409	0	0
372	-3.588291	-1.452185	0	0
373	2.387567	-1.034303	0	0
374	3.865821	1.794176	0	0
375	1.155069	-1.176055	0	0
376	-0.3970405	4.077746	0	0
377	2.797423	0.3048115	0	0
378	1.994157	-3.647467	0	0
379	5.191267	0.4739817	0	0
380	-2.194615	1.336934	0	0
381	1.580376	1.068842	0	0
382	-4.113586	-1.314474	0	0
383	-0.984982	-3.51352	0	0
384	3.274269	2.121111	0	0
385	1.826401	3.81516	0	0
386	4.376779	-1.986911	0	0
387	2.664983	0.3189669	0	0
388	-1.529428	-1.810004	0	0
389	2.591	4.3915	0	0
390	4.3179	-2.459453	0	0
391	-0.7674722	1.762915	0	0
392	0.3628605	0.2920784	0	0
393	-1.630254	-2.800695	0	0
394	-0.9043132	-3.207146	0	0
395	0.9533361	-3.503406	0	0
396	3.253616	2.797097	0	0
397	2.965004	2.858998	0	0
398	-2.096673	-1.444248	0	0
399	-3.674919	-0.7312906	0	0
400	1.465406	-4.293849	0	0
401	5.426772	-0.4640969	0	0
402	4.150816	-1.426631	0	0
403	-2.518703	-1.724352	0	0
404	-1.851152	-0.7236125	0	0
405	-0.275288	2.279899	0	0
406	2.678318	3.667545	0	0
407	-5.543726	0.6657032	0	0
408	1.46745	4.88286	0	0
409	4.880998	0.8618946	0	0
410	-3.243245	-1.430558	0	0
411	-2.870487	3.002988	0	0
412	-2.502497	-2.213272	0	0
413	-2.087183	3.091036	0	0
414	-1.457521	3.218575	0	0
415	-3.227786	-3.823282	0	0
416	-4.656427	0.1725101	0	0
417	-3.559987	1.755858	0	0
418	0.4356491	-5.27546	0	0
419	1.591605	4.090156	0	0
420	-0.4060564	-2.347151	0	0
421	0.7426281	-5.133911	0	0
422	3.095308	3.58153	0	0
423	-2.748963	2.082939	0	0
424	3.272127	2.37074	0	0
425	-1.093412	-3.925545	0	0
426	1.726119	1.339489	0	0
427	5.164942	-0.8443584	0	0
428	-4.318072	-1.731128	0	0
429	-0.9905865	4.189604	0	0
430	-0.2802238	3.30142	0	0
431	-1.612163	2.577779	0	0
432	0.6351649	-4.532051	0	0
433	3.534625	3.008457	0	0
434	-1.419575	4.324145	0	0
435	-2.081916	-4.02914	0	0
436	-1.94923	3.635988	0	0
437	1.834487	-4.608494	0	0
438	4.632349	-1.443712	0	0
439	-4.62119	0.9895092	0	0
440	3.623202	1.76012	0	0
441	-2.147967	3.68039	0	0
442	-0.9277856	3.202757	0	0
443	-3.12823	-4.707903	0	0
444	-0.08561856	-3.082718	0	0
445	1.972852	1.964215	0	0
446	-1.430865	0.5727357	0	0
447	-2.922618	-1.94359	0	0
448	3.158226	-2.463412	0	0
449	1.457473	1.606538	0	0
450	-0.3398124	3.846696	0	0
451	4.305165	0.7413876	0	0
452	-1.160699	4.329156	0	0
453	-2.971001	-1.383768	0	0
454	4.635737	2.042803	0	0
455	-0.6276125	3.006341	0	0
456	-4.516771	-1.401686	0	0
457	4.934674	1.918493	0	0
458	1.814788	4.555634	0	0
459	1.120255	0.2087999	0	0
460	-1.883347	3.657873	0	0
461	2.299827	1.259547	0	0
462	4.378187	2.514339	0	0
463	-0.8521475	4.684742	0	0
464	-0.9967281	3.862234	0	0
465	1.958762	2.900335	0	0
466	5.289025	0.03544809	0	0
467	4.753175	-0.04044888	0	0
468	-2.704912	-1.10403	0	0
469	2.23708	-2.492989	0	0
470	-0.2962922	-2.545969	0	0
471	2.47058	0.7642494	0	0
472	-0.04637791	3.506143	0	0
473	-5.075017	0.2078558	0	0
474	-3.852483	-1.873774	0	0
475	4.462144	1.78326	0	0
476	4.841638	-0.3771578	0	0
477	-4.423778	-0.9007455	0	0
478	1.373771	-4.852107	0	0
479	0.06922923	4.705898	0	0
480	-0.9326381	2.703941	0	0
481	-1.065674	4.406812	0	0
482	2.67214	-2.908171	0	0
483	-0.2448063	4.34882	0	0
484	-5.017712	1.40267	0	0
485	0.8949147	-1.474477	0	0
486	0.8460093	-0.3107568	0	0
487	1.484806	1.837738	0	0
488	-4.998227	0.6388755	0	0
489	4.234196	1.178907	0	0
490	-1.429124	0.8622252	0	0
491	-1.296023	-2.200768	0	0
492	-5.1886	-0.401959	0	0
493	-1.807867	-0.1165213	0	0
494	-0.6891924	3.892665	0	0
495	-2.86539	-4.520609	0	0
496	-1.409853	4.197923	0	0
