from	to	label	distance	angle
1	129	1	0.17806857	1.3683112
1	304	2	0.26572094	2.2554107
1	352	3	0.22999968	-2.1798643
1	408	4	0.25384298	-0.83087327
2	29	5	0.3241423	0.64296393
2	110	6	0.34767717	-1.0168638
2	171	7	0.2777124	2.1737599
2	298	8	0.32619419	-2.9588917
3	287	9	0.17344488	-1.286395
3	371	10	0.35297699	-3.0154099
3	408	11	0.35436753	0.41140889
4	12	12	0.2492788	1.8039374
4	377	13	0.22799406	-2.4804897
4	392	14	0.25082953	-0.2886756
5	117	15	0.20767	1.3006152
5	393	16	0.17439091	-2.0450068
6	58	17	0.33305791	-0.54296394
6	84	18	0.34396434	2.5979235
7	94	19	0.080838722	-0.69997672
7	395	20	0.14709031	0.37092248
8	45	21	0.17264761	-1.0292891
8	229	22	0.2035675	1.8722449
9	239	23	0.41499322	-1.1120166
9	341	24	0.39909606	2.0074263
10	12	25	0.34544458	-0.88556023
10	27	26	0.28875415	-0.64163052
10	338	27	0.46654591	2.5242131
11	60	28	0.34039914	0.069683505
11	206	29	0.44562116	2.8158947
11	216	30	0.29894495	7.4800935e-05
11	445	31	0.27731048	-1.2110554
12	64	32	0.26700954	-0.32140978
13	106	33	0.54227786	-0.77545345
13	226	34	0.19447475	-2.4086967
13	269	35	0.54274745	2.3074557
14	46	36	0.22733207	-2.2268131
14	86	37	0.24728904	1.2087365
15	31	38	0.25567863	-2.3607561
15	77	39	0.18020242	0.39967314
15	98	40	0.21970188	1.0913613
16	231	41	0.18153805	1.1144322
16	317	42	0.12294597	2.8897046
16	328	43	0.18403679	-2.3837402
16	451	44	0.15998249	-0.040607206
17	36	45	0.2919826	-0.12108304
17	93	46	0.27096228	3.0492847
17	144	47	0.14497677	2.4053279
18	84	48	0.34576036	2.2051856
18	341	49	0.35902238	-0.83531914
19	244	50	0.19370227	-1.2946669
20	152	51	0.21826953	2.7329608
21	80	52	0.21825774	1.2302435
21	155	53	0.48953227	1.6687976
21	236	54	0.53573752	-1.3600571
21	273	55	0.27177464	-3.094004
22	205	56	0.32716837	2.5774052
22	338	57	0.33853637	-0.97899609
22	404	58	0.17325889	2.2970658
23	130	59	0.26692392	0.0027550838
23	168	60	0.28153747	2.8802306
23	434	61	0.10776387	-2.4542959
24	112	62	0.42974296	-2.2580528
24	121	63	0.43918709	0.88108701
25	87	64	0.362382	-0.80431753
25	382	65	0.37538989	2.1608837
26	266	66	0.34300513	-2.4301539
26	329	67	0.37103862	0.60573203
27	64	68	0.29990101	-0.63957257
28	206	69	0.21388391	-1.2121669
28	256	70	0.16912276	3.1155387
29	81	71	0.3991208	2.6407909
29	248	72	0.1913009	2.8985244
29	262	73	0.50175827	-0.17351438
30	104	74	0.20365171	2.9071373
30	185	75	0.22545514	0.760415
30	337	76	0.27195457	-2.0593912
31	163	77	0.24357224	3.0766082
31	278	78	0.21925973	-1.1291814
32	181	79	0.23523976	-1.7988241
32	200	80	0.133063	-3.1414187
32	228	81	0.25304588	1.3111161
32	448	82	0.12592347	-1.4663285
33	209	83	0.30554841	2.1536357
33	391	84	0.4107619	-1.9944313
33	416	85	0.40011595	0.69989195
34	84	86	0.34852805	-1.5905699
34	363	87	0.38154444	1.7269821
34	427	88	0.15847996	-0.55898955
35	141	89	0.31411635	1.5342801
35	288	90	0.42616836	-1.4615293
35	447	91	0.27975486	1.9785762
36	323	92	0.15150083	0.27478618
36	385	93	0.25024504	-0.24047585
37	117	94	0.28254634	-2.0982299
37	134	95	0.32992004	1.0034075
38	155	96	0.23284992	-1.2168339
38	284	97	0.22392752	1.4611146
39	409	98	0.25541963	-1.3175458
39	414	99	0.25476487	2.0179569
40	147	100	0.11467341	1.8546239
40	228	101	0.38439579	-0.64999327
40	309	102	0.41968982	2.7605905
40	324	103	0.16760299	-0.2214243
40	409	104	0.16819525	1.1354151
41	180	105	0.27072787	-0.47448098
41	203	106	0.25472566	2.7929458
41	361	107	0.33681779	1.2915991
41	416	108	0.29084779	-1.8664468
42	89	109	0.16474115	-1.5910876
43	118	110	0.38131131	2.8492905
43	371	111	0.36402468	-0.32295968
44	337	112	0.2368337	-2.7804688
45	81	113	0.38215057	-0.70369477
45	357	114	0.24938311	2.0495312
45	437	115	0.28438463	-2.9874294
46	191	116	0.3563968	-0.48752498
46	301	117	0.22802966	-1.3452127
46	422	118	0.39570408	2.7666448
47	309	119	0.12783829	0.26439013
48	67	120	0.29372288	-0.40279336
48	376	121	0.20615433	0.062790394
48	442	122	0.42231568	2.8413953
48	450	123	0.21457722	-0.37790128
49	115	124	0.16083388	2.947656
49	227	125	0.21100647	-0.17232455
50	61	126	0.44882205	-1.0233356
50	221	127	0.37027333	-3.0835811
50	282	128	0.21659809	1.315229
50	300	129	0.29096167	-2.2828075
50	359	130	0.30349542	-1.2718214
50	384	131	0.5411812	2.0137262
50	413	132	0.45103955	0.27239976
51	258	133	0.21102763	-2.9711634
51	280	134	0.22721049	0.2285146
52	75	135	0.18640887	2.0320561
53	87	136	0.25796109	1.3468987
54	211	137	0.21448562	0.45677011
55	60	138	0.19356919	-2.9346052
55	188	139	0.11990679	-1.75035
55	198	140	0.12584741	0.44453712
55	443	141	0.17532746	-1.1734804
56	130	142	0.38837339	0.67628851
56	261	143	0.38763073	-2.4854909
56	434	144	0.18030024	1.8364018
57	320	145	0.1625983	-0.1432475
58	341	146	0.23619391	-2.1726084
58	372	147	0.34935974	-0.078994463
59	373	148	0.20563337	0.55811343
59	397	149	0.13674929	2.5037443
60	443	150	0.28469216	-0.44243728
61	102	151	0.46475012	-0.736226
61	215	152	0.24261471	-2.1800646
61	359	153	0.17171864	2.5679268
62	152	154	0.21999332	2.3543324
63	70	155	0.31534375	-1.0114689
63	86	156	0.39662976	1.9508097
63	191	157	0.21801424	-1.8424707
64	449	158	0.38979188	-0.56787574
65	82	159	0.22666921	0.20059738
65	124	160	0.298999	-2.8374828
65	367	161	0.2023004	0.021754722
66	267	162	0.23487353	-0.48094058
66	395	163	0.14686887	-1.0113142
66	432	164	0.20539279	2.310056
67	68	165	0.20998952	-0.35234719
69	116	166	0.38685917	1.221405
69	208	167	0.39540008	-1.9399527
70	191	168	0.2329784	2.8932256
70	246	169	0.36773075	-0.79849473
71	175	170	0.19917826	-0.33344729
72	204	171	0.069638415	-2.0124424
72	396	172	0.1678422	-0.45965636
73	295	173	0.16285059	-0.86695455
73	326	174	0.1417539	1.9837698
74	221	175	0.3642196	0.18286531
74	418	176	0.35633632	-2.8850861
75	157	177	0.17525447	3.128797
75	201	178	0.14161286	-1.7066668
75	246	179	0.27406863	2.0790993
75	399	180	0.25672073	-0.71198653
75	444	181	0.12596268	1.0333496
76	275	182	0.24869379	-0.89177127
76	339	183	0.078168363	-1.2589871
76	378	184	0.19289595	2.2682469
77	98	185	0.1405649	2.0487662
77	363	186	0.1858183	0.16992597
78	220	187	0.16767093	-1.8413438
78	305	188	0.26151684	2.4691969
78	344	189	0.25497096	-3.1082426
78	412	190	0.34443755	-0.22860298
79	243	191	0.2102094	-1.1496904
80	155	192	0.30628733	1.9762046
80	252	193	0.36810994	-1.4991328
80	259	194	0.31434878	1.2842545
81	171	195	0.17083561	-1.9725169
81	248	196	0.21961992	-0.72469023
81	383	197	0.25502981	2.9939445
82	176	198	0.17124341	-0.35480789
83	250	199	0.047229274	3.0551819
83	255	200	0.36751418	-1.4624826
83	335	201	0.35673914	1.5957152
84	128	202	0.39153484	2.9091335
85	258	203	0.3714319	-0.13263215
85	262	204	0.50467604	2.8888777
85	296	205	0.39535677	0.0015121012
85	299	206	0.30426279	-1.9731386
86	183	207	0.48311194	1.8813156
86	311	208	0.21079521	-0.79957818
87	154	209	0.22297508	-2.0759059
87	161	210	0.23739492	-1.4986726
87	261	211	0.36733934	0.43872549
88	196	212	0.40726692	-1.3895164
88	289	213	0.40298101	1.6968647
89	132	214	0.31306052	2.960833
89	218	215	0.36927935	-0.89953011
89	234	216	0.28931168	1.6941918
90	288	217	0.15562913	-2.6427284
90	379	218	0.1692733	-1.383202
91	247	219	0.28445476	1.0690107
91	314	220	0.19597361	-2.3928572
91	424	221	0.2337234	-1.7086902
92	128	222	0.16258453	1.6176083
93	240	223	0.25735952	3.1310954
94	395	224	0.12950405	0.95069469
95	196	225	0.13477734	-1.0114529
96	229	226	0.22935418	-1.2473414
96	369	227	0.17376833	-1.5467099
96	424	228	0.27114042	1.7127888
97	158	229	0.21034459	2.5589083
98	210	230	0.3129918	2.0590943
98	363	231	0.26481233	-0.36041034
99	340	232	0.19799658	2.757017
100	187	233	0.19025299	-2.5297566
101	370	234	0.11305745	2.3658617
101	419	235	0.12039873	-2.7566537
102	254	236	0.41997177	-0.42793765
102	388	237	0.26334079	-1.4026528
103	289	238	0.21568267	-2.4448015
103	303	239	0.1598535	1.6027272
103	312	240	0.22330726	0.16816071
104	197	241	0.32270757	0.60498068
104	257	242	0.1050593	-2.9593597
104	337	243	0.29594734	-1.3305146
104	443	244	0.36569204	2.767624
105	375	245	0.21918087	-0.84347241
105	441	246	0.20639351	2.3381985
106	437	247	0.54589251	-0.8033212
107	236	248	0.17504015	0.39765658
108	138	249	0.3107009	-2.8883465
108	174	250	0.24394113	0.49208065
109	160	251	0.12787556	-2.9539525
109	227	252	0.2424632	3.0017167
109	309	253	0.40564569	-0.43813074
109	401	254	0.32940997	2.4954357
110	168	255	0.29316027	-0.53199048
110	394	256	0.2170006	-1.7362421
111	292	257	0.21567332	-0.67765626
112	152	258	0.47774779	-2.8222842
112	272	259	0.34881263	-0.59812123
113	397	260	0.49063366	-0.77273946
113	438	261	0.48295771	2.3756973
114	297	262	0.20710327	2.5948119
114	431	263	0.24396727	-0.79188921
115	175	264	0.289054	2.3030069
115	396	265	0.3741391	-2.4345777
115	401	266	0.35635164	0.27673931
116	217	267	0.38649582	1.2617214
117	241	268	0.18080219	-2.5006872
118	293	269	0.30379621	2.8610448
118	306	270	0.36380567	1.8049421
118	365	271	0.31599083	-1.5652856
119	279	272	0.21181108	-0.99185621
120	143	273	0.37448765	2.326223
120	249	274	0.20898045	2.4113768
120	354	275	0.44530049	-0.7804454
121	325	276	0.22111642	-0.47763916
121	442	277	0.4028896	1.1377877
121	452	278	0.20380169	0.91385966
122	426	279	0.2040723	2.7539963
123	287	280	0.37217964	0.30046537
123	319	281	0.42287892	-2.8072686
123	371	282	0.23621634	1.7552776
123	426	283	0.26069716	-0.39924001
124	400	284	0.18092073	2.0111302
124	401	285	0.30835205	-1.8407655
124	412	286	0.30181214	2.7762501
125	162	287	0.40538598	-0.31947891
125	298	288	0.30746021	1.577184
125	302	289	0.35070043	2.9435787
125	382	290	0.2389365	-2.047256
126	440	291	0.22015184	2.9861578
127	196	292	0.29736392	1.5591796
127	321	293	0.31528982	-1.7565597
127	342	294	0.17926853	0.23552708
128	237	295	0.34394306	2.8231863
128	278	296	0.18955295	2.1802296
129	304	297	0.20625175	2.9886907
130	177	298	0.23065285	-1.3950723
130	285	299	0.5140661	0.35093589
130	299	300	0.26386964	0.97208268
130	434	301	0.35697347	-2.9467735
131	231	302	0.14642866	-1.3660415
132	172	303	0.17740724	2.6397067
132	279	304	0.27222167	-3.076778
133	444	305	0.19249472	2.7204312
134	449	306	0.37110116	0.99393371
135	239	307	0.15538791	2.7149101
136	404	308	0.16734504	-0.58544215
137	187	309	0.33168893	-2.1357347
137	188	310	0.29618534	1.0491218
138	287	311	0.36175164	-2.9892752
139	179	312	0.16478795	-0.69963989
140	180	313	0.15834636	2.8501874
141	222	314	0.26293024	1.7582479
142	191	315	0.30593458	2.0543695
142	368	316	0.25064887	-0.97669188
143	275	317	0.3279529	2.3079147
144	240	318	0.42547298	-2.9770868
144	288	319	0.41997919	0.38825779
145	219	320	0.3081631	-0.6517799
145	431	321	0.2703356	2.628128
146	296	322	0.26612151	2.4800441
146	348	323	0.26250685	0.46234121
146	423	324	0.23155631	-1.4923258
147	409	325	0.11143867	0.39049591
148	235	326	0.4387423	-3.0468169
148	387	327	0.4438254	0.092807842
149	288	328	0.39163766	2.4320022
149	333	329	0.405234	-1.1410692
149	346	330	0.22649644	1.0176848
149	385	331	0.10629329	-2.0132837
150	159	332	0.23039717	2.4946359
150	290	333	0.24605354	-0.77546448
151	265	334	0.23196427	-0.27880432
151	308	335	0.40246851	2.5906963
151	407	336	0.34034596	-0.64220437
152	170	337	0.54528642	-3.0749201
153	211	338	0.14044919	0.22004265
155	259	339	0.21060306	0.095450807
155	284	340	0.44456308	1.6975478
155	417	341	0.34023482	2.3624518
156	210	342	0.32098726	-1.1826876
156	321	343	0.32678487	1.8203831
156	374	344	0.11193226	0.76369213
157	368	345	0.17680722	2.6764996
158	233	346	0.28752173	2.5790184
159	215	347	0.39210755	2.0320725
159	307	348	0.32668191	-1.1131886
162	327	349	0.29446077	-0.38571469
162	446	350	0.29552773	-0.17035266
163	265	351	0.24191057	2.9634962
164	313	352	0.22278298	-0.47582695
165	349	353	0.22502055	0.39455773
166	274	354	0.11421908	-0.23368707
166	374	355	0.14747807	2.9805647
167	399	356	0.15226496	2.6678172
168	446	357	0.12675624	-2.2357757
169	203	358	0.24298032	0.92545609
169	209	359	0.24549476	-2.3552246
170	223	360	0.53112192	-2.4972919
170	340	361	0.40123173	1.6379777
170	433	362	0.25357149	-2.3300179
171	383	363	0.26893027	2.3317512
172	279	364	0.1552055	-2.4161073
173	217	365	0.19874777	-2.235925
173	251	366	0.12136257	0.73747978
173	331	367	0.1937202	1.8537158
174	212	368	0.11773102	1.0262393
174	281	369	0.22853478	2.856975
174	419	370	0.25256455	0.063108531
175	220	371	0.20856398	1.782934
176	336	372	0.17589917	-0.80705063
176	343	373	0.10273452	-1.3928132
178	192	374	0.21364964	-0.43478033
179	330	375	0.36640451	-0.17574207
179	387	376	0.34051004	3.0136105
180	293	377	0.30905462	1.2839412
180	365	378	0.39495367	-0.26561291
180	416	379	0.36037957	-2.6984019
181	182	380	0.26095615	-1.9667661
181	448	381	0.12326729	1.0028224
182	366	382	0.27872096	-2.0372564
183	223	383	0.63387941	0.89015174
183	233	384	0.32662598	0.24188037
183	263	385	0.48601256	-2.8018173
183	406	386	0.45388115	-2.6190628
184	192	387	0.22762403	-0.057282558
185	197	388	0.12210984	2.4754264
186	367	389	0.17945045	-1.4743426
187	253	390	0.43403945	-1.804167
187	291	391	0.19706903	-1.5966963
187	445	392	0.34254087	1.8209622
188	198	393	0.21874903	0.90550934
189	257	394	0.22052297	-1.810096
189	429	395	0.15837856	2.5776753
190	199	396	0.22421806	2.9982197
192	417	397	0.34023716	-0.22080554
193	213	398	0.41751913	1.8595476
193	352	399	0.37645629	-1.2830191
193	421	400	0.20724768	-0.84947325
194	225	401	0.08026666	-0.73910585
194	238	402	0.29637145	-1.0154651
194	260	403	0.22284316	2.0872887
195	398	404	0.22843501	2.5754595
196	342	405	0.30737672	-0.98137388
197	322	406	0.25525284	0.6971036
198	429	407	0.12990806	-0.564758
199	315	408	0.54339149	1.9607064
199	440	409	0.51963749	-1.2349078
202	269	410	0.18731657	0.48021323
203	347	411	0.28124039	1.8843391
204	396	412	0.18055336	-0.063763845
205	219	413	0.32266364	2.3687145
205	295	414	0.1781251	-2.546673
206	413	415	0.4000774	3.0801965
207	223	416	0.19330886	2.494961
207	358	417	0.10086393	-2.0822029
208	242	418	0.12299266	-3.0226079
208	340	419	0.42191588	-1.2583519
208	372	420	0.29325977	3.1036456
209	334	421	0.32645735	2.610913
211	295	422	0.30396652	0.39065222
212	281	423	0.28270022	-3.0120064
212	370	424	0.22545349	0.17657779
213	337	425	0.48396918	1.6152393
213	350	426	0.2782714	-2.0402449
214	258	427	0.337797	2.887634
214	280	428	0.20024009	1.0345114
214	285	429	0.51545632	-2.7698629
214	406	430	0.46421569	0.50005225
214	422	431	0.4496105	-0.66488007
215	312	432	0.30724787	3.027029
215	359	433	0.29220424	1.5892396
216	443	434	0.31367839	-0.31844765
217	331	435	0.34920145	1.3731197
218	330	436	0.35662522	3.0272283
218	418	437	0.47351109	-0.47230131
219	326	438	0.10615542	-2.4073825
222	451	439	0.20771582	2.3070523
223	239	440	0.27796226	2.1600108
223	433	441	0.28424253	0.49521958
224	338	442	0.21187272	0.64623061
225	238	443	0.22024214	-1.1150709
228	308	444	0.41095207	-0.51223469
228	324	445	0.24218236	2.1998834
229	357	446	0.12582419	-1.292655
230	269	447	0.4368339	1.1534079
230	449	448	0.42125987	-1.9515622
231	451	449	0.18732489	-1.130442
232	326	450	0.30245184	-0.6883738
232	431	451	0.2602592	2.2729076
233	380	452	0.30742103	1.5164339
233	386	453	0.20206818	-0.9129516
234	244	454	0.25245889	1.7826662
235	354	455	0.51172445	-2.7006659
235	355	456	0.351925	1.2730344
236	252	457	0.36266959	1.6061243
236	269	458	0.63900789	-1.2491261
236	286	459	0.30592576	-2.8564529
237	407	460	0.34850527	2.6495702
238	243	461	0.39378525	-0.99314454
239	380	462	0.35012233	-1.3126245
240	243	463	0.49206358	3.0691776
242	372	464	0.17285067	2.9922073
243	329	465	0.40315389	-2.5300023
245	348	466	0.21378325	1.9202409
246	444	467	0.23742631	-0.58554391
247	353	468	0.16081266	1.5094626
247	405	469	0.25648109	0.82672313
250	255	470	0.37949239	-1.3400754
250	335	471	0.35461202	1.4629644
251	331	472	0.17779513	2.513926
253	254	473	0.42290527	2.6758936
253	291	474	0.24458864	1.1706882
253	306	475	0.35593531	-1.5542104
253	364	476	0.37856753	-2.0368084
253	430	477	0.43221998	-0.26140461
255	284	478	0.54806804	-1.6767857
255	344	479	0.27450536	0.55048532
256	413	480	0.23776324	-2.2819325
257	337	481	0.31973421	-0.99629741
257	443	482	0.28197798	2.5696241
258	296	483	0.056665018	1.0703949
259	396	484	0.34986845	1.0008
263	280	485	0.26626399	-2.695019
263	348	486	0.2801928	-2.3520942
263	406	487	0.091539802	-0.7825574
263	439	488	0.32378136	-2.8521655
264	326	489	0.13673432	-0.75699628
266	355	490	0.33717496	-2.155016
267	395	491	0.13123629	-3.0207515
267	431	492	0.29784492	-0.30059632
268	288	493	0.22478534	-1.6981082
270	351	494	0.17793866	-1.3954367
270	356	495	0.22169317	1.6943088
271	273	496	0.20742824	0.030556798
272	398	497	0.29853037	-0.58942589
275	339	498	0.17796356	2.4081769
276	289	499	0.3700525	-0.81661362
276	418	500	0.35414174	2.2522574
277	308	501	0.090934322	-2.2872241
279	387	502	0.30255374	-2.5060938
281	408	503	0.37789947	-3.1310944
283	294	504	0.11978625	1.6846007
283	374	505	0.13355614	-1.02888
284	417	506	0.27445697	-2.3148583
286	436	507	0.25477146	-2.8666182
288	379	508	0.19166984	-0.49973064
289	381	509	0.14129768	2.6550513
289	403	510	0.32503106	0.78200225
290	307	511	0.21597153	3.0579035
290	361	512	0.3974076	-0.81670894
290	388	513	0.28958486	1.5941892
292	335	514	0.50865186	-1.89268
292	354	515	0.50248593	1.1132152
293	361	516	0.27972401	2.5712093
293	364	517	0.28917088	1.4616208
294	321	518	0.07928966	3.0681766
295	326	519	0.30140431	2.1393479
295	349	520	0.35375596	-0.79412467
296	439	521	0.33732753	0.1792104
298	415	522	0.36645315	2.3660929
300	403	523	0.32488851	-2.1407436
302	382	524	0.36608377	-0.87640835
302	397	525	0.48803322	2.5474107
303	435	526	0.13623175	0.16322275
304	350	527	0.33673479	2.7818047
305	344	528	0.17860134	-1.8559199
305	425	529	0.29577733	2.2742252
306	364	530	0.17689033	3.0414395
307	347	531	0.28525133	-1.3289181
310	350	532	0.30873671	2.1278094
310	352	533	0.3138262	-0.92683568
312	403	534	0.16385188	2.8105378
312	435	535	0.17071071	2.1319065
313	389	536	0.29764588	-0.46275166
314	402	537	0.17857333	-2.6866292
314	424	538	0.14846428	-0.72186496
315	352	539	0.55173585	1.90304
316	445	540	0.19469007	-1.8943087
317	328	541	0.15781928	-1.6634538
318	432	542	0.15387229	-0.84259331
319	331	543	0.41988851	-1.5344204
319	365	544	0.4503908	2.4695936
320	353	545	0.18350997	-2.1216016
320	366	546	0.22613316	0.24394112
321	390	547	0.15088949	2.6769408
323	385	548	0.13998292	-0.80298192
324	409	549	0.2107352	2.0256036
327	434	550	0.28596866	0.067578988
332	349	551	0.22630697	0.75095217
333	384	552	0.52781524	-1.0893839
333	385	553	0.34656707	2.2375977
334	342	554	0.33181195	2.5142713
335	389	555	0.3471058	2.6845514
335	425	556	0.23008181	-0.90848229
336	343	557	0.10666885	2.8960278
336	414	558	0.14924781	-1.2657016
338	349	559	0.37935791	2.8645329
343	367	560	0.23198742	2.5987459
343	414	561	0.22430674	-0.84844585
345	356	562	0.12945424	2.2710482
348	439	563	0.15529932	2.3856744
350	430	564	0.42277463	2.8402745
351	362	565	0.13579546	-1.4270709
352	421	566	0.20752838	1.4256537
356	366	567	0.24437988	2.1004097
357	369	568	0.1944202	2.1307231
358	380	569	0.19572289	2.6230638
360	422	570	0.22949899	1.7459785
361	364	571	0.29978342	0.47240765
363	391	572	0.39222663	1.0789164
366	405	573	0.23750111	-2.2632504
366	420	574	0.11527897	2.8469101
373	415	575	0.27907516	0.77023023
375	447	576	0.23913037	-0.97223162
379	385	577	0.2724385	-1.2598193
383	437	578	0.36064658	2.6630267
392	449	579	0.28460555	0.070138529
397	410	580	0.2383365	-2.2093458
411	437	581	0.20962265	0.86480553
415	437	582	0.4004964	1.7735222
428	436	583	0.18220321	0.2638124
429	443	584	0.21348455	-2.3868334
434	446	585	0.27008002	2.9878071
438	449	586	0.48312325	2.4152143
440	442	587	0.50326325	-1.2820102
442	452	588	0.20913179	-1.7856777
129	1	589	0.17806857	-1.7732814
304	1	590	0.26572094	-0.88618193
352	1	591	0.22999968	0.96172835
408	1	592	0.25384298	2.3107194
29	2	593	0.3241423	-2.4986287
110	2	594	0.34767717	2.1247288
171	2	595	0.2777124	-0.96783273
298	2	596	0.32619419	0.182701
287	3	597	0.17344488	1.8551976
371	3	598	0.35297699	0.12618277
408	3	599	0.35436753	-2.7301838
12	4	600	0.2492788	-1.3376553
377	4	601	0.22799406	0.66110295
392	4	602	0.25082953	2.8529171
117	5	603	0.20767	-1.8409775
393	5	604	0.17439091	1.0965858
58	6	605	0.33305791	2.5986287
84	6	606	0.34396434	-0.54366918
94	7	607	0.080838722	2.4416159
395	7	608	0.14709031	-2.7706702
45	8	609	0.17264761	2.1123035
229	8	610	0.2035675	-1.2693478
239	9	611	0.41499322	2.029576
341	9	612	0.39909606	-1.1341664
12	10	613	0.34544458	2.2560324
27	10	614	0.28875415	2.4999621
338	10	615	0.46654591	-0.6173796
60	11	616	0.34039914	-3.0719091
206	11	617	0.44562116	-0.325698
216	11	618	0.29894495	-3.1415179
445	11	619	0.27731048	1.9305373
64	12	620	0.26700954	2.8201829
106	13	621	0.54227786	2.3661392
226	13	622	0.19447475	0.73289593
269	13	623	0.54274745	-0.83413698
46	14	624	0.22733207	0.91477959
86	14	625	0.24728904	-1.9328561
31	15	626	0.25567863	0.78083658
77	15	627	0.18020242	-2.7419195
98	15	628	0.21970188	-2.0502314
231	16	629	0.18153805	-2.0271605
317	16	630	0.12294597	-0.25188802
328	16	631	0.18403679	0.75785247
451	16	632	0.15998249	3.1009854
36	17	633	0.2919826	3.0205096
93	17	634	0.27096228	-0.092307961
144	17	635	0.14497677	-0.73626471
84	18	636	0.34576036	-0.93640705
341	18	637	0.35902238	2.3062735
244	19	638	0.19370227	1.8469257
152	20	639	0.21826953	-0.40863183
80	21	640	0.21825774	-1.9113491
155	21	641	0.48953227	-1.4727951
236	21	642	0.53573752	1.7815355
273	21	643	0.27177464	0.047588667
205	22	644	0.32716837	-0.56418747
338	22	645	0.33853637	2.1625966
404	22	646	0.17325889	-0.84452687
130	23	647	0.26692392	-3.1388376
168	23	648	0.28153747	-0.26136206
434	23	649	0.10776387	0.68729676
112	24	650	0.42974296	0.88353984
121	24	651	0.43918709	-2.2605056
87	25	652	0.362382	2.3372751
382	25	653	0.37538989	-0.98070891
266	26	654	0.34300513	0.71143873
329	26	655	0.37103862	-2.5358606
64	27	656	0.29990101	2.5020201
206	28	657	0.21388391	1.9294257
256	28	658	0.16912276	-0.026053907
81	29	659	0.3991208	-0.50080178
248	29	660	0.1913009	-0.24306827
262	29	661	0.50175827	2.9680783
104	30	662	0.20365171	-0.23445535
185	30	663	0.22545514	-2.3811777
337	30	664	0.27195457	1.0822015
163	31	665	0.24357224	-0.064984451
278	31	666	0.21925973	2.0124112
181	32	667	0.23523976	1.3427686
200	32	668	0.133063	0.00017393144
228	32	669	0.25304588	-1.8304766
448	32	670	0.12592347	1.6752641
209	33	671	0.30554841	-0.98795691
391	33	672	0.4107619	1.1471613
416	33	673	0.40011595	-2.4417007
84	34	674	0.34852805	1.5510228
363	34	675	0.38154444	-1.4146106
427	34	676	0.15847996	2.5826031
141	35	677	0.31411635	-1.6073126
288	35	678	0.42616836	1.6800633
447	35	679	0.27975486	-1.1630164
323	36	680	0.15150083	-2.8668065
385	36	681	0.25024504	2.9011168
117	37	682	0.28254634	1.0433627
134	37	683	0.32992004	-2.1381851
155	38	684	0.23284992	1.9247588
284	38	685	0.22392752	-1.6804781
409	39	686	0.25541963	1.8240468
414	39	687	0.25476487	-1.1236357
147	40	688	0.11467341	-1.2869688
228	40	689	0.38439579	2.4915994
309	40	690	0.41968982	-0.38100213
324	40	691	0.16760299	2.9201684
409	40	692	0.16819525	-2.0061776
180	41	693	0.27072787	2.6671117
203	41	694	0.25472566	-0.34864689
361	41	695	0.33681779	-1.8499935
416	41	696	0.29084779	1.2751459
89	42	697	0.16474115	1.5505051
118	43	698	0.38131131	-0.29230211
371	43	699	0.36402468	2.818633
337	44	700	0.2368337	0.36112389
81	45	701	0.38215057	2.4378979
357	45	702	0.24938311	-1.0920615
437	45	703	0.28438463	0.15416321
191	46	704	0.3563968	2.6540677
301	46	705	0.22802966	1.7963799
422	46	706	0.39570408	-0.3749478
309	47	707	0.12783829	-2.8772025
67	48	708	0.29372288	2.7387993
376	48	709	0.20615433	-3.0788023
442	48	710	0.42231568	-0.30019736
450	48	711	0.21457722	2.7636914
115	49	712	0.16083388	-0.19393661
227	49	713	0.21100647	2.9692681
61	50	714	0.44882205	2.118257
221	50	715	0.37027333	0.058011583
282	50	716	0.21659809	-1.8263636
300	50	717	0.29096167	0.85878517
359	50	718	0.30349542	1.8697712
384	50	719	0.5411812	-1.1278665
413	50	720	0.45103955	-2.8691929
258	51	721	0.21102763	0.17042925
280	51	722	0.22721049	-2.9130781
75	52	723	0.18640887	-1.1095365
87	53	724	0.25796109	-1.7946939
211	54	725	0.21448562	-2.6848225
60	55	726	0.19356919	0.20698747
188	55	727	0.11990679	1.3912427
198	55	728	0.12584741	-2.6970555
443	55	729	0.17532746	1.9681122
130	56	730	0.38837339	-2.4653041
261	56	731	0.38763073	0.65610176
434	56	732	0.18030024	-1.3051909
320	57	733	0.1625983	2.9983452
341	58	734	0.23619391	0.96898429
372	58	735	0.34935974	3.0625982
373	59	736	0.20563337	-2.5834792
397	59	737	0.13674929	-0.63784838
443	60	738	0.28469216	2.6991554
102	61	739	0.46475012	2.4053667
215	61	740	0.24261471	0.96152805
359	61	741	0.17171864	-0.57366586
152	62	742	0.21999332	-0.7872602
70	63	743	0.31534375	2.1301237
86	63	744	0.39662976	-1.190783
191	63	745	0.21801424	1.299122
449	64	746	0.38979188	2.5737169
82	65	747	0.22666921	-2.9409953
124	65	748	0.298999	0.30410987
367	65	749	0.2023004	-3.1198379
267	66	750	0.23487353	2.6606521
395	66	751	0.14686887	2.1302784
432	66	752	0.20539279	-0.83153663
68	67	753	0.20998952	2.7892455
116	69	754	0.38685917	-1.9201876
208	69	755	0.39540008	1.2016399
191	70	756	0.2329784	-0.24836708
246	70	757	0.36773075	2.3430979
175	71	758	0.19917826	2.8081454
204	72	759	0.069638415	1.1291503
396	72	760	0.1678422	2.6819363
295	73	761	0.16285059	2.2746381
326	73	762	0.1417539	-1.1578228
221	74	763	0.3642196	-2.9587273
418	74	764	0.35633632	0.25650658
157	75	765	0.17525447	-0.012795619
201	75	766	0.14161286	1.4349259
246	75	767	0.27406863	-1.0624933
399	75	768	0.25672073	2.4296061
444	75	769	0.12596268	-2.1082431
275	76	770	0.24869379	2.2498214
339	76	771	0.078168363	1.8826056
378	76	772	0.19289595	-0.87334575
98	77	773	0.1405649	-1.0928264
363	77	774	0.1858183	-2.9716667
220	78	775	0.16767093	1.3002489
305	78	776	0.26151684	-0.67239578
344	78	777	0.25497096	0.0333501
412	78	778	0.34443755	2.9129897
243	79	779	0.2102094	1.9919022
155	80	780	0.30628733	-1.165388
252	80	781	0.36810994	1.6424598
259	80	782	0.31434878	-1.8573381
171	81	783	0.17083561	1.1690758
248	81	784	0.21961992	2.4169024
383	81	785	0.25502981	-0.14764818
176	82	786	0.17124341	2.7867848
250	83	787	0.047229274	-0.086410762
255	83	788	0.36751418	1.6791101
335	83	789	0.35673914	-1.5458775
128	84	790	0.39153484	-0.23245916
258	85	791	0.3714319	3.0089605
262	85	792	0.50467604	-0.252715
296	85	793	0.39535677	-3.1400806
299	85	794	0.30426279	1.168454
183	86	795	0.48311194	-1.2602771
311	86	796	0.21079521	2.3420145
154	87	797	0.22297508	1.0656867
161	87	798	0.23739492	1.64292
261	87	799	0.36733934	-2.7028672
196	88	800	0.40726692	1.7520762
289	88	801	0.40298101	-1.4447279
132	89	802	0.31306052	-0.1807597
218	89	803	0.36927935	2.2420625
234	89	804	0.28931168	-1.4474009
288	90	805	0.15562913	0.49886427
379	90	806	0.1692733	1.7583907
247	91	807	0.28445476	-2.072582
314	91	808	0.19597361	0.74873544
424	91	809	0.2337234	1.4329024
128	92	810	0.16258453	-1.5239843
240	93	811	0.25735952	-0.010497227
395	94	812	0.12950405	-2.190898
196	95	813	0.13477734	2.1301397
229	96	814	0.22935418	1.8942513
369	96	815	0.17376833	1.5948827
424	96	816	0.27114042	-1.4288039
158	97	817	0.21034459	-0.58268439
210	98	818	0.3129918	-1.0824984
363	98	819	0.26481233	2.7811823
340	99	820	0.19799658	-0.38457564
187	100	821	0.19025299	0.61183607
370	101	822	0.11305745	-0.77573093
419	101	823	0.12039873	0.38493891
254	102	824	0.41997177	2.713655
388	102	825	0.26334079	1.7389399
289	103	826	0.21568267	0.69679118
303	103	827	0.1598535	-1.5388654
312	103	828	0.22330726	-2.9734319
197	104	829	0.32270757	-2.536612
257	104	830	0.1050593	0.18223295
337	104	831	0.29594734	1.8110781
443	104	832	0.36569204	-0.37396863
375	105	833	0.21918087	2.2981202
441	105	834	0.20639351	-0.80339415
437	106	835	0.54589251	2.3382715
236	107	836	0.17504015	-2.7439361
138	108	837	0.3107009	0.25324615
174	108	838	0.24394113	-2.649512
160	109	839	0.12787556	0.18764013
227	109	840	0.2424632	-0.13987596
309	109	841	0.40564569	2.7034619
401	109	842	0.32940997	-0.64615694
168	110	843	0.29316027	2.6096022
394	110	844	0.2170006	1.4053505
292	111	845	0.21567332	2.4639364
152	112	846	0.47774779	0.31930841
272	112	847	0.34881263	2.5434714
397	113	848	0.49063366	2.3688532
438	113	849	0.48295771	-0.76589531
297	114	850	0.20710327	-0.54678072
431	114	851	0.24396727	2.3497034
175	115	852	0.289054	-0.83858578
396	115	853	0.3741391	0.70701493
401	115	854	0.35635164	-2.8648533
217	116	855	0.38649582	-1.8798712
241	117	856	0.18080219	0.64090545
293	118	857	0.30379621	-0.2805479
306	118	858	0.36380567	-1.3366506
365	118	859	0.31599083	1.576307
279	119	860	0.21181108	2.1497364
143	120	861	0.37448765	-0.81536962
249	120	862	0.20898045	-0.73021588
354	120	863	0.44530049	2.3611472
325	121	864	0.22111642	2.6639535
442	121	865	0.4028896	-2.003805
452	121	866	0.20380169	-2.227733
426	122	867	0.2040723	-0.38759634
287	123	868	0.37217964	-2.8411273
319	123	869	0.42287892	0.33432407
371	123	870	0.23621634	-1.386315
426	123	871	0.26069716	2.7423526
400	124	872	0.18092073	-1.1304625
401	124	873	0.30835205	1.3008272
412	124	874	0.30181214	-0.36534258
162	125	875	0.40538598	2.8221137
298	125	876	0.30746021	-1.5644087
302	125	877	0.35070043	-0.19801395
382	125	878	0.2389365	1.0943367
440	126	879	0.22015184	-0.15543486
196	127	880	0.29736392	-1.582413
321	127	881	0.31528982	1.385033
342	127	882	0.17926853	-2.9060656
237	128	883	0.34394306	-0.31840636
278	128	884	0.18955295	-0.96136302
304	129	885	0.20625175	-0.15290197
177	130	886	0.23065285	1.7465203
285	130	887	0.5140661	-2.7906568
299	130	888	0.26386964	-2.16951
434	130	889	0.35697347	0.19481917
231	131	890	0.14642866	1.7755511
172	132	891	0.17740724	-0.50188597
279	132	892	0.27222167	0.064814689
444	133	893	0.19249472	-0.42116142
449	134	894	0.37110116	-2.1476589
239	135	895	0.15538791	-0.42668258
404	136	896	0.16734504	2.5561505
187	137	897	0.33168893	1.005858
188	137	898	0.29618534	-2.0924709
287	138	899	0.36175164	0.15231748
179	139	900	0.16478795	2.4419528
180	140	901	0.15834636	-0.29140528
222	141	902	0.26293024	-1.3833448
191	142	903	0.30593458	-1.0872231
368	142	904	0.25064887	2.1649008
275	143	905	0.3279529	-0.83367793
240	144	906	0.42547298	0.16450583
288	144	907	0.41997919	-2.7533349
219	145	908	0.3081631	2.4898128
431	145	909	0.2703356	-0.51346467
296	146	910	0.26612151	-0.66154855
348	146	911	0.26250685	-2.6792514
423	146	912	0.23155631	1.6492669
409	147	913	0.11143867	-2.7510967
235	148	914	0.4387423	0.094775801
387	148	915	0.4438254	-3.0487848
288	149	916	0.39163766	-0.70959044
333	149	917	0.405234	2.0005235
346	149	918	0.22649644	-2.1239079
385	149	919	0.10629329	1.128309
159	150	920	0.23039717	-0.64695673
290	150	921	0.24605354	2.3661282
265	151	922	0.23196427	2.8627883
308	151	923	0.40246851	-0.55089639
407	151	924	0.34034596	2.4993883
170	152	925	0.54528642	0.066672505
211	153	926	0.14044919	-2.92155
259	155	927	0.21060306	-3.0461418
284	155	928	0.44456308	-1.4440448
417	155	929	0.34023482	-0.77914081
210	156	930	0.32098726	1.9589051
321	156	931	0.32678487	-1.3212096
374	156	932	0.11193226	-2.3779005
368	157	933	0.17680722	-0.4650931
233	158	934	0.28752173	-0.56257429
215	159	935	0.39210755	-1.1095201
307	159	936	0.32668191	2.028404
327	162	937	0.29446077	2.755878
446	162	938	0.29552773	2.97124
265	163	939	0.24191057	-0.17809645
313	164	940	0.22278298	2.6657657
349	165	941	0.22502055	-2.7470349
274	166	942	0.11421908	2.9079056
374	166	943	0.14747807	-0.16102793
399	167	944	0.15226496	-0.4737755
446	168	945	0.12675624	0.90581693
203	169	946	0.24298032	-2.2161366
209	169	947	0.24549476	0.78636805
223	170	948	0.53112192	0.64430071
340	170	949	0.40123173	-1.5036149
433	170	950	0.25357149	0.81157477
383	171	951	0.26893027	-0.80984144
279	172	952	0.1552055	0.72548538
217	173	953	0.19874777	0.90566764
251	173	954	0.12136257	-2.4041129
331	173	955	0.1937202	-1.2878768
212	174	956	0.11773102	-2.1153534
281	174	957	0.22853478	-0.28461769
419	174	958	0.25256455	-3.0784841
220	175	959	0.20856398	-1.3586586
336	176	960	0.17589917	2.334542
343	176	961	0.10273452	1.7487795
192	178	962	0.21364964	2.7068123
330	179	963	0.36640451	2.9658506
387	179	964	0.34051004	-0.12798219
293	180	965	0.30905462	-1.8576515
365	180	966	0.39495367	2.8759797
416	180	967	0.36037957	0.44319071
182	181	968	0.26095615	1.1748266
448	181	969	0.12326729	-2.1387703
366	182	970	0.27872096	1.1043362
223	183	971	0.63387941	-2.2514409
233	183	972	0.32662598	-2.8997123
263	183	973	0.48601256	0.3397754
406	183	974	0.45388115	0.52252984
192	184	975	0.22762403	3.0843101
197	185	976	0.12210984	-0.66616622
367	186	977	0.17945045	1.66725
253	187	978	0.43403945	1.3374256
291	187	979	0.19706903	1.5448964
445	187	980	0.34254087	-1.3206305
198	188	981	0.21874903	-2.2360833
257	189	982	0.22052297	1.3314966
429	189	983	0.15837856	-0.56391732
199	190	984	0.22421806	-0.14337292
417	192	985	0.34023716	2.9207871
213	193	986	0.41751913	-1.2820451
352	193	987	0.37645629	1.8585735
421	193	988	0.20724768	2.2921194
225	194	989	0.08026666	2.4024868
238	194	990	0.29637145	2.1261276
260	194	991	0.22284316	-1.054304
398	195	992	0.22843501	-0.56613316
342	196	993	0.30737672	2.1602188
322	197	994	0.25525284	-2.4444891
429	198	995	0.12990806	2.5768347
315	199	996	0.54339149	-1.1808863
440	199	997	0.51963749	1.9066848
269	202	998	0.18731657	-2.6613794
347	203	999	0.28124039	-1.2572535
396	204	1000	0.18055336	3.0778288
219	205	1001	0.32266364	-0.77287817
295	205	1002	0.1781251	0.59491962
413	206	1003	0.4000774	-0.061396159
223	207	1004	0.19330886	-0.64663168
358	207	1005	0.10086393	1.0593898
242	208	1006	0.12299266	0.11898479
340	208	1007	0.42191588	1.8832407
372	208	1008	0.29325977	-0.037947066
334	209	1009	0.32645735	-0.53067962
295	211	1010	0.30396652	-2.7509404
281	212	1011	0.28270022	0.12958629
370	212	1012	0.22545349	-2.9650149
337	213	1013	0.48396918	-1.5263534
350	213	1014	0.2782714	1.1013477
258	214	1015	0.337797	-0.25395862
280	214	1016	0.20024009	-2.1070813
285	214	1017	0.51545632	0.3717298
406	214	1018	0.46421569	-2.6415404
422	214	1019	0.4496105	2.4767126
312	215	1020	0.30724787	-0.11456361
359	215	1021	0.29220424	-1.5523531
443	216	1022	0.31367839	2.823145
331	217	1023	0.34920145	-1.7684729
330	218	1024	0.35662522	-0.11436437
418	218	1025	0.47351109	2.6692913
326	219	1026	0.10615542	0.73421014
451	222	1027	0.20771582	-0.83454034
239	223	1028	0.27796226	-0.98158182
433	223	1029	0.28424253	-2.6463731
338	224	1030	0.21187272	-2.495362
238	225	1031	0.22024214	2.0265217
308	228	1032	0.41095207	2.629358
324	228	1033	0.24218236	-0.94170926
357	229	1034	0.12582419	1.8489376
269	230	1035	0.4368339	-1.9881848
449	230	1036	0.42125987	1.1900305
451	231	1037	0.18732489	2.0111506
326	232	1038	0.30245184	2.4532189
431	232	1039	0.2602592	-0.86868503
380	233	1040	0.30742103	-1.6251588
386	233	1041	0.20206818	2.2286411
244	234	1042	0.25245889	-1.3589265
354	235	1043	0.51172445	0.4409268
355	235	1044	0.351925	-1.8685583
252	236	1045	0.36266959	-1.5354683
269	236	1046	0.63900789	1.8924666
286	236	1047	0.30592576	0.28513974
407	237	1048	0.34850527	-0.49202247
243	238	1049	0.39378525	2.1484481
380	239	1050	0.35012233	1.8289681
243	240	1051	0.49206358	-0.072415019
372	242	1052	0.17285067	-0.14938536
329	243	1053	0.40315389	0.61159034
348	245	1054	0.21378325	-1.2213518
444	246	1055	0.23742631	2.5560487
353	247	1056	0.16081266	-1.63213
405	247	1057	0.25648109	-2.3148695
255	250	1058	0.37949239	1.8015173
335	250	1059	0.35461202	-1.6786283
331	251	1060	0.17779513	-0.62766664
254	253	1061	0.42290527	-0.46569903
291	253	1062	0.24458864	-1.9709044
306	253	1063	0.35593531	1.5873822
364	253	1064	0.37856753	1.1047843
430	253	1065	0.43221998	2.880188
284	255	1066	0.54806804	1.4648069
344	255	1067	0.27450536	-2.5911073
413	256	1068	0.23776324	0.85966019
337	257	1069	0.31973421	2.1452952
443	257	1070	0.28197798	-0.57196859
296	258	1071	0.056665018	-2.0711978
396	259	1072	0.34986845	-2.1407927
280	263	1073	0.26626399	0.44657361
348	263	1074	0.2801928	0.78949848
406	263	1075	0.091539802	2.3590353
439	263	1076	0.32378136	0.28942719
326	264	1077	0.13673432	2.3845964
355	266	1078	0.33717496	0.98657665
395	267	1079	0.13123629	0.12084118
431	267	1080	0.29784492	2.8409963
288	268	1081	0.22478534	1.4434845
351	270	1082	0.17793866	1.7461559
356	270	1083	0.22169317	-1.4472839
273	271	1084	0.20742824	-3.1110359
398	272	1085	0.29853037	2.5521668
339	275	1086	0.17796356	-0.73341579
289	276	1087	0.3700525	2.324979
418	276	1088	0.35414174	-0.88933528
308	277	1089	0.090934322	0.85436853
387	279	1090	0.30255374	0.63549882
408	281	1091	0.37789947	0.010498285
294	283	1092	0.11978625	-1.4569919
374	283	1093	0.13355614	2.1127127
417	284	1094	0.27445697	0.82673437
436	286	1095	0.25477146	0.27497449
379	288	1096	0.19166984	2.641862
381	289	1097	0.14129768	-0.48654132
403	289	1098	0.32503106	-2.3595904
307	290	1099	0.21597153	-0.083689192
361	290	1100	0.3974076	2.3248837
388	290	1101	0.28958486	-1.5474035
335	292	1102	0.50865186	1.2489126
354	292	1103	0.50248593	-2.0283775
361	293	1104	0.27972401	-0.5703834
364	293	1105	0.28917088	-1.6799719
321	294	1106	0.07928966	-0.073416073
326	295	1107	0.30140431	-1.0022447
349	295	1108	0.35375596	2.347468
439	296	1109	0.33732753	-2.9623823
415	298	1110	0.36645315	-0.7754997
403	300	1111	0.32488851	1.0008491
382	302	1112	0.36608377	2.2651843
397	302	1113	0.48803322	-0.59418198
435	303	1114	0.13623175	-2.9783699
350	304	1115	0.33673479	-0.35978799
344	305	1116	0.17860134	1.2856727
425	305	1117	0.29577733	-0.86736745
364	306	1118	0.17689033	-0.10015314
347	307	1119	0.28525133	1.8126745
350	310	1120	0.30873671	-1.0137833
352	310	1121	0.3138262	2.214757
403	312	1122	0.16385188	-0.33105484
435	312	1123	0.17071071	-1.0096861
389	313	1124	0.29764588	2.678841
402	314	1125	0.17857333	0.45496348
424	314	1126	0.14846428	2.4197277
352	315	1127	0.55173585	-1.2385527
445	316	1128	0.19469007	1.2472839
328	317	1129	0.15781928	1.4781388
432	318	1130	0.15387229	2.2989993
331	319	1131	0.41988851	1.6071723
365	319	1132	0.4503908	-0.67199904
353	320	1133	0.18350997	1.0199911
366	320	1134	0.22613316	-2.8976515
390	321	1135	0.15088949	-0.46465185
385	323	1136	0.13998292	2.3386107
409	324	1137	0.2107352	-1.115989
434	327	1138	0.28596866	-3.0740137
349	332	1139	0.22630697	-2.3906405
384	333	1140	0.52781524	2.0522087
385	333	1141	0.34656707	-0.903995
342	334	1142	0.33181195	-0.62732136
389	335	1143	0.3471058	-0.45704125
425	335	1144	0.23008181	2.2331104
343	336	1145	0.10666885	-0.24556486
414	336	1146	0.14924781	1.8758911
349	338	1147	0.37935791	-0.27705971
367	343	1148	0.23198742	-0.54284671
414	343	1149	0.22430674	2.2931468
356	345	1150	0.12945424	-0.87054446
439	348	1151	0.15529932	-0.75591828
430	350	1152	0.42277463	-0.30131819
362	351	1153	0.13579546	1.7145218
421	352	1154	0.20752838	-1.715939
366	356	1155	0.24437988	-1.0411829
369	357	1156	0.1944202	-1.0108696
380	358	1157	0.19572289	-0.51852885
422	360	1158	0.22949899	-1.3956142
364	361	1159	0.29978342	-2.669185
391	363	1160	0.39222663	-2.0626763
405	366	1161	0.23750111	0.87834222
420	366	1162	0.11527897	-0.29468252
415	373	1163	0.27907516	-2.3713624
447	375	1164	0.23913037	2.169361
385	379	1165	0.2724385	1.8817734
437	383	1166	0.36064658	-0.47856599
449	392	1167	0.28460555	-3.0714541
410	397	1168	0.2383365	0.9322468
437	411	1169	0.20962265	-2.2767871
437	415	1170	0.4004964	-1.3680705
436	428	1171	0.18220321	-2.8777803
443	429	1172	0.21348455	0.75475926
446	434	1173	0.27008002	-0.15378557
449	438	1174	0.48312325	-0.72637835
442	440	1175	0.50326325	1.8595825
452	442	1176	0.20913179	1.355915
