label	xPos	yPos	vote	north
0	0	0	0	0
1	-1.672748	-1.325741	0	0
2	-1.945546	-0.6115055	0	0
3	0.0176262	0.04242242	0	0
4	-0.686465	0.8768999	0	0
5	0.5716971	-0.4657755	0	0
6	-1.688297	2.280102	0	0
7	0.9467722	-1.851453	0	0
8	-0.8486766	0.2310302	0	0
9	-0.5647315	-0.6309936	0	0
10	0.4416113	-0.2952434	0	0
11	0.8328471	1.287803	0	0
12	-0.602068	-2.184612	0	0
13	-0.6815827	-1.51469	0	0
14	0.5264333	0.792225	0	0
15	-1.227677	-0.3854835	0	0
16	-0.9346458	0.6029286	0	0
17	0.1056688	1.206853	0	0
18	0.3675759	-0.9774757	0	0
19	0.8596103	-0.5743251	0	0
20	-0.5606394	-0.3829115	0	0
21	-0.6057768	1.096048	0	0
22	1.820482	-1.30003	0	0
23	0.7351355	-0.1939641	0	0
24	0.05975995	-0.3950182	0	0
25	-0.3231499	0.3590036	0	0
26	0.514185	-0.791734	0	0
27	0.7098669	1.677014	0	0
28	-1.797076	-0.8943144	0	0
29	1.106372	1.270237	0	0
30	0.165239	0.981386	0	0
31	0.4342004	-0.07681555	0	0
32	0.8607027	-0.2814269	0	0
33	-1.064419	-0.2505431	0	0
34	2.867333	-0.1549772	0	0
35	0.7192156	-0.6816849	0	0
36	0.7580287	-1.319577	0	0
37	0.3329292	2.395992	0	0
38	0.6399042	-0.6313311	0	0
39	0.3324094	0.03762256	0	0
40	-2.297347	-1.419062	0	0
41	-1.224331	-0.9547342	0	0
42	-1.16986	-0.5434575	0	0
43	0.03266572	0.9696555	0	0
44	-2.335738	0.02875824	0	0
45	-1.173425	0.02572921	0	0
46	0.9244586	-0.2870803	0	0
47	1.627368	-0.6888014	0	0
48	-0.4862764	-1.45475	0	0
49	-1.73728	1.055815	0	0
50	-2.033272	-0.5825255	0	0
51	-0.2837793	-0.8846696	0	0
52	1.132824	1.27772	0	0
53	-1.801174	-1.24685	0	0
54	-1.507346	2.346252	0	0
55	0.0772482	-1.394241	0	0
56	-1.157949	0.6376544	0	0
57	-0.4756416	-0.2669623	0	0
58	0.1237998	1.57594	0	0
59	-1.881993	-0.8844574	0	0
60	1.022171	-0.4878001	0	0
61	1.092122	-0.4231837	0	0
62	0.8429312	-0.01304225	0	0
63	0.50114	-0.1144581	0	0
64	0.1843217	1.631456	0	0
65	-1.758658	0.5139885	0	0
66	0.471649	1.003624	0	0
67	0.9019077	-1.230041	0	0
68	-0.6307628	-0.6805932	0	0
69	0.32921	0.568071	0	0
70	-0.03816395	0.4783206	0	0
71	-0.1062815	0.8841848	0	0
72	0.3631428	-0.4850654	0	0
73	-1.27928	0.6607516	0	0
74	-0.9297372	-1.019948	0	0
75	0.8181979	-0.3329142	0	0
76	0.7326715	-0.01973164	0	0
77	-0.09846884	-0.2139172	0	0
78	-1.975299	-0.0208035	0	0
79	-0.5553769	-0.1505693	0	0
80	1.493228	-0.6457292	0	0
81	-0.7361772	1.491689	0	0
82	0.927174	0.1464013	0	0
83	-0.1838925	0.4824316	0	0
84	-1.945874	0.2723002	0	0
85	-0.05236151	-0.3565064	0	0
86	0.353409	2.479042	0	0
87	1.278154	0.7153656	0	0
88	0.3438443	1.00561	0	0
89	0.1400003	-0.6911915	0	0
90	-0.1581507	-0.8186812	0	0
91	-0.4857707	0.1848861	0	0
92	0.9568254	-1.633825	0	0
93	0.006684558	-0.6362499	0	0
94	1.132833	0.9713281	0	0
95	-0.08672096	0.3151326	0	0
96	-0.05627183	0.8330947	0	0
97	-0.3664968	-0.3797411	0	0
98	1.016411	-0.9236998	0	0
99	-0.4812042	0.7259921	0	0
100	0.1298957	0.1794014	0	0
101	0.8813241	1.146898	0	0
102	-0.7845503	0.7710119	0	0
103	0.3579255	0.5274754	0	0
104	-0.5453809	0.8178109	0	0
105	0.9308136	0.07688655	0	0
106	1.360348	-1.247092	0	0
107	-0.9253646	1.211743	0	0
108	-0.2311774	0.7269104	0	0
109	-0.5587589	-0.2639911	0	0
110	-0.6790284	-1.167478	0	0
111	0.4773037	1.140835	0	0
112	0.3546416	1.843545	0	0
113	0.02863352	0.8970186	0	0
114	0.1075271	0.3594322	0	0
115	0.8314471	2.210357	0	0
116	1.240613	-0.6316319	0	0
117	-0.3610026	0.1149463	0	0
118	0.1690603	-1.197412	0	0
119	0.2255146	0.2743742	0	0
120	-0.348228	-0.2156385	0	0
121	-0.4475435	-0.3104576	0	0
122	0.8559052	0.9837254	0	0
123	-2.875838	-1.33255	0	0
124	0.7306266	1.247591	0	0
125	-2.126652	-0.5310975	0	0
126	1.32942	-0.2180918	0	0
127	-0.08789638	0.7920212	0	0
128	-1.133045	-1.277927	0	0
129	-1.387031	-2.517573	0	0
130	0.1183224	1.070899	0	0
131	-1.548521	1.259287	0	0
132	-0.8175438	0.2517724	0	0
133	-1.33847	-1.133724	0	0
134	-0.1918843	-0.4941426	0	0
135	0.9884759	1.006602	0	0
136	0.5537208	0.2592029	0	0
137	-1.000935	0.2191513	0	0
138	1.073899	-0.1164153	0	0
139	-1.090712	1.525125	0	0
140	-1.578999	-0.5310248	0	0
141	0.5421324	0.3113816	0	0
142	0.0734779	0.1278973	0	0
143	-1.106294	-0.5643988	0	0
144	1.456086	-0.3543673	0	0
145	0.2560387	-1.153876	0	0
146	0.4902845	-1.130886	0	0
147	-0.4853982	0.2810288	0	0
148	-1.689522	0.5858041	0	0
149	-1.257524	-0.3346253	0	0
150	-1.810644	-0.6941569	0	0
151	-2.085341	1.324456	0	0
152	-0.4597544	-1.828007	0	0
153	0.51132	0.2468028	0	0
154	-0.2290385	0.5842351	0	0
155	2.736588	0.8057258	0	0
156	-0.8256026	-0.09094295	0	0
157	-1.715302	-1.267665	0	0
158	1.162067	1.51583	0	0
159	0.2712491	0.2459299	0	0
160	-0.6642883	0.9392925	0	0
161	1.320098	-0.4887834	0	0
162	-0.01710772	0.2473984	0	0
163	0.1686965	0.07394208	0	0
164	1.735811	0.0791315	0	0
165	-0.5641403	0.518256	0	0
166	-1.07046	-0.4993823	0	0
167	0.1766473	1.294836	0	0
168	0.3912103	0.7088334	0	0
169	0.8741528	1.132322	0	0
170	-1.341626	-0.2106487	0	0
171	-0.7450803	-0.8121145	0	0
172	0.05728941	-0.06862852	0	0
173	0.09053177	-0.05907152	0	0
174	1.617587	0.7240584	0	0
175	0.2299071	0.7139905	0	0
176	-0.7394931	-0.6631678	0	0
177	-0.1624461	-1.17538	0	0
178	-0.04789241	-1.052451	0	0
179	1.304816	0.1143961	0	0
180	-1.833786	0.1287331	0	0
181	-1.297195	1.522161	0	0
182	-0.4364304	0.3426959	0	0
183	0.4385951	1.751093	0	0
184	0.6171109	-0.2723227	0	0
185	0.8854745	1.338047	0	0
186	1.830735	0.4006539	0	0
187	0.1816277	-0.3057729	0	0
188	-1.771147	0.1690929	0	0
189	-0.6991405	1.103168	0	0
190	1.420233	-0.1781598	0	0
191	0.2855114	-0.8676112	0	0
192	0.3721854	0.7779309	0	0
193	0.7078332	1.040669	0	0
194	0.3175719	-0.01124573	0	0
195	0.05538564	-1.74602	0	0
196	0.1809488	0.3052067	0	0
197	-1.10935	-0.247958	0	0
198	0.5985146	-0.2972691	0	0
199	0.2828236	-0.188528	0	0
200	0.6344914	2.663602	0	0
201	0.009542462	0.03352649	0	0
202	0.8923139	0.4159529	0	0
203	-1.144087	0.988676	0	0
204	-0.05019988	2.044203	0	0
205	-0.01211418	-0.9343405	0	0
206	-0.8337969	0.3464827	0	0
207	-0.6271421	-0.9593483	0	0
208	-2.12109	1.079254	0	0
209	-1.625237	-0.8544475	0	0
210	-2.233402	-1.898301	0	0
211	0.05837759	0.3968935	0	0
212	-0.472537	1.406579	0	0
213	-0.894163	-0.7601417	0	0
214	0.7227525	-1.636902	0	0
215	0.6699884	0.5651036	0	0
216	0.03282443	-0.1266562	0	0
217	0.1162061	-0.1122635	0	0
218	-1.375385	-0.4856913	0	0
219	-0.9541277	0.1059918	0	0
220	0.7054668	1.453761	0	0
221	-0.2425899	-0.3355875	0	0
222	1.153724	0.05946319	0	0
223	0.3972445	1.216663	0	0
224	-0.5791657	-0.04023897	0	0
225	0.6162005	0.8280586	0	0
226	0.01061826	-0.02268505	0	0
227	0.7176391	-0.3630884	0	0
228	-1.305905	-0.09975939	0	0
229	-2.30473	0.5405685	0	0
230	0.07091474	-2.089572	0	0
231	0.6091603	0.05489432	0	0
232	-0.5773546	0.7377197	0	0
233	-0.9488013	0.9313624	0	0
234	-0.0693136	0.03516585	0	0
235	-1.74738	-2.33148	0	0
236	-0.4846515	1.777082	0	0
237	0.5009134	-0.6716019	0	0
238	0.5843469	-0.4712112	0	0
239	0.4187981	-1.369891	0	0
240	0.3119657	-2.180846	0	0
241	0.6022473	0.2207263	0	0
242	-0.589902	-0.1425145	0	0
243	-0.9209249	0.5108102	0	0
244	1.706862	-0.3793999	0	0
245	-0.08849069	0.1898734	0	0
246	-0.3692823	0.56575	0	0
247	-0.6355839	1.985851	0	0
248	-0.6951493	1.650205	0	0
249	-1.043468	0.3694224	0	0
250	-0.3965832	-2.510529	0	0
251	0.6331008	0.5534912	0	0
252	-0.4999319	0.494828	0	0
253	1.32245	0.4334162	0	0
254	0.2325009	-0.3110861	0	0
255	-1.015736	0.7990693	0	0
256	-0.5295878	1.58689	0	0
257	-0.4200594	0.06296136	0	0
258	-1.757119	-0.3616156	0	0
259	0.2088575	-0.02097611	0	0
260	-0.6875427	-0.07981546	0	0
261	-0.3039754	2.911679	0	0
262	0.4241398	-0.3391043	0	0
263	-0.9059395	0.6870353	0	0
264	0.1451506	0.5442305	0	0
265	-2.643704	0.7716831	0	0
266	-0.6420916	-0.784589	0	0
267	-0.3985763	0.4706983	0	0
268	-0.9321153	0.09269627	0	0
269	0.1573826	-1.071635	0	0
270	0.7708246	-0.161317	0	0
271	0.5937696	0.09890641	0	0
272	0.2173122	-0.5961432	0	0
273	1.096573	-0.1323675	0	0
274	-1.063241	0.9913707	0	0
275	-0.1756867	-0.07723349	0	0
276	-0.03737114	1.202415	0	0
277	-0.03804374	-0.1036544	0	0
278	-0.6028937	1.83875	0	0
279	-0.9079102	-0.4266862	0	0
280	-0.3503125	-0.2579711	0	0
281	0.02330719	0.2891133	0	0
282	1.62527	-0.8206297	0	0
283	1.663291	0.04072637	0	0
284	-0.07144592	-2.003369	0	0
285	1.005639	-0.9427432	0	0
286	1.421514	0.7325264	0	0
287	-0.5321196	0.04473443	0	0
288	1.633413	0.9526141	0	0
289	-0.8231075	0.59593	0	0
290	-1.454028	0.9315129	0	0
291	0.2073401	-0.3489132	0	0
292	-0.3734755	2.140038	0	0
293	-0.4534177	0.4943232	0	0
294	0.1627373	0.2933019	0	0
295	-0.3372715	0.08406356	0	0
296	0.6637208	-1.476724	0	0
297	-1.148343	-0.1847351	0	0
298	0.9901364	1.115386	0	0
299	0.9345977	3.396188	0	0
300	0.3386898	-0.153395	0	0
301	-1.019246	1.283994	0	0
302	-0.5719756	0.3765868	0	0
303	-1.501833	-1.263543	0	0
304	-0.4783787	0.1199696	0	0
305	-0.7933699	-0.1682943	0	0
306	0.9860607	2.232004	0	0
307	1.637253	-1.178427	0	0
308	-0.03251282	0.1754526	0	0
309	-0.6896736	2.282502	0	0
310	0.2915466	0.8877557	0	0
311	0.6709638	-1.201536	0	0
312	0.2944962	-1.23753	0	0
313	1.049558	0.1863286	0	0
314	0.4621314	-1.303507	0	0
315	0.2441531	-0.1782333	0	0
316	-1.985133	0.4876238	0	0
317	1.042464	0.6410109	0	0
318	1.42429	-0.2308405	0	0
319	0.1416262	0.2473103	0	0
320	-0.3808262	-0.5478931	0	0
321	1.04261	-0.8661255	0	0
322	-1.343756	-1.417108	0	0
323	1.250449	-0.01928156	0	0
324	1.379685	0.8253502	0	0
325	0.1701335	0.02238704	0	0
326	1.114053	1.469087	0	0
327	0.4905417	0.8716603	0	0
328	0.283074	-1.368473	0	0
329	1.510285	-1.494477	0	0
330	0.2490658	-0.8491693	0	0
331	1.137893	-0.2440261	0	0
332	1.017817	0.03135065	0	0
333	1.245702	0.1056317	0	0
334	-0.4396281	-0.30703	0	0
335	0.6580145	-0.3875872	0	0
336	-1.017565	-0.6100601	0	0
337	-0.8415884	-0.07226673	0	0
338	0.2340057	0.401043	0	0
339	-1.12772	1.392753	0	0
340	-0.05549771	-0.905195	0	0
341	1.085978	0.188995	0	0
342	-1.117734	-0.2023389	0	0
343	1.172772	1.072982	0	0
344	1.017678	0.7380345	0	0
345	-0.02014833	-0.503499	0	0
346	-0.4081942	0.2803124	0	0
347	-0.5280178	-0.04823379	0	0
348	0.3984263	0.06264596	0	0
349	-1.265037	-0.7398063	0	0
350	0.5904906	-0.1456968	0	0
351	1.236968	-0.4963943	0	0
352	-0.3924405	-1.369255	0	0
353	-1.583712	1.657274	0	0
354	-0.328679	-0.4268505	0	0
355	-1.320905	-1.558701	0	0
356	0.1878685	0.7059288	0	0
357	3.159931	-0.05093418	0	0
358	-0.2965871	-0.3923808	0	0
359	0.312312	0.3658617	0	0
360	-1.048527	0.2162918	0	0
361	-1.126628	-0.3445182	0	0
362	1.032456	-0.1082522	0	0
363	-0.2413697	1.448448	0	0
364	-0.4194966	0.3890196	0	0
365	6.974554e-05	-1.294921	0	0
366	0.8989259	-0.04854945	0	0
367	0.0421317	0.5440869	0	0
368	1.435991	-0.5864145	0	0
369	-0.01686132	1.033202	0	0
370	-0.8797158	1.611272	0	0
371	0.742973	-1.452257	0	0
372	0.3700795	-0.1949969	0	0
373	0.9361799	0.430927	0	0
374	-0.07386358	0.5503846	0	0
375	1.758978	1.828139	0	0
376	-0.5560975	-0.892527	0	0
377	-0.8415366	0.2222985	0	0
378	-0.2104453	0.1651238	0	0
379	0.7943774	0.3313468	0	0
380	-0.6351785	-1.490954	0	0
381	-0.9097503	0.6839309	0	0
382	-1.846935	1.265635	0	0
383	0.8015023	-0.557088	0	0
384	0.4512401	-0.002972166	0	0
385	-0.347673	-1.084428	0	0
386	0.7240958	-1.333076	0	0
387	0.0559611	0.3591385	0	0
388	-1.385016	-0.9650002	0	0
389	-0.4174901	-0.5092026	0	0
390	-1.574061	-0.2623211	0	0
391	-0.4915116	-0.7224363	0	0
392	0.114324	-2.037504	0	0
393	-0.5383471	-1.271763	0	0
394	-1.437079	0.4678355	0	0
395	0.2228938	-1.2893	0	0
396	-0.1146217	2.230479	0	0
397	0.07123222	-1.907238	0	0
398	-0.2246672	0.9365204	0	0
399	-0.3863812	-0.7009951	0	0
400	-0.6948634	-0.2646752	0	0
401	-0.5925525	0.8353435	0	0
402	0.2006819	-1.801751	0	0
403	1.648161	-0.01334902	0	0
404	-0.5104303	1.364401	0	0
405	-1.762775	-1.106692	0	0
406	-1.236679	-0.5820359	0	0
407	0.2372779	-1.191699	0	0
408	0.2014285	-1.005044	0	0
409	0.2114632	0.3170839	0	0
410	-0.7242664	0.396759	0	0
411	1.020208	-0.8048921	0	0
412	-0.1118131	-0.08440922	0	0
413	-1.791917	0.251419	0	0
414	0.4315238	0.7382312	0	0
415	0.840771	-1.646407	0	0
416	0.3602	0.4237976	0	0
417	0.5112329	0.1669132	0	0
418	1.797867	-0.142974	0	0
419	0.4611624	1.884964	0	0
420	0.7796844	1.150186	0	0
421	1.211552	-1.709848	0	0
422	-0.4176232	-0.07415891	0	0
423	-0.1980112	0.2476664	0	0
424	-0.04841119	1.308221	0	0
425	-0.5828093	0.2144712	0	0
426	-0.8323036	1.449827	0	0
427	0.6814988	0.9037004	0	0
428	-0.6276399	-0.6210653	0	0
429	-0.03986403	-0.444328	0	0
430	-0.2156145	0.5908752	0	0
431	-1.926592	0.8054392	0	0
432	1.180831	-1.046156	0	0
433	0.811541	-0.3619023	0	0
434	0.2036509	-0.1525113	0	0
435	3.438807	0.02027567	0	0
436	-0.4187691	1.325509	0	0
437	-1.204295	0.1307376	0	0
438	0.6218757	-0.09238389	0	0
439	0.1308051	-0.6118173	0	0
440	0.6626193	1.203201	0	0
441	-0.9135429	0.6350654	0	0
442	-1.278719	-0.4692887	0	0
443	1.036083	-0.3351264	0	0
444	-0.7268571	-0.603765	0	0
445	1.036972	0.007899561	0	0
446	2.376006	0.2049551	0	0
447	0.2054958	-1.640138	0	0
448	-0.08477751	-0.2849789	0	0
449	-0.314126	-0.5941878	0	0
450	0.2126863	-1.329133	0	0
451	1.077443	-0.1823741	0	0
452	-1.216902	-2.126093	0	0
453	-0.09573133	-0.3763509	0	0
454	0.6654884	0.7570309	0	0
455	-1.161608	0.9663498	0	0
456	0.9436759	0.2489484	0	0
457	0.2948544	-0.5208168	0	0
458	-1.137613	-0.5699769	0	0
459	0.2182284	-0.6761634	0	0
460	1.177183	0.4134284	0	0
461	-1.368893	-0.1599254	0	0
462	-0.1512903	-1.575544	0	0
463	-0.1378117	-0.3315802	0	0
464	1.677935	-0.5515312	0	0
465	-0.4084343	0.2277805	0	0
466	-1.311134	0.531385	0	0
467	0.5111776	-2.407222	0	0
468	1.488538	0.4676743	0	0
469	-0.2593961	-1.197253	0	0
470	-1.524217	1.486476	0	0
471	-2.411193	-0.4079765	0	0
472	2.145956	-0.3337163	0	0
473	-0.9377849	-0.4260147	0	0
474	0.04578227	1.164214	0	0
475	-0.4156133	-0.5404897	0	0
476	0.5161242	-0.2125425	0	0
477	1.002897	-0.1225975	0	0
478	1.365903	0.7377442	0	0
479	-1.808016	0.2365998	0	0
480	-1.446514	-0.7666935	0	0
481	1.252952	1.1676	0	0
482	-0.6862642	-1.958744	0	0
483	0.4067764	0.6590527	0	0
484	0.2464423	-1.185264	0	0
485	0.5498573	-0.04907693	0	0
486	-1.044139	0.8135684	0	0
487	0.4595916	-0.3490596	0	0
488	1.550403	-2.690153	0	0
489	-0.1290439	-0.7724854	0	0
490	-0.156243	0.7302208	0	0
491	-0.1423351	-0.5874677	0	0
492	0.9941773	-0.2562359	0	0
493	-0.8943635	-0.4577929	0	0
494	0.2523943	-0.6792659	0	0
495	0.08228238	0.9447639	0	0
496	0.9048296	1.443927	0	0
497	0.2333283	0.2186681	0	0
498	0.9692691	0.977666	0	0
499	0.2068853	-0.67812	0	0
500	1.049655	1.086527	0	0
501	0.1644132	1.142289	0	0
502	0.8276839	1.895771	0	0
503	0.8313376	-0.6246917	0	0
504	-1.174416	-0.3471853	0	0
505	-1.110078	0.3902474	0	0
506	-0.6705135	0.1017517	0	0
507	-0.2066174	0.801557	0	0
508	0.5541565	-0.5241285	0	0
509	1.19454	-0.7514191	0	0
510	1.494145	-0.174413	0	0
511	0.2667668	0.7827913	0	0
512	1.486156	-2.447043	0	0
513	-0.7464339	-0.4256155	0	0
514	-0.1740935	-1.656628	0	0
515	0.1696751	0.1107761	0	0
516	0.6366434	-1.719569	0	0
517	2.386968	-0.3339124	0	0
518	-1.043709	0.8960805	0	0
519	-0.8729845	0.1507308	0	0
520	-1.28796	-0.7841291	0	0
521	0.4909624	-0.2792863	0	0
522	-0.7202426	0.4265808	0	0
523	-0.8194386	0.9645286	0	0
524	-0.693612	1.088721	0	0
525	0.4021749	1.706289	0	0
526	-0.6252832	0.2866789	0	0
527	0.3956353	-1.14681	0	0
528	1.015262	-0.06592265	0	0
529	-0.9001728	0.6175265	0	0
530	1.257813	-1.528532	0	0
531	-0.556119	1.315917	0	0
532	0.2349553	-0.2843371	0	0
533	0.8559373	0.7883927	0	0
534	1.297017	0.3594564	0	0
535	0.01911896	1.369646	0	0
536	-0.8201055	-0.3474229	0	0
537	-0.07690084	-0.5173981	0	0
538	-0.07026102	1.504426	0	0
539	0.6669849	0.2340878	0	0
540	-1.002903	1.577079	0	0
541	1.158721	-0.004168817	0	0
542	1.141153	-1.776392	0	0
543	-0.08918289	0.2884639	0	0
544	0.01902932	1.419661	0	0
545	0.2146323	-0.7794851	0	0
546	-1.785599	-1.513485	0	0
547	-1.506202	-0.8675997	0	0
548	-1.038521	1.457235	0	0
549	-1.140725	0.6162108	0	0
550	0.0101233	-0.8362781	0	0
551	1.108421	0.1097096	0	0
552	1.464269	-0.5095555	0	0
553	0.1764133	-0.1212308	0	0
554	0.09768487	-0.3304622	0	0
555	0.1428802	-0.5780567	0	0
556	-0.5033122	0.07610917	0	0
557	-2.53946	-1.678099	0	0
558	1.928884	1.321948	0	0
559	-2.384425	2.019524	0	0
560	0.4561687	2.414536	0	0
561	-0.8396372	2.073794	0	0
562	0.9085306	-1.214224	0	0
563	-0.05969332	-0.0626301	0	0
564	0.8266958	-0.5161007	0	0
565	0.760172	-0.7560686	0	0
566	0.8876831	0.2766337	0	0
567	2.477082	-0.08169252	0	0
568	0.4314179	-0.3178028	0	0
569	1.674532	-0.8967622	0	0
570	-0.08201113	0.5044748	0	0
571	-0.14698	0.8223722	0	0
572	-0.1213473	1.244307	0	0
573	-0.2279019	-1.228141	0	0
574	0.3332696	-0.3907268	0	0
575	0.9928024	-0.5210183	0	0
576	0.9578504	1.455756	0	0
577	-0.7539526	0.9383167	0	0
578	0.4746588	-1.380425	0	0
579	-1.876195	-0.5397077	0	0
580	0.04939633	-0.5064127	0	0
581	1.84947	0.09324709	0	0
582	-0.6173844	1.658701	0	0
583	1.559532	-0.6013275	0	0
584	-1.514397	1.260151	0	0
585	1.098915	-1.466966	0	0
586	-2.071642	0.3920475	0	0
587	-0.09171977	-0.6489126	0	0
588	-0.1862675	-0.1720517	0	0
589	-1.590588	-0.3117414	0	0
590	1.176797	-0.7900814	0	0
591	1.228063	-0.9167312	0	0
592	-0.1806878	0.8669757	0	0
593	0.7106708	1.292663	0	0
594	0.8290318	-0.9517904	0	0
595	-2.101277	-1.062997	0	0
596	1.433315	0.6983674	0	0
597	-0.1263907	0.7744091	0	0
598	0.2492525	0.6119255	0	0
599	-1.469162	0.587321	0	0
600	-1.720122	-0.9170815	0	0
601	-0.384084	-0.7803648	0	0
602	-0.354542	1.924697	0	0
603	0.7160572	1.147163	0	0
604	-0.2633631	1.750793	0	0
605	-0.390268	1.205564	0	0
606	2.167002	-0.3733124	0	0
607	-1.068805	-1.811044	0	0
608	0.4152521	-1.283402	0	0
609	2.443658	0.535543	0	0
610	0.2175643	0.8562642	0	0
611	0.5658765	0.2921017	0	0
612	0.03232443	-1.987023	0	0
613	0.004902036	0.5526627	0	0
614	-1.033995	-0.3787121	0	0
615	0.2006875	-0.7508687	0	0
616	0.5884794	0.9803567	0	0
617	0.4108141	-0.5520146	0	0
618	0.7338196	-3.395642	0	0
619	-0.3072263	-0.7315524	0	0
620	-1.252571	0.6030496	0	0
621	0.3423463	-0.4022504	0	0
622	0.1680225	-1.533534	0	0
623	-0.5148265	0.3822158	0	0
624	-0.4963427	-1.223718	0	0
625	0.4747131	1.477473	0	0
626	0.1148259	0.1646333	0	0
627	1.517015	-0.3968623	0	0
628	0.7517325	-0.09516487	0	0
629	-0.9736891	1.493101	0	0
630	-0.468678	0.4803137	0	0
631	1.065246	-1.28286	0	0
632	-0.6028264	-2.602034	0	0
633	1.542122	0.1161563	0	0
634	-0.03025476	-1.503215	0	0
635	1.081222	-0.3143539	0	0
636	-0.3641001	-0.1589285	0	0
637	1.582099	0.5305365	0	0
638	-2.233424	-1.031153	0	0
639	0.7723508	0.03181267	0	0
640	-0.2552728	-2.175059	0	0
641	-1.368628	-0.2944824	0	0
642	0.5640022	-1.332204	0	0
643	-1.70433	2.162233	0	0
644	0.2147304	2.087572	0	0
645	-0.1539579	0.2099418	0	0
646	0.8106095	-0.3095202	0	0
647	0.03507497	-1.517755	0	0
648	-1.523151	0.2787785	0	0
649	1.106774	-0.3637027	0	0
650	-2.806901	2.16209	0	0
651	-1.099664	2.460529	0	0
652	0.9765732	-1.540811	0	0
653	-0.6542177	-0.3788726	0	0
654	2.403313	-0.4282858	0	0
655	1.107268	0.7362134	0	0
656	-0.3591779	0.08926995	0	0
657	-1.491747	0.6031263	0	0
658	1.108215	-0.3271602	0	0
659	0.8875161	-0.7867486	0	0
660	1.390751	-0.4586417	0	0
661	1.833131	-0.3711221	0	0
662	-0.2663929	0.4845674	0	0
663	-0.786509	0.2332384	0	0
664	-0.3772507	-1.358653	0	0
665	-1.416358	0.1051191	0	0
666	0.2891148	0.7054108	0	0
667	0.7959004	-0.5709162	0	0
668	-1.270573	0.6501844	0	0
669	0.01625048	0.613102	0	0
670	0.09227379	2.114914	0	0
671	2.979437	1.944314	0	0
672	0.6377442	0.7334927	0	0
673	0.4834993	-1.457828	0	0
674	0.3812868	0.2259856	0	0
675	-1.148758	1.619652	0	0
676	-0.3142004	1.458918	0	0
677	0.6756617	-2.267368	0	0
678	1.255361	-0.1250587	0	0
679	1.237879	0.2634108	0	0
680	-0.03032548	1.500208	0	0
681	1.106374	0.5009227	0	0
682	-0.9725814	-1.272231	0	0
683	0.9012742	-1.270962	0	0
684	-0.0052168	-0.2645491	0	0
685	-0.7355586	0.008214998	0	0
686	-0.5807781	-0.5557925	0	0
687	0.3829427	-1.549833	0	0
688	0.8119191	0.1583088	0	0
689	-0.0643574	-0.7990385	0	0
690	1.477945	1.266817	0	0
691	-0.1233761	-0.5656861	0	0
692	0.7684701	1.498318	0	0
693	2.208062	0.7599557	0	0
694	0.8553097	0.3203089	0	0
695	-0.1701694	0.9517915	0	0
696	0.307685	-0.08637277	0	0
697	0.3547547	-0.4860603	0	0
698	-0.3682333	-1.348386	0	0
699	-0.2844152	0.9212661	0	0
700	0.766286	1.653704	0	0
701	0.1906717	1.25784	0	0
702	-0.7786279	-1.021279	0	0
703	-0.622512	-1.211718	0	0
704	-1.232627	-1.676878	0	0
705	-0.4046298	-0.3186968	0	0
706	-1.186539	-1.781442	0	0
707	-0.4849313	0.5565713	0	0
708	-0.256162	-0.0790142	0	0
709	1.125118	-0.51847	0	0
710	1.603881	-0.6515278	0	0
711	-0.3367322	-1.023508	0	0
712	1.222845	-0.3077085	0	0
713	-0.3779269	0.2632164	0	0
714	0.6335674	-0.983606	0	0
715	1.130673	-0.7547311	0	0
716	0.1362276	-0.6170984	0	0
717	-0.1090185	-1.279501	0	0
718	1.450639	1.31073	0	0
719	-0.7876619	-1.293849	0	0
720	1.139828	1.200503	0	0
721	-0.7419874	1.631245	0	0
722	0.6051382	0.4514808	0	0
723	1.09871	0.01067978	0	0
724	2.011839	0.4309653	0	0
725	1.483727	-0.3494596	0	0
726	1.053633	0.07492371	0	0
727	0.3347467	-1.242249	0	0
728	0.7030459	2.284539	0	0
729	1.083784	-0.1981847	0	0
730	-0.9242416	0.1701878	0	0
731	1.902031	-0.3080223	0	0
732	-0.01242688	-1.364829	0	0
733	1.845188	1.817365	0	0
734	-0.6674405	-0.944233	0	0
735	0.2132952	0.632557	0	0
736	-0.8791977	-0.4652115	0	0
737	0.252532	-0.7264993	0	0
738	0.9191971	-2.19128	0	0
739	0.06142315	1.460523	0	0
740	0.332057	-1.052578	0	0
741	0.8266921	-0.1521528	0	0
742	0.9777332	0.5635041	0	0
743	-0.5023733	-2.119555	0	0
744	-0.2665062	0.05965278	0	0
745	-0.3809513	-0.7156658	0	0
746	-0.9608621	2.268611	0	0
747	-1.755612	0.2628465	0	0
748	1.631799	-0.4143868	0	0
749	-0.1842602	1.482819	0	0
750	0.4082966	-0.7076919	0	0
751	-0.0982299	-0.43949	0	0
752	-0.787171	-0.0603516	0	0
753	0.3392329	1.089882	0	0
754	0.3118269	-0.3065224	0	0
755	-0.02296891	-1.14554	0	0
756	0.04821414	0.443538	0	0
757	0.4222453	-1.122476	0	0
758	-0.5808544	-0.6770967	0	0
759	-1.009473	1.429516	0	0
760	-0.9872185	1.66988	0	0
761	-0.835472	0.6225203	0	0
762	0.05104954	-0.2108704	0	0
763	-0.8170375	-0.7524115	0	0
764	0.2533416	0.0491394	0	0
765	0.8454956	0.7704509	0	0
766	-2.114517	-1.275191	0	0
767	-0.4471751	1.444929	0	0
768	-0.7140823	2.260997	0	0
769	-1.648381	1.897903	0	0
770	0.973975	-1.389353	0	0
771	0.6674854	0.2122252	0	0
772	-2.53004	0.8114928	0	0
773	-0.2627503	1.838474	0	0
774	1.978348	1.509353	0	0
775	0.03614253	1.666262	0	0
776	-0.3651944	1.042476	0	0
777	0.6751847	0.6623182	0	0
778	-0.4182098	0.6214985	0	0
779	-2.267803	0.4335143	0	0
780	1.206316	1.317184	0	0
781	0.5013026	-0.9621291	0	0
782	0.2333734	-0.1944224	0	0
783	-1.817481	0.9824801	0	0
784	1.034799	-0.15191	0	0
785	-1.246427	1.896283	0	0
786	0.5515666	-0.563652	0	0
787	0.4015045	-1.194439	0	0
788	-0.9188921	1.696859	0	0
789	-0.9732131	0.8331695	0	0
790	1.221466	0.05006776	0	0
791	0.08021501	-1.173788	0	0
792	-1.142725	-0.7184176	0	0
793	-1.349015	1.961316	0	0
794	-0.780878	-1.826827	0	0
795	0.7382076	-0.4079802	0	0
796	0.3425374	-0.8165171	0	0
797	-0.07972204	1.929986	0	0
798	0.9506714	-0.729652	0	0
799	0.162125	0.3821849	0	0
800	-1.614499	0.8262661	0	0
801	-0.7056511	0.8142897	0	0
802	0.5625628	-2.738515	0	0
803	1.129303	1.185253	0	0
804	-0.1793623	-0.2204933	0	0
805	-0.3415685	-0.01630584	0	0
806	-1.045575	-1.047874	0	0
807	0.4015748	-0.7287435	0	0
808	0.4594169	-0.4081306	0	0
809	0.5211696	-0.1727139	0	0
810	-0.1382181	0.733474	0	0
811	-0.231463	0.2967074	0	0
812	1.285371	0.6266023	0	0
813	-0.05040565	0.8738591	0	0
814	0.9158515	-0.2124933	0	0
815	-1.634471	0.2845008	0	0
816	0.3967911	-1.662785	0	0
817	0.4529395	-1.014761	0	0
818	1.510768	1.2366	0	0
819	0.5726132	1.3295	0	0
820	0.7742904	0.01827064	0	0
821	-0.1863659	-1.297125	0	0
822	-0.8102958	0.5762722	0	0
823	0.3472804	1.064732	0	0
824	0.738048	0.2073224	0	0
825	2.188998	0.453835	0	0
826	-0.362787	1.9189	0	0
827	0.3403501	-1.576971	0	0
828	0.2562555	-1.127751	0	0
829	0.004128384	-1.410198	0	0
830	-0.04205076	0.6390175	0	0
831	-1.753052	-0.2675843	0	0
832	1.128055	1.572541	0	0
833	0.8193126	-1.170058	0	0
834	1.331798	-0.3225118	0	0
835	0.8097556	1.394907	0	0
836	-0.1664768	-0.5379807	0	0
837	-0.4653026	0.1288766	0	0
838	-0.2244092	-0.002132881	0	0
839	1.26775	-0.1645561	0	0
840	-1.390402	0.6317497	0	0
841	0.1561988	-0.4360468	0	0
842	1.062918	0.4407968	0	0
843	-0.4780623	0.1201042	0	0
844	0.7550973	0.2386429	0	0
845	-0.5585245	0.6524696	0	0
846	1.784434	0.6462961	0	0
847	1.450556	-0.8255494	0	0
848	0.9088014	1.514612	0	0
849	-2.090566	2.149113	0	0
850	-0.917197	0.3063537	0	0
851	1.245533	-0.7311352	0	0
852	-0.5339576	0.650554	0	0
853	1.750518	-0.1229621	0	0
854	1.324956	-0.9798338	0	0
855	-0.148376	3.418984	0	0
856	-1.736359	-1.358405	0	0
857	-0.1788117	0.9712358	0	0
858	0.7501069	-2.624171	0	0
859	-0.8374021	-0.3838703	0	0
860	-0.6973389	0.733572	0	0
861	2.833554	-0.4360862	0	0
862	1.873699	0.06188529	0	0
863	0.3082703	0.1981379	0	0
864	-0.9617364	0.2416928	0	0
865	0.1020509	-2.764261	0	0
866	1.646664	-1.286502	0	0
867	0.4337987	1.431771	0	0
868	0.9845916	-0.8163108	0	0
869	1.839149	-0.5140627	0	0
870	0.6062739	-0.5515584	0	0
871	-0.8223749	1.554378	0	0
872	3.101865	0.2065588	0	0
873	-0.9898418	-2.343609	0	0
874	-1.240573	0.727274	0	0
875	1.216272	-0.5975666	0	0
876	0.08110664	-1.401799	0	0
877	-0.547393	1.168247	0	0
878	0.1931617	0.9743551	0	0
879	-1.858095	-0.9359078	0	0
880	-0.2659007	1.368554	0	0
881	0.689179	0.9096415	0	0
882	-0.2227243	-0.5345472	0	0
883	0.9930943	0.009737675	0	0
884	-0.0944271	1.491581	0	0
885	-0.01097334	0.1304215	0	0
886	0.4336309	0.9047479	0	0
887	2.839628	-0.2036991	0	0
888	-2.162855	-0.2410396	0	0
889	-1.74833	-0.2868259	0	0
890	0.2845047	-1.982095	0	0
891	-0.09137193	1.082326	0	0
892	0.4866581	-0.4739735	0	0
893	-1.272021	0.3414493	0	0
894	0.5349509	1.383794	0	0
895	0.0300113	0.6345465	0	0
896	0.0500443	-0.872196	0	0
897	0.7552782	-1.364281	0	0
898	2.773664	-0.6136344	0	0
899	0.8129453	0.9388536	0	0
900	-0.6770902	0.7760727	0	0
901	-0.714353	-0.0356847	0	0
902	0.3201293	0.4948806	0	0
903	0.9145704	-0.8242872	0	0
904	1.142568	-1.514902	0	0
905	0.10298	0.2955841	0	0
906	0.3195837	-0.5958315	0	0
907	0.5235221	-2.096886	0	0
908	0.2461239	0.1679884	0	0
909	-0.29572	-0.9031904	0	0
910	-1.583185	-1.155468	0	0
911	-0.1222265	1.23502	0	0
912	-1.239613	0.3897274	0	0
913	-0.5382952	0.07295605	0	0
914	0.3026612	1.533771	0	0
915	-0.4369074	-0.4210151	0	0
916	0.6063667	0.4747881	0	0
917	-0.5723247	0.4654698	0	0
918	-1.524165	-0.7061542	0	0
919	1.070969	-0.2936855	0	0
920	-0.1879209	1.0668	0	0
921	-0.4584093	-0.7273521	0	0
922	1.438926	0.7662797	0	0
923	-1.092242	0.2231332	0	0
924	0.6434847	-0.571683	0	0
925	1.483224	0.668401	0	0
926	-1.508764	-0.7585804	0	0
927	-0.1731149	-0.003518128	0	0
928	-0.6004617	0.6176686	0	0
929	1.874639	1.099509	0	0
930	-0.1499813	-0.3875882	0	0
931	0.1620534	0.7951511	0	0
932	0.8444331	-0.1291698	0	0
933	-1.36927	-0.09123951	0	0
934	-0.6087523	1.095052	0	0
935	-1.665157	0.2772718	0	0
936	1.109054	-1.342537	0	0
937	-1.00321	1.616241	0	0
938	-0.9891641	-2.324262	0	0
939	1.612705	-0.4850403	0	0
940	-0.7892573	-0.8803337	0	0
941	1.269909	-0.2785801	0	0
942	-0.01792105	0.8623929	0	0
943	0.04824413	-0.6925878	0	0
944	-0.4749639	-0.4821653	0	0
945	-0.9969523	-0.7615794	0	0
946	-2.063377	2.2152	0	0
947	1.111601	1.497562	0	0
948	0.8989894	0.6257466	0	0
949	-0.454393	0.6147983	0	0
950	0.1069641	-0.8343347	0	0
951	1.586042	-1.145788	0	0
952	0.3951764	-0.68057	0	0
953	-0.2495942	-0.3688081	0	0
954	-2.280376	-0.2368459	0	0
955	-0.3705726	-0.2201824	0	0
956	-1.458779	0.09687679	0	0
957	0.439233	1.505486	0	0
958	-0.5449915	-2.188589	0	0
959	-0.4692411	0.3097546	0	0
960	0.7079189	-0.7902187	0	0
961	-0.6705075	0.3570323	0	0
962	-1.38266	1.336581	0	0
963	-0.02331018	-1.10674	0	0
964	-1.024373	0.007758143	0	0
965	-0.4391298	-0.86564	0	0
966	-0.9092507	1.564656	0	0
967	-1.026563	-2.429743	0	0
968	-1.998742	-0.2246896	0	0
969	-0.6956855	2.066668	0	0
970	0.09919228	1.675518	0	0
971	0.01501087	0.403424	0	0
972	1.861175	-0.4175273	0	0
973	0.1924412	-0.4488158	0	0
974	0.5644417	-1.082711	0	0
975	-0.1579229	-0.6417589	0	0
976	-2.51594	-0.6992533	0	0
977	0.06211305	-0.4750607	0	0
978	1.185042	-1.233873	0	0
979	-1.362726	-0.1778739	0	0
980	-0.2391095	-0.564098	0	0
981	0.6853274	-1.197358	0	0
982	1.531896	-0.6424185	0	0
983	-1.560614	0.1271931	0	0
984	-0.3203877	-0.1122487	0	0
985	-0.9674466	0.2056484	0	0
986	0.5752199	-0.5432578	0	0
987	-1.668922	0.9953217	0	0
988	-0.002084976	-1.361764	0	0
989	0.1645265	0.606273	0	0
990	0.1190584	-0.6122366	0	0
991	-0.2905284	0.7621562	0	0
992	-0.1255417	-0.3603527	0	0
993	-0.4220687	-0.5120302	0	0
994	0.01529226	1.915639	0	0
995	0.6080335	-1.816003	0	0
996	0.09616523	2.350949	0	0
997	0.1559101	-0.5867399	0	0
998	-2.022563	0.05864114	0	0
999	1.195808	-2.150202	0	0
1000	-1.243888	0.3290766	0	0
