from	to	label	distance	angle
1	24	1	0.038733263	2.0049822
1	67	2	0.15138873	-1.4300716
2	55	3	0.19989578	1.3933593
2	248	4	0.19989578	-1.7482334
3	41	5	0.018779824	-2.326509
3	147	6	0.10897645	-1.8068296
3	260	7	0.087193745	1.6698091
3	352	8	0.087878985	-1.1878277
4	126	9	0.029680236	-1.6252649
4	150	10	0.071217916	1.7146411
4	389	11	0.072605077	-1.608589
4	421	12	0.051415491	1.7207015
5	42	13	0.046976433	-1.7239551
5	125	14	0.029683172	2.5182344
5	135	15	0.025341726	1.0839576
5	231	16	0.025341726	1.0839576
5	290	17	0.054950177	-0.084488611
5	416	18	0.025341726	1.0839576
6	80	19	0.03173767	1.8360728
7	278	20	0.013115384	1.1008559
7	332	21	0.013115384	-2.0407368
8	51	22	0.32164924	1.6968476
8	86	23	0.32156752	-1.4185736
8	101	24	0.11384903	-1.3758844
9	221	25	0.057122465	1.4682047
9	382	26	0.094550442	-1.9815895
10	236	27	0.1207428	-2.0740948
10	358	28	0.012672374	0.17224104
10	359	29	0.035333183	-2.5127294
11	224	30	0.022407746	2.5284613
11	343	31	0.022407746	-0.61313132
12	267	32	0.12255024	1.7460707
12	363	33	0.097921689	-1.4189722
13	341	34	0.059591174	-1.8549655
14	58	35	0.10634038	1.3018498
14	333	36	0.065598662	1.2600824
14	356	37	0.10634038	-1.8397429
15	150	38	0.039562059	-0.70352793
15	232	39	0.065197986	0.9440806
15	421	40	0.055817427	-0.94490298
15	438	41	0.032442037	-2.1001213
16	334	42	0.0066011589	3.0058274
16	394	43	0.06083876	0.77482333
17	352	44	0.055546396	-1.2869111
18	59	45	0.0038275173	0.72783132
18	272	46	0.018560558	2.671197
18	278	47	0.027987069	0.42104809
19	323	48	0.62602179	-0.7599698
19	391	49	0.59181243	2.4141428
20	32	50	0.029901801	0.97595133
21	312	51	0.1404943	0.66666456
21	390	52	0.057380513	-2.3666121
22	103	53	0.6226317	-0.74896352
22	328	54	0.2688761	2.4579645
23	136	55	0.074891844	1.6961654
23	396	56	0.025559953	-1.5652086
24	187	57	0.038733263	2.0049822
24	204	58	0.025341726	1.0839576
25	401	59	0.35190563	2.5730012
25	418	60	0.34957231	-0.83717513
26	84	61	0.07386432	1.2000442
26	395	62	0.07386432	-1.9415484
27	136	63	0.067903926	-0.87200189
27	177	64	0.074985144	-0.22872475
27	325	65	0.16629346	1.9351347
28	86	66	0.1505907	1.1560168
29	124	67	0.0764946	1.1750733
29	341	68	0.059591174	1.2866272
29	397	69	0.11083987	-1.8857776
30	138	70	0.58296558	-0.8054551
30	323	71	0.59838074	2.3908761
31	108	72	0.15073185	-1.3027368
31	203	73	0.18458245	1.5959335
31	266	74	0.11518583	1.9076844
31	377	75	0.025341726	1.0839576
32	396	76	0.029901801	0.97595133
33	98	77	0.078347461	-1.1854763
33	297	78	0.083302274	-1.3652808
34	373	79	0.0063854815	0.96849176
35	50	80	0.035875368	-1.2394398
35	370	81	0.01717033	-2.4774065
36	99	82	0.052806271	-1.2970231
37	425	83	0.037911901	-1.721214
38	148	84	0.031052708	-0.97041451
38	175	85	0.0053309417	-1.2225832
38	228	86	0.23413078	-1.1964627
38	363	87	0.304393	1.841036
39	339	88	0.020007616	-1.7199733
40	418	89	0.025341726	-2.057635
41	162	90	0.079190356	-0.97790986
41	210	91	0.070081018	2.0065398
42	432	92	0.13075486	-1.7391515
43	251	93	1.1212257	1.2639362
43	255	94	1.0990675	-1.8663015
43	392	95	0.025341726	1.0839576
44	209	96	0.027789274	-1.0716868
44	285	97	0.072707075	-1.3665572
44	387	98	0.027789274	-1.0716868
45	152	99	0.12255024	-1.3955219
45	349	100	0.1037399	1.8968216
46	193	101	0.024894817	0.74978585
46	261	102	0.21022463	0.62894603
46	406	103	0.11621222	-2.3878759
46	449	104	0.10103321	-2.368125
47	181	105	0.023901845	-0.35996335
48	83	106	0.077664618	-0.71062764
48	134	107	0.053146718	1.8360659
48	250	108	0.08433909	1.7324998
49	60	109	0.43145051	-1.5419635
49	292	110	0.23165679	1.3669399
49	331	111	0.23923711	1.6766227
49	385	112	0.24739482	1.5109189
50	72	113	0.032285058	2.0448514
50	109	114	0.036537023	3.1215519
50	347	115	0.054950177	-0.084488611
51	191	116	0.077579951	-2.2855868
51	198	117	0.14259027	1.894614
51	286	118	0.29928195	-1.4630427
51	311	119	0.6344871	1.3445766
51	345	120	0.14890524	-1.7561086
52	165	121	0.044889054	-2.5965693
52	180	122	0.07493837	1.0376706
52	259	123	0.025341726	1.0839576
52	310	124	0.10806072	2.4684518
52	334	125	0.26110008	2.5116446
52	401	126	0.17620556	-0.66281983
53	302	127	0.10167241	-1.8599268
54	164	128	0.20039319	1.203508
54	224	129	0.046057564	2.8016247
55	149	130	0.54229091	-1.5602126
55	202	131	0.55031559	1.5943509
55	355	132	0.3976499	-1.5874085
56	349	133	0.042957894	-1.6897044
57	131	134	0.033638575	1.7511737
57	283	135	0.033638575	-1.390419
58	333	136	0.040890766	-1.7727073
59	96	137	0.0038275173	0.72783132
60	201	138	0.87106377	-1.6968023
60	206	139	0.027172487	-0.14170692
60	395	140	0.21579218	1.2766877
61	99	141	0.048565526	1.5273596
61	173	142	0.093669371	3.1101347
61	354	143	0.20417946	-0.39355961
62	173	144	0.071702476	-1.8151625
63	76	145	0.10977151	1.754315
63	170	146	0.14021918	1.2673971
63	343	147	0.15275356	1.2070917
64	439	148	0.013115384	1.1008559
65	192	149	0.092022286	-1.9115767
65	197	150	0.20914899	-1.9292121
66	208	151	0.032475283	-0.65573543
66	423	152	0.032475283	2.4858572
67	285	153	0.072707075	1.7750355
67	349	154	0.20436802	-1.3345354
68	83	155	0.083768843	-1.0686817
68	220	156	0.077713861	1.7899733
68	239	157	0.056935517	1.6050527
68	348	158	2.2729512e-16	2.926235
69	75	159	0.10996908	-1.0974863
69	112	160	0.10996908	2.0441063
70	110	161	0.1476268	1.6747883
70	165	162	0.038277975	1.9816009
70	310	163	0.13992179	2.0249983
70	372	164	0.15163492	1.7405919
71	313	165	0.054196211	2.6148981
71	321	166	0.076122925	1.4288005
71	331	167	0.071053828	-0.87778861
72	133	168	0.054950177	-0.084488611
72	140	169	0.001881762	1.2956259
72	432	170	0.013738099	2.5462533
73	255	171	0.12070656	1.357911
74	83	172	0.13301511	2.443566
74	339	173	0.087047579	2.2955928
74	429	174	0.24117384	-0.51139444
75	244	175	0.025341726	1.0839576
75	296	176	0.025341726	1.0839576
75	378	177	0.10996908	-1.0974863
75	399	178	0.025341726	1.0839576
76	177	179	0.057099488	2.4347695
76	279	180	0.11049396	-1.09904
77	150	181	0.077864793	0.083859003
77	284	182	0.0072850367	1.9796989
77	307	183	0.074320863	-2.232231
77	436	184	0.038201095	-1.2160019
78	255	185	0.025341726	-2.057635
79	143	186	0.66895976	1.2550967
79	189	187	0.79031684	-1.8979054
79	301	188	0.5483745	1.268895
80	151	189	0.03173767	1.8360728
80	289	190	0.03173767	1.8360728
81	248	191	0.19989578	1.3933593
82	388	192	0.022871887	-2.4472042
82	415	193	0.022871887	0.69438844
83	88	194	0.056948603	1.7944599
83	243	195	0.1771712	-0.44639044
83	348	196	0.083768843	2.0729109
84	113	197	0.07386432	-1.9415484
85	350	198	0.093616436	-0.58972919
85	386	199	0.13593044	-3.118397
85	428	200	0.029537147	0.33921019
86	269	201	0.32598851	-1.9180014
86	286	202	0.34415523	1.7372205
87	220	203	0.028370879	-1.1208844
87	263	204	0.047056037	1.576881
88	241	205	0.039125292	2.6148015
88	417	206	0.092658091	1.8610593
89	280	207	0.019019232	1.6820384
89	372	208	0.032875699	-0.97188122
90	139	209	0.14520512	1.3228796
90	274	210	0.18745751	0.55431092
90	304	211	0.035962712	2.673994
90	400	212	0.099387055	-2.8767586
91	171	213	0.071942699	-2.2683609
91	242	214	0.12661448	-1.1831535
91	373	215	0.0063854815	-2.1731009
92	340	216	0.01641912	2.9581646
93	184	217	0.03872068	-2.1724366
93	260	218	0.03872068	0.96915605
94	159	219	0.040270139	2.2310475
94	277	220	0.040270139	-0.91054516
95	137	221	0.16643491	-1.4150247
95	153	222	0.025341726	1.0839576
95	200	223	0.14974271	-1.329644
95	245	224	0.066935156	2.5644923
95	327	225	0.026308629	-3.1378599
95	356	226	0.10634038	1.3018498
96	426	227	0.0038275173	0.72783132
97	242	228	0.094390391	1.8924803
97	266	229	0.11384903	-1.3758844
97	345	230	0.082858698	1.1554312
98	213	231	0.15202751	0.99264458
98	343	232	0.05486604	-2.2002613
98	446	233	0.13784398	1.032814
99	261	234	0.18694765	2.9034437
99	354	235	0.22550068	-0.59726685
100	157	236	0.041145215	-1.5014079
100	205	237	0.11240081	2.2323754
100	232	238	0.011375784	2.2508456
101	108	239	0.15885108	-1.7180755
102	198	240	0.20464524	0.71611723
102	434	241	0.1603527	-2.6321767
103	230	242	0.34283141	-0.71114357
104	149	243	0.29139412	1.9005023
104	154	244	0.18876979	-2.494178
104	287	245	0.065674563	-1.4449088
104	355	246	0.43369182	1.8193473
105	414	247	0.105373	2.07085
105	437	248	0.02466799	-2.1364752
106	262	249	0.067603223	1.826007
106	369	250	0.070617686	-2.1661918
107	223	251	0.025341726	1.0839576
107	258	252	0.6537119	-0.76843984
107	328	253	0.12564688	2.6745001
107	336	254	0.4141967	2.3895851
108	448	255	0.020124206	0.042066805
109	186	256	0.01717033	-2.4774065
109	425	257	0.035510849	1.8902978
110	176	258	0.092230753	1.9934077
110	374	259	0.079708057	1.6642547
111	238	260	0.019281315	-1.3096002
112	129	261	0.49259047	1.5169007
112	308	262	0.20851842	0.67567748
113	395	263	0.07386432	-1.9415484
114	290	264	0.049930586	-2.6566626
114	393	265	0.10143715	-1.5743127
114	420	266	0.19006785	1.1471634
115	183	267	0.015697688	-2.1720666
115	188	268	0.10547391	1.3634518
115	312	269	0.085888688	-2.5816936
116	187	270	0.038733263	-1.1366105
117	358	271	0.17416692	-2.0694719
117	384	272	0.064253693	-2.3909672
117	400	273	0.11608471	0.85104157
118	306	274	0.029833784	-2.9242572
118	320	275	0.01800998	-0.25806569
119	246	276	0.41471318	-0.68375005
119	386	277	0.12179092	2.5342395
120	141	278	0.078134764	-2.1590589
121	176	279	0.042820573	-2.7476743
121	177	280	0.040790204	0.90255594
121	374	281	0.023082856	-1.978469
122	221	282	0.30220339	-1.8179845
122	245	283	0.055556048	0.052371491
122	306	284	0.038545777	0.69015847
122	435	285	0.22056668	-1.9016114
123	402	286	0.48888218	-0.70978828
123	429	287	0.36443752	2.534689
125	424	288	0.057003632	2.2248311
125	433	289	0.025341726	1.0839576
126	389	290	0.04293182	-1.5970607
126	440	291	0.058169223	-2.8268893
127	155	292	0.17414214	2.2794032
127	351	293	0.14407612	1.0929493
127	447	294	0.14407612	1.0929493
128	220	295	0.052371222	-1.1894917
128	239	296	0.075832247	-1.0994258
128	250	297	0.064134858	-1.5043616
128	316	298	0.036792814	-1.8596456
128	367	299	0.015383672	2.6991602
128	383	300	0.055546089	2.2121067
128	393	301	0.074336862	1.6208018
129	156	302	0.332853	1.7303607
129	253	303	0.048549046	-0.38445178
130	194	304	0.031026046	3.014007
130	297	305	0.031026046	-0.12758568
131	163	306	0.017196709	-0.32149207
131	171	307	0.060327243	3.1328942
131	215	308	0.026630203	-1.3511968
131	242	309	0.070202142	-1.0693002
132	350	310	0.061713585	-2.784058
133	316	311	0.054950177	-0.084488611
134	250	312	0.031953067	1.5596898
137	200	313	0.021452278	1.0889832
137	292	314	0.29479863	-1.716699
138	276	315	0.44083137	-0.81739121
138	361	316	0.31768892	-1.0017534
139	274	317	0.13072065	-0.32787241
139	303	318	0.18328121	0.76126651
140	432	319	0.013266645	2.6812969
141	268	320	0.96690967	-1.8923851
141	299	321	1.0990675	1.2752912
141	388	322	0.022871887	0.69438844
142	403	323	0.090333674	-1.9153874
143	301	324	0.12087451	-1.949134
143	382	325	0.29571222	1.2544244
143	397	326	0.30220339	1.3236082
144	247	327	0.20763644	-1.9269877
144	408	328	0.10852915	1.1338589
145	205	329	0.090920249	-0.52823412
145	325	330	0.11481538	-0.39091991
146	166	331	0.063109631	1.8788647
146	378	332	0.10996908	2.0441063
147	263	333	0.043217157	-1.0793175
147	367	334	0.055509501	-1.5774891
147	383	335	0.026406233	-2.4128463
149	172	336	0.26037405	-1.4545382
149	355	337	0.14519127	1.6559241
150	157	338	0.03375659	1.0057423
151	282	339	0.03173767	1.8360728
152	349	340	0.22565206	1.8151688
152	363	341	0.22565206	-1.3264239
152	398	342	0.059614655	1.5955755
153	327	343	0.044300762	-2.6089712
154	381	344	0.48915738	1.6603851
155	329	345	0.25056137	1.6607149
156	226	346	0.2012577	1.1212352
156	257	347	0.24975118	1.4870905
156	276	348	0.30964806	2.1639981
157	182	349	0.057920324	1.2637219
158	168	350	0.38036208	-0.78048409
158	274	351	0.17241413	-2.9796173
158	303	352	0.21400325	2.4239826
159	265	353	0.093972853	-0.15417368
159	381	354	0.59446487	-1.4757499
159	404	355	0.29139412	1.9005023
160	318	356	0.045665378	1.6254732
160	431	357	0.070829542	1.8109497
161	342	358	0.14602264	-1.7229088
161	362	359	0.041047825	2.4206918
161	424	360	0.098175698	1.8700895
162	262	361	0.057421564	-1.5228531
164	235	362	0.022407746	-0.61313132
165	396	363	0.10968429	1.5059623
166	378	364	0.04883519	2.2583117
167	174	365	0.063887218	1.6755963
167	364	366	0.063887218	-1.4659963
168	207	367	0.057758566	2.2846453
168	336	368	0.45329144	-0.62697619
168	340	369	0.01641912	-0.18342809
168	350	370	0.078519946	2.3802736
169	318	371	0.070829542	-1.330643
169	335	372	0.027279787	2.1247797
169	431	373	0.045665378	-1.5161195
170	279	374	0.12486195	-1.6647244
170	297	375	0.05486604	0.94133136
171	172	376	0.17852138	1.7471305
173	305	377	0.089828423	2.6455445
174	227	378	0.063887218	1.6755963
174	360	379	0.025341726	1.0839576
175	407	380	0.0053309417	-1.2225832
176	280	381	0.036098509	-1.3789254
176	372	382	0.086015548	-1.2450202
177	437	383	0.024882592	0.98109842
178	215	384	0.070202142	2.0722925
178	242	385	0.026630203	1.7903959
179	277	386	0.040270139	2.2310475
179	441	387	0.040270139	-0.91054516
181	326	388	0.023901845	-0.35996335
182	380	389	0.11705454	1.9198866
183	188	390	0.1201205	1.3132725
183	312	391	0.071762526	-2.6689231
185	384	392	0.025341726	-2.057635
186	342	393	0.046045948	1.547933
188	247	394	0.10728907	-0.63908349
188	366	395	0.1600822	-0.067779024
189	251	396	0.79031684	-1.8979054
190	222	397	0.096932693	0.4441821
190	445	398	0.18056896	-2.0246995
191	242	399	0.08408054	-2.0647596
192	197	400	0.11715226	-1.9430642
194	353	401	0.031026046	3.014007
195	306	402	0.038545777	-2.4514342
196	236	403	0.04483767	-0.79241694
197	201	404	0.9434409	1.3592377
197	299	405	1.0264836	-1.8688063
198	311	406	0.51831528	1.2002746
199	281	407	0.16701915	-1.8601046
199	376	408	0.10167241	1.2816659
199	403	409	0.090333674	1.2262053
200	385	410	0.30273188	-1.8550345
202	255	411	0.86196595	1.2741574
202	404	412	0.26467506	-2.6398435
203	266	413	0.082858698	-1.9861615
203	345	414	0.11384903	1.7657083
205	380	415	0.060798238	0.62295937
207	350	416	0.021736528	2.6367951
209	285	417	0.046818983	-1.5399185
210	219	418	0.097558469	0.77995098
210	233	419	0.027750277	-2.3351303
211	235	420	0.025341726	-2.057635
212	302	421	0.10167241	1.2816659
212	376	422	0.10167241	-1.8599268
213	235	423	0.022407746	2.5284613
213	449	424	0.091778058	0.64468232
214	227	425	0.063887218	1.6755963
214	295	426	0.063887218	1.6755963
214	412	427	0.063887218	-1.4659963
216	271	428	0.025341726	1.0839576
216	304	429	0.1377472	0.8986548
216	326	430	0.11124588	-2.5437983
216	413	431	0.025341726	1.0839576
216	445	432	0.14263931	1.3060799
217	253	433	0.048549046	2.7571409
218	405	434	0.02081521	-1.8608434
219	234	435	0.07747055	0.78450256
219	380	436	0.078356886	-1.1886194
220	239	437	0.024137391	-0.90301224
220	348	438	0.077713861	-1.3516194
220	367	439	0.064510577	2.1148533
221	313	440	0.10381368	-1.531618
221	382	441	0.14998564	-1.8658009
222	303	442	0.083944825	0.20594824
222	410	443	0.043777377	-0.81079465
225	234	444	0.072089382	-2.0652285
225	319	445	0.082809574	1.7214136
225	359	446	0.074952019	2.6383456
225	423	447	0.078561632	-1.6824886
226	257	448	0.094893591	2.348467
227	365	449	0.063887218	1.6755963
228	303	450	0.23413078	-1.1964627
229	336	451	0.028309452	-1.6440984
230	272	452	0.10532956	-0.65127861
233	260	453	0.077814991	0.82073825
234	380	454	0.12998189	-1.7690937
234	423	455	0.029350482	-0.52128037
236	260	456	0.10519691	-1.8524047
237	329	457	0.21665615	1.5539966
237	365	458	0.21665615	-1.587596
238	425	459	0.019281315	-1.3096002
240	319	460	0.17455777	-1.9433596
241	322	461	0.084302912	2.099296
243	429	462	0.19841049	-0.69481973
244	293	463	0.10996908	-1.0974863
245	320	464	0.031353142	0.84585267
245	327	465	0.047202681	-0.88791242
246	354	466	0.10552829	-1.7062655
246	442	467	0.31017135	-0.78977726
249	340	468	0.09698684	-0.69679076
249	419	469	0.062825316	2.1128746
250	316	470	0.032285058	2.0448514
250	347	471	0.054950177	3.057104
252	329	472	0.18466703	-1.5680989
252	381	473	0.18466703	1.5734938
254	375	474	0.084234941	2.5437083
254	402	475	0.038168677	-0.76378205
254	422	476	0.01084715	0.3490977
256	275	477	0.048644364	2.7742059
256	389	478	0.18631787	2.4977125
256	452	479	0.35400057	-0.64857371
257	276	480	0.19413985	3.1010462
257	434	481	0.19534945	0.86740067
258	272	482	0.56437709	-0.71605022
262	352	483	0.055200181	1.5940324
263	352	484	0.073144693	1.0256825
263	417	485	0.083423423	-1.1941017
264	390	486	0.025341726	-2.057635
266	294	487	0.091192307	-1.4188884
267	398	488	0.064234282	1.8856689
268	311	489	0.79031684	-1.8979054
269	430	490	0.21935629	-2.2559526
270	436	491	0.056550595	1.4074232
270	440	492	0.033428668	-0.64071219
272	288	493	0.56817123	-0.69243033
272	357	494	0.28177206	-0.64839463
273	428	495	0.060731324	-1.3158856
275	389	496	0.14015159	2.4028218
275	401	497	0.17877596	-0.62161203
276	361	498	0.14110535	2.7496522
280	372	499	0.050470812	-1.1493866
281	395	500	0.16701915	-1.8601046
281	451	501	0.090333674	1.2262053
282	289	502	0.03173767	-1.3055198
282	368	503	0.025341726	1.0839576
282	430	504	0.03173767	1.8360728
282	444	505	0.010895279	-0.38729934
283	315	506	0.033638575	-1.390419
284	322	507	0.070289119	-1.6320208
285	387	508	0.046818983	1.6016742
287	351	509	0.18466703	-1.5680989
287	447	510	0.18466703	-1.5680989
288	324	511	0.56817123	-0.69243033
288	357	512	0.28694056	2.4059203
289	444	513	0.026571306	1.5042305
291	361	514	0.025341726	-2.057635
292	385	515	0.037864014	2.582256
293	378	516	0.025341726	-2.057635
295	365	517	0.063887218	1.6755963
297	446	518	0.15202751	0.99264458
298	422	519	0.31063043	-0.7892235
298	450	520	0.015217913	0.26808431
298	452	521	0.38663961	2.5088554
300	330	522	0.05102991	2.1086711
301	379	523	0.3139655	1.3184249
304	337	524	0.088270674	-2.4881362
304	445	525	0.056925976	2.5889028
305	366	526	0.14390405	3.0914116
307	369	527	0.088121853	-0.56877326
308	430	528	0.14688911	0.36166125
309	397	529	0.083864392	-2.1155915
313	379	530	0.16700613	-2.2578567
313	382	531	0.062085583	-2.446306
314	379	532	0.063836468	-1.6735668
317	394	533	0.022860333	-2.6419497
317	438	534	0.033533163	2.3332873
319	359	535	0.070175666	-2.4319329
319	384	536	0.089669481	1.298271
324	404	537	0.36443752	-0.6069037
325	390	538	0.15045	-0.39767288
326	420	539	0.23883505	-1.8877258
328	338	540	0.072607014	2.6561603
330	361	541	0.05102991	2.1086711
331	385	542	0.041084647	0.22216667
332	439	543	0.013115384	-2.0407368
334	389	544	0.1193825	-0.5633884
334	394	545	0.065096275	0.69464033
335	361	546	0.070829542	1.8109497
335	431	547	0.070829542	-1.330643
337	400	548	0.013042172	1.0696382
338	442	549	0.1242288	3.0630615
339	389	550	0.10369135	1.9762569
339	409	551	0.025341726	1.0839576
342	370	552	0.027048866	-0.49471481
344	386	553	0.025341726	-2.057635
346	356	554	0.025341726	-2.057635
350	428	555	0.079533414	2.2498216
354	442	556	0.25980877	-0.46163097
358	359	557	0.047040256	-2.6317915
359	384	558	0.15307689	1.0409139
362	424	559	0.066743951	1.5424904
364	412	560	0.063887218	1.6755963
369	417	561	0.041392603	1.22534
371	412	562	0.025341726	-2.057635
375	402	563	0.12204246	-0.64955404
375	418	564	0.13209854	2.4574109
381	427	565	0.025341726	1.0839576
386	405	566	0.02081521	1.2807493
386	408	567	0.083862932	-2.2539763
389	411	568	0.025341726	1.0839576
390	414	569	0.035884109	2.5550302
391	402	570	0.56817123	2.4491623
394	438	571	0.035337013	1.6585351
397	435	572	0.22521062	1.2828021
403	451	573	0.16701915	-1.8601046
405	443	574	0.025341726	1.0839576
406	446	575	0.091778058	-2.4969103
419	428	576	0.01641912	2.9581646
421	438	577	0.052018628	2.8038989
436	440	578	0.077797305	-1.3425791
24	1	579	0.038733263	-1.1366105
67	1	580	0.15138873	1.7115211
55	2	581	0.19989578	-1.7482334
248	2	582	0.19989578	1.3933593
41	3	583	0.018779824	0.81508368
147	3	584	0.10897645	1.334763
260	3	585	0.087193745	-1.4717836
352	3	586	0.087878985	1.9537649
126	4	587	0.029680236	1.5163277
150	4	588	0.071217916	-1.4269515
389	4	589	0.072605077	1.5330036
421	4	590	0.051415491	-1.4208911
42	5	591	0.046976433	1.4176375
125	5	592	0.029683172	-0.62335821
135	5	593	0.025341726	-2.057635
231	5	594	0.025341726	-2.057635
290	5	595	0.054950177	3.057104
416	5	596	0.025341726	-2.057635
80	6	597	0.03173767	-1.3055198
278	7	598	0.013115384	-2.0407368
332	7	599	0.013115384	1.1008559
51	8	600	0.32164924	-1.4447451
86	8	601	0.32156752	1.723019
101	8	602	0.11384903	1.7657083
221	9	603	0.057122465	-1.6733879
382	9	604	0.094550442	1.1600032
236	10	605	0.1207428	1.0674979
358	10	606	0.012672374	-2.9693516
359	10	607	0.035333183	0.62886329
224	11	608	0.022407746	-0.61313132
343	11	609	0.022407746	2.5284613
267	12	610	0.12255024	-1.3955219
363	12	611	0.097921689	1.7226205
341	13	612	0.059591174	1.2866272
58	14	613	0.10634038	-1.8397429
333	14	614	0.065598662	-1.8815103
356	14	615	0.10634038	1.3018498
150	15	616	0.039562059	2.4380647
232	15	617	0.065197986	-2.1975121
421	15	618	0.055817427	2.1966897
438	15	619	0.032442037	1.0414714
334	16	620	0.0066011589	-0.13576528
394	16	621	0.06083876	-2.3667693
352	17	622	0.055546396	1.8546815
59	18	623	0.0038275173	-2.4137613
272	18	624	0.018560558	-0.47039564
278	18	625	0.027987069	-2.7205446
323	19	626	0.62602179	2.3816229
391	19	627	0.59181243	-0.72744981
32	20	628	0.029901801	-2.1656413
312	21	629	0.1404943	-2.4749281
390	21	630	0.057380513	0.77498052
103	22	631	0.6226317	2.3926291
328	22	632	0.2688761	-0.68362813
136	23	633	0.074891844	-1.4454272
396	23	634	0.025559953	1.5763841
187	24	635	0.038733263	-1.1366105
204	24	636	0.025341726	-2.057635
401	25	637	0.35190563	-0.56859146
418	25	638	0.34957231	2.3044175
84	26	639	0.07386432	-1.9415484
395	26	640	0.07386432	1.2000442
136	27	641	0.067903926	2.2695908
177	27	642	0.074985144	2.9128679
325	27	643	0.16629346	-1.2064579
86	28	644	0.1505907	-1.9855759
124	29	645	0.0764946	-1.9665193
341	29	646	0.059591174	-1.8549655
397	29	647	0.11083987	1.255815
138	30	648	0.58296558	2.3361375
323	30	649	0.59838074	-0.75071653
108	31	650	0.15073185	1.8388559
203	31	651	0.18458245	-1.5456592
266	31	652	0.11518583	-1.2339083
377	31	653	0.025341726	-2.057635
396	32	654	0.029901801	-2.1656413
98	33	655	0.078347461	1.9561163
297	33	656	0.083302274	1.7763119
373	34	657	0.0063854815	-2.1731009
50	35	658	0.035875368	1.9021529
370	35	659	0.01717033	0.66418616
99	36	660	0.052806271	1.8445696
425	37	661	0.037911901	1.4203786
148	38	662	0.031052708	2.1711781
175	38	663	0.0053309417	1.9190095
228	38	664	0.23413078	1.9451299
363	38	665	0.304393	-1.3005566
339	39	666	0.020007616	1.4216193
418	40	667	0.025341726	1.0839576
162	41	668	0.079190356	2.1636828
210	41	669	0.070081018	-1.1350528
432	42	670	0.13075486	1.4024412
251	43	671	1.1212257	-1.8776564
255	43	672	1.0990675	1.2752912
392	43	673	0.025341726	-2.057635
209	44	674	0.027789274	2.0699059
285	44	675	0.072707075	1.7750355
387	44	676	0.027789274	2.0699059
152	45	677	0.12255024	1.7460707
349	45	678	0.1037399	-1.2447711
193	46	679	0.024894817	-2.3918068
261	46	680	0.21022463	-2.5126466
406	46	681	0.11621222	0.75371676
449	46	682	0.10103321	0.7734677
181	47	683	0.023901845	2.7816293
83	48	684	0.077664618	2.430965
134	48	685	0.053146718	-1.3055267
250	48	686	0.08433909	-1.4090929
60	49	687	0.43145051	1.5996291
292	49	688	0.23165679	-1.7746528
331	49	689	0.23923711	-1.4649699
385	49	690	0.24739482	-1.6306737
72	50	691	0.032285058	-1.0967413
109	50	692	0.036537023	-0.020040774
347	50	693	0.054950177	3.057104
191	51	694	0.077579951	0.85600586
198	51	695	0.14259027	-1.2469787
286	51	696	0.29928195	1.6785499
311	51	697	0.6344871	-1.797016
345	51	698	0.14890524	1.3854841
165	52	699	0.044889054	0.54502331
180	52	700	0.07493837	-2.103922
259	52	701	0.025341726	-2.057635
310	52	702	0.10806072	-0.67314089
334	52	703	0.26110008	-0.62994805
401	52	704	0.17620556	2.4787728
302	53	705	0.10167241	1.2816659
164	54	706	0.20039319	-1.9380846
224	54	707	0.046057564	-0.33996791
149	55	708	0.54229091	1.58138
202	55	709	0.55031559	-1.5472417
355	55	710	0.3976499	1.5541841
349	56	711	0.042957894	1.4518882
131	57	712	0.033638575	-1.390419
283	57	713	0.033638575	1.7511737
333	58	714	0.040890766	1.3688854
96	59	715	0.0038275173	-2.4137613
201	60	716	0.87106377	1.4447904
206	60	717	0.027172487	2.9998857
395	60	718	0.21579218	-1.8649049
99	61	719	0.048565526	-1.614233
173	61	720	0.093669371	-0.03145799
354	61	721	0.20417946	2.748033
173	62	722	0.071702476	1.3264301
76	63	723	0.10977151	-1.3872776
170	63	724	0.14021918	-1.8741955
343	63	725	0.15275356	-1.934501
439	64	726	0.013115384	-2.0407368
192	65	727	0.092022286	1.2300159
197	65	728	0.20914899	1.2123806
208	66	729	0.032475283	2.4858572
423	66	730	0.032475283	-0.65573543
285	67	731	0.072707075	-1.3665572
349	67	732	0.20436802	1.8070573
83	68	733	0.083768843	2.0729109
220	68	734	0.077713861	-1.3516194
239	68	735	0.056935517	-1.53654
348	68	736	2.2729512e-16	-0.2153577
75	69	737	0.10996908	2.0441063
112	69	738	0.10996908	-1.0974863
110	70	739	0.1476268	-1.4668044
165	70	740	0.038277975	-1.1599917
310	70	741	0.13992179	-1.1165944
372	70	742	0.15163492	-1.4010008
313	71	743	0.054196211	-0.52669458
321	71	744	0.076122925	-1.7127922
331	71	745	0.071053828	2.263804
133	72	746	0.054950177	3.057104
140	72	747	0.001881762	-1.8459667
432	72	748	0.013738099	-0.59533935
255	73	749	0.12070656	-1.7836817
83	74	750	0.13301511	-0.69802666
339	74	751	0.087047579	-0.84599988
429	74	752	0.24117384	2.6301982
244	75	753	0.025341726	-2.057635
296	75	754	0.025341726	-2.057635
378	75	755	0.10996908	2.0441063
399	75	756	0.025341726	-2.057635
177	76	757	0.057099488	-0.70682313
279	76	758	0.11049396	2.0425526
150	77	759	0.077864793	-3.0577337
284	77	760	0.0072850367	-1.1618938
307	77	761	0.074320863	0.90936168
436	77	762	0.038201095	1.9255908
255	78	763	0.025341726	1.0839576
143	79	764	0.66895976	-1.8864959
189	79	765	0.79031684	1.2436873
301	79	766	0.5483745	-1.8726976
151	80	767	0.03173767	-1.3055198
289	80	768	0.03173767	-1.3055198
248	81	769	0.19989578	-1.7482334
388	82	770	0.022871887	0.69438844
415	82	771	0.022871887	-2.4472042
88	83	772	0.056948603	-1.3471327
243	83	773	0.1771712	2.6952022
348	83	774	0.083768843	-1.0686817
113	84	775	0.07386432	1.2000442
350	85	776	0.093616436	2.5518635
386	85	777	0.13593044	0.023195613
428	85	778	0.029537147	-2.8023825
269	86	779	0.32598851	1.2235912
286	86	780	0.34415523	-1.4043721
220	87	781	0.028370879	2.0207082
263	87	782	0.047056037	-1.5647116
241	88	783	0.039125292	-0.52679117
417	88	784	0.092658091	-1.2805333
280	89	785	0.019019232	-1.4595542
372	89	786	0.032875699	2.1697114
139	90	787	0.14520512	-1.818713
274	90	788	0.18745751	-2.5872817
304	90	789	0.035962712	-0.46759863
400	90	790	0.099387055	0.26483404
171	91	791	0.071942699	0.87323175
242	91	792	0.12661448	1.9584392
373	91	793	0.0063854815	0.96849176
340	92	794	0.01641912	-0.18342809
184	93	795	0.03872068	0.96915605
260	93	796	0.03872068	-2.1724366
159	94	797	0.040270139	-0.91054516
277	94	798	0.040270139	2.2310475
137	95	799	0.16643491	1.726568
153	95	800	0.025341726	-2.057635
200	95	801	0.14974271	1.8119487
245	95	802	0.066935156	-0.57710033
327	95	803	0.026308629	0.0037327694
356	95	804	0.10634038	-1.8397429
426	96	805	0.0038275173	-2.4137613
242	97	806	0.094390391	-1.2491124
266	97	807	0.11384903	1.7657083
345	97	808	0.082858698	-1.9861615
213	98	809	0.15202751	-2.1489481
343	98	810	0.05486604	0.94133136
446	98	811	0.13784398	-2.1087786
261	99	812	0.18694765	-0.23814897
354	99	813	0.22550068	2.5443258
157	100	814	0.041145215	1.6401847
205	100	815	0.11240081	-0.90921723
232	100	816	0.011375784	-0.89074705
108	101	817	0.15885108	1.4235172
198	102	818	0.20464524	-2.4254754
434	102	819	0.1603527	0.50941598
230	103	820	0.34283141	2.4304491
149	104	821	0.29139412	-1.2410903
154	104	822	0.18876979	0.64741467
287	104	823	0.065674563	1.6966838
355	104	824	0.43369182	-1.3222454
414	105	825	0.105373	-1.0707427
437	105	826	0.02466799	1.0051175
262	106	827	0.067603223	-1.3155856
369	106	828	0.070617686	0.97540082
223	107	829	0.025341726	-2.057635
258	107	830	0.6537119	2.3731528
328	107	831	0.12564688	-0.46709254
336	107	832	0.4141967	-0.75200756
448	108	833	0.020124206	-3.0995258
186	109	834	0.01717033	0.66418616
425	109	835	0.035510849	-1.2512948
176	110	836	0.092230753	-1.148185
374	110	837	0.079708057	-1.477338
238	111	838	0.019281315	1.8319924
129	112	839	0.49259047	-1.624692
308	112	840	0.20851842	-2.4659152
395	113	841	0.07386432	1.2000442
290	114	842	0.049930586	0.48493002
393	114	843	0.10143715	1.56728
420	114	844	0.19006785	-1.9944292
183	115	845	0.015697688	0.96952606
188	115	846	0.10547391	-1.7781408
312	115	847	0.085888688	0.55989905
187	116	848	0.038733263	2.0049822
358	117	849	0.17416692	1.0721207
384	117	850	0.064253693	0.75062546
400	117	851	0.11608471	-2.2905511
306	118	852	0.029833784	0.21733541
320	118	853	0.01800998	2.883527
246	119	854	0.41471318	2.4578426
386	119	855	0.12179092	-0.60735319
141	120	856	0.078134764	0.98253379
176	121	857	0.042820573	0.39391831
177	121	858	0.040790204	-2.2390367
374	121	859	0.023082856	1.1631237
221	122	860	0.30220339	1.3236082
245	122	861	0.055556048	-3.0892212
306	122	862	0.038545777	-2.4514342
435	122	863	0.22056668	1.2399813
402	123	864	0.48888218	2.4318044
429	123	865	0.36443752	-0.6069037
424	125	866	0.057003632	-0.91676151
433	125	867	0.025341726	-2.057635
389	126	868	0.04293182	1.5445319
440	126	869	0.058169223	0.31470338
155	127	870	0.17414214	-0.86218944
351	127	871	0.14407612	-2.0486434
447	127	872	0.14407612	-2.0486434
220	128	873	0.052371222	1.9521009
239	128	874	0.075832247	2.0421668
250	128	875	0.064134858	1.6372311
316	128	876	0.036792814	1.281947
367	128	877	0.015383672	-0.4424325
383	128	878	0.055546089	-0.92948593
393	128	879	0.074336862	-1.5207908
156	129	880	0.332853	-1.4112319
253	129	881	0.048549046	2.7571409
194	130	882	0.031026046	-0.12758568
297	130	883	0.031026046	3.014007
163	131	884	0.017196709	2.8201006
171	131	885	0.060327243	-0.0086984975
215	131	886	0.026630203	1.7903959
242	131	887	0.070202142	2.0722925
350	132	888	0.061713585	0.35753463
316	133	889	0.054950177	3.057104
250	134	890	0.031953067	-1.5819029
200	137	891	0.021452278	-2.0526095
292	137	892	0.29479863	1.4248936
276	138	893	0.44083137	2.3242014
361	138	894	0.31768892	2.1398392
274	139	895	0.13072065	2.8137202
303	139	896	0.18328121	-2.3803261
432	140	897	0.013266645	-0.46029574
268	141	898	0.96690967	1.2492075
299	141	899	1.0990675	-1.8663015
388	141	900	0.022871887	-2.4472042
403	142	901	0.090333674	1.2262053
301	143	902	0.12087451	1.1924587
382	143	903	0.29571222	-1.8871683
397	143	904	0.30220339	-1.8179845
247	144	905	0.20763644	1.2146049
408	144	906	0.10852915	-2.0077338
205	145	907	0.090920249	2.6133585
325	145	908	0.11481538	2.7506727
166	146	909	0.063109631	-1.2627279
378	146	910	0.10996908	-1.0974863
263	147	911	0.043217157	2.0622752
367	147	912	0.055509501	1.5641036
383	147	913	0.026406233	0.72874632
172	149	914	0.26037405	1.6870545
355	149	915	0.14519127	-1.4856686
157	150	916	0.03375659	-2.1358504
282	151	917	0.03173767	-1.3055198
349	152	918	0.22565206	-1.3264239
363	152	919	0.22565206	1.8151688
398	152	920	0.059614655	-1.5460171
327	153	921	0.044300762	0.5326214
381	154	922	0.48915738	-1.4812076
329	155	923	0.25056137	-1.4808777
226	156	924	0.2012577	-2.0203575
257	156	925	0.24975118	-1.6545022
276	156	926	0.30964806	-0.97759451
182	157	927	0.057920324	-1.8778707
168	158	928	0.38036208	2.3611086
274	158	929	0.17241413	0.16197531
303	158	930	0.21400325	-0.71761001
265	159	931	0.093972853	2.987419
381	159	932	0.59446487	1.6658427
404	159	933	0.29139412	-1.2410903
318	160	934	0.045665378	-1.5161195
431	160	935	0.070829542	-1.330643
342	161	936	0.14602264	1.4186839
362	161	937	0.041047825	-0.72090089
424	161	938	0.098175698	-1.2715032
262	162	939	0.057421564	1.6187395
235	164	940	0.022407746	2.5284613
396	165	941	0.10968429	-1.6356303
378	166	942	0.04883519	-0.88328099
174	167	943	0.063887218	-1.4659963
364	167	944	0.063887218	1.6755963
207	168	945	0.057758566	-0.85694732
336	168	946	0.45329144	2.5146165
340	168	947	0.01641912	2.9581646
350	168	948	0.078519946	-0.76131908
318	169	949	0.070829542	1.8109497
335	169	950	0.027279787	-1.016813
431	169	951	0.045665378	1.6254732
279	170	952	0.12486195	1.4768683
297	170	953	0.05486604	-2.2002613
172	171	954	0.17852138	-1.3944621
305	173	955	0.089828423	-0.49604816
227	174	956	0.063887218	-1.4659963
360	174	957	0.025341726	-2.057635
407	175	958	0.0053309417	1.9190095
280	176	959	0.036098509	1.7626672
372	176	960	0.086015548	1.8965725
437	177	961	0.024882592	-2.1604942
215	178	962	0.070202142	-1.0693002
242	178	963	0.026630203	-1.3511968
277	179	964	0.040270139	-0.91054516
441	179	965	0.040270139	2.2310475
326	181	966	0.023901845	2.7816293
380	182	967	0.11705454	-1.221706
188	183	968	0.1201205	-1.8283201
312	183	969	0.071762526	0.47266954
384	185	970	0.025341726	1.0839576
342	186	971	0.046045948	-1.5936597
247	188	972	0.10728907	2.5025092
366	188	973	0.1600822	3.0738136
251	189	974	0.79031684	1.2436873
222	190	975	0.096932693	-2.6974106
445	190	976	0.18056896	1.1168931
242	191	977	0.08408054	1.076833
197	192	978	0.11715226	1.1985284
353	194	979	0.031026046	-0.12758568
306	195	980	0.038545777	0.69015847
236	196	981	0.04483767	2.3491757
201	197	982	0.9434409	-1.782355
299	197	983	1.0264836	1.2727864
311	198	984	0.51831528	-1.9413181
281	199	985	0.16701915	1.2814881
376	199	986	0.10167241	-1.8599268
403	199	987	0.090333674	-1.9153874
385	200	988	0.30273188	1.2865581
255	202	989	0.86196595	-1.8674353
404	202	990	0.26467506	0.50174913
266	203	991	0.082858698	1.1554312
345	203	992	0.11384903	-1.3758844
380	205	993	0.060798238	-2.5186333
350	207	994	0.021736528	-0.50479757
285	209	995	0.046818983	1.6016742
219	210	996	0.097558469	-2.3616417
233	210	997	0.027750277	0.80646235
235	211	998	0.025341726	1.0839576
302	212	999	0.10167241	-1.8599268
376	212	1000	0.10167241	1.2816659
235	213	1001	0.022407746	-0.61313132
449	213	1002	0.091778058	-2.4969103
227	214	1003	0.063887218	-1.4659963
295	214	1004	0.063887218	-1.4659963
412	214	1005	0.063887218	1.6755963
271	216	1006	0.025341726	-2.057635
304	216	1007	0.1377472	-2.2429379
326	216	1008	0.11124588	0.59779433
413	216	1009	0.025341726	-2.057635
445	216	1010	0.14263931	-1.8355128
253	217	1011	0.048549046	-0.38445178
405	218	1012	0.02081521	1.2807493
234	219	1013	0.07747055	-2.3570901
380	219	1014	0.078356886	1.9529733
239	220	1015	0.024137391	2.2385804
348	220	1016	0.077713861	1.7899733
367	220	1017	0.064510577	-1.0267393
313	221	1018	0.10381368	1.6099746
382	221	1019	0.14998564	1.2757917
303	222	1020	0.083944825	-2.9356444
410	222	1021	0.043777377	2.330798
234	225	1022	0.072089382	1.0763642
319	225	1023	0.082809574	-1.4201791
359	225	1024	0.074952019	-0.50324703
423	225	1025	0.078561632	1.4591041
257	226	1026	0.094893591	-0.79312566
365	227	1027	0.063887218	-1.4659963
303	228	1028	0.23413078	1.9451299
336	229	1029	0.028309452	1.4974943
272	230	1030	0.10532956	2.490314
260	233	1031	0.077814991	-2.3208544
380	234	1032	0.12998189	1.372499
423	234	1033	0.029350482	2.6203123
260	236	1034	0.10519691	1.289188
329	237	1035	0.21665615	-1.587596
365	237	1036	0.21665615	1.5539966
425	238	1037	0.019281315	1.8319924
319	240	1038	0.17455777	1.198233
322	241	1039	0.084302912	-1.0422967
429	243	1040	0.19841049	2.4467729
293	244	1041	0.10996908	2.0441063
320	245	1042	0.031353142	-2.29574
327	245	1043	0.047202681	2.2536802
354	246	1044	0.10552829	1.4353271
442	246	1045	0.31017135	2.3518154
340	249	1046	0.09698684	2.4448019
419	249	1047	0.062825316	-1.0287181
316	250	1048	0.032285058	-1.0967413
347	250	1049	0.054950177	-0.084488611
329	252	1050	0.18466703	1.5734938
381	252	1051	0.18466703	-1.5680989
375	254	1052	0.084234941	-0.59788436
402	254	1053	0.038168677	2.3778106
422	254	1054	0.01084715	-2.792495
275	256	1055	0.048644364	-0.36738678
389	256	1056	0.18631787	-0.64388017
452	256	1057	0.35400057	2.4930189
276	257	1058	0.19413985	-0.040546459
434	257	1059	0.19534945	-2.274192
272	258	1060	0.56437709	2.4255424
352	262	1061	0.055200181	-1.5475603
352	263	1062	0.073144693	-2.1159102
417	263	1063	0.083423423	1.947491
390	264	1064	0.025341726	1.0839576
294	266	1065	0.091192307	1.7227043
398	267	1066	0.064234282	-1.2559237
311	268	1067	0.79031684	1.2436873
430	269	1068	0.21935629	0.8856401
436	270	1069	0.056550595	-1.7341695
440	270	1070	0.033428668	2.5008805
288	272	1071	0.56817123	2.4491623
357	272	1072	0.28177206	2.493198
428	273	1073	0.060731324	1.8257071
389	275	1074	0.14015159	-0.73877084
401	275	1075	0.17877596	2.5199806
361	276	1076	0.14110535	-0.39194047
372	280	1077	0.050470812	1.992206
395	281	1078	0.16701915	1.2814881
451	281	1079	0.090333674	-1.9153874
289	282	1080	0.03173767	1.8360728
368	282	1081	0.025341726	-2.057635
430	282	1082	0.03173767	-1.3055198
444	282	1083	0.010895279	2.7542933
315	283	1084	0.033638575	1.7511737
322	284	1085	0.070289119	1.5095718
387	285	1086	0.046818983	-1.5399185
351	287	1087	0.18466703	1.5734938
447	287	1088	0.18466703	1.5734938
324	288	1089	0.56817123	2.4491623
357	288	1090	0.28694056	-0.73567234
444	289	1091	0.026571306	-1.6373621
361	291	1092	0.025341726	1.0839576
385	292	1093	0.037864014	-0.55933668
378	293	1094	0.025341726	1.0839576
365	295	1095	0.063887218	-1.4659963
446	297	1096	0.15202751	-2.1489481
422	298	1097	0.31063043	2.3523692
450	298	1098	0.015217913	-2.8735083
452	298	1099	0.38663961	-0.63273729
330	300	1100	0.05102991	-1.0329215
379	301	1101	0.3139655	-1.8231677
337	304	1102	0.088270674	0.65345647
445	304	1103	0.056925976	-0.55268986
366	305	1104	0.14390405	-0.050181103
369	307	1105	0.088121853	2.5728194
430	308	1106	0.14688911	-2.7799314
397	309	1107	0.083864392	1.0260012
379	313	1108	0.16700613	0.88373599
382	313	1109	0.062085583	0.69528661
379	314	1110	0.063836468	1.4680259
394	317	1111	0.022860333	0.499643
438	317	1112	0.033533163	-0.80830531
359	319	1113	0.070175666	0.70965972
384	319	1114	0.089669481	-1.8433217
404	324	1115	0.36443752	2.534689
390	325	1116	0.15045	2.7439198
420	326	1117	0.23883505	1.2538668
338	328	1118	0.072607014	-0.48543231
361	330	1119	0.05102991	-1.0329215
385	331	1120	0.041084647	-2.919426
439	332	1121	0.013115384	1.1008559
389	334	1122	0.1193825	2.5782043
394	334	1123	0.065096275	-2.4469523
361	335	1124	0.070829542	-1.330643
431	335	1125	0.070829542	1.8109497
400	337	1126	0.013042172	-2.0719544
442	338	1127	0.1242288	-0.078531113
389	339	1128	0.10369135	-1.1653357
409	339	1129	0.025341726	-2.057635
370	342	1130	0.027048866	2.6468778
386	344	1131	0.025341726	1.0839576
356	346	1132	0.025341726	1.0839576
428	350	1133	0.079533414	-0.89177104
442	354	1134	0.25980877	2.6799617
359	358	1135	0.047040256	0.50980117
384	359	1136	0.15307689	-2.1006788
424	362	1137	0.066743951	-1.5991022
412	364	1138	0.063887218	-1.4659963
417	369	1139	0.041392603	-1.9162526
412	371	1140	0.025341726	1.0839576
402	375	1141	0.12204246	2.4920386
418	375	1142	0.13209854	-0.68418171
427	381	1143	0.025341726	-2.057635
405	386	1144	0.02081521	-1.8608434
408	386	1145	0.083862932	0.88761637
411	389	1146	0.025341726	-2.057635
414	390	1147	0.035884109	-0.58656244
402	391	1148	0.56817123	-0.69243033
438	394	1149	0.035337013	-1.4830576
435	397	1150	0.22521062	-1.8587905
451	403	1151	0.16701915	1.2814881
443	405	1152	0.025341726	-2.057635
446	406	1153	0.091778058	0.64468232
428	419	1154	0.01641912	-0.18342809
438	421	1155	0.052018628	-0.3376938
440	436	1156	0.077797305	1.7990135
