from	to	label	distance	angle
1	401	1	0.25895825	-2.7960568
2	27	2	0.79070221	-2.6999193
2	76	3	0.68323012	0.12733216
2	227	4	0.38385518	-2.3695644
3	63	5	0.4002305	2.9543663
3	274	6	0.43857846	-0.80731104
4	20	7	0.38264656	1.5474805
4	47	8	0.24471129	0.62521935
4	163	9	0.11901158	-0.90351491
4	286	10	0.19382658	-1.0941144
4	389	11	0.4821667	1.7166991
4	422	12	0.39118635	-2.215651
5	139	13	0.24164475	0.4816938
5	166	14	0.67932409	-0.5645904
5	429	15	0.22120652	2.2915385
5	434	16	0.87416214	3.0513395
5	463	17	0.089713455	-1.9672492
6	48	18	0.68137971	1.1433001
6	138	19	1.2492461	-2.0382771
6	149	20	0.30331699	-0.48793881
6	256	21	0.034088288	-0.93472285
6	319	22	0.92410263	1.3856504
6	457	23	0.28088808	1.1293984
7	90	24	0.080080083	-2.9107669
7	318	25	0.15973443	0.70478321
8	306	26	0.25957934	1.1786265
8	367	27	0.19884643	-0.86009238
9	400	28	0.056423536	0.63873553
10	213	29	0.74657386	1.8040126
10	435	30	0.85245463	-1.3643628
11	59	31	0.23462325	-1.2693218
11	96	32	0.36113445	1.1252065
11	113	33	0.42718646	1.0909516
11	225	34	0.55979687	0.8260436
11	382	35	0.30807353	-1.4717527
12	246	36	0.22629322	1.2640498
12	421	37	0.1768418	0.173697
13	234	38	0.66143951	1.59804
13	250	39	0.54285196	2.8676192
13	258	40	0.24454919	1.7065762
13	261	41	0.1168946	-1.2183846
13	396	42	0.77448498	-1.8555356
13	397	43	0.48854072	-2.0958171
14	62	44	0.87401768	-2.916277
14	249	45	0.41636081	-3.1002464
14	380	46	0.13532318	-0.71408892
14	423	47	0.90051075	0.42167118
15	168	48	0.69276389	-1.6348822
15	253	49	0.72650526	1.3918409
15	294	50	0.08823741	-1.4250965
15	402	51	0.51130355	-1.7405512
15	438	52	0.37140101	-1.6033778
16	137	53	0.50301837	-1.7054581
16	378	54	0.24403128	1.9784436
16	482	55	0.80077987	0.41062119
17	66	56	0.67287975	2.3284209
17	191	57	0.48787701	-3.0560071
17	369	58	1.2811844	1.830314
17	394	59	1.5948127	-1.3708463
18	166	60	0.52274281	-0.44061714
18	257	61	0.2157671	-1.0841543
18	463	62	0.14751396	2.7391067
18	481	63	0.92119038	2.8961335
19	370	64	0.18672006	2.8212337
19	434	65	0.17468027	-1.0463244
20	163	66	0.48040777	-1.4356461
20	290	67	0.19252881	1.5050947
20	389	68	0.12318599	2.2672187
21	67	69	0.81209963	0.59721213
21	299	70	0.13960946	2.2836454
21	306	71	0.10565395	-0.83319813
22	354	72	1.1312198	-2.9674834
22	431	73	1.4627153	-0.13726915
23	35	74	0.58028956	2.8352301
23	347	75	0.28851379	-0.72358931
23	436	76	0.42539381	3.0787564
24	291	77	0.41692098	0.40421123
24	342	78	0.31835789	-1.7819251
24	430	79	0.30260832	1.2195043
25	115	80	0.71662518	-1.934627
25	360	81	0.49474641	1.1635691
26	30	82	0.28278689	-0.94124061
26	151	83	0.11831283	-1.6884845
26	413	84	0.29297882	3.0779252
26	436	85	0.20202011	0.60816414
27	207	86	1.1697716	-3.1213478
27	227	87	0.4453631	0.15831703
28	441	88	0.42812696	-2.6521853
28	460	89	0.39004908	-1.6478938
29	94	90	0.096366401	-0.10570269
29	176	91	0.25148893	0.021659696
29	309	92	0.72795559	1.8986417
29	435	93	0.12358705	1.8947413
30	151	94	0.21184932	2.5896634
30	197	95	0.64809904	-2.8707232
30	356	96	0.76107085	-0.010546701
30	455	97	0.57442301	-0.12544133
30	480	98	0.15876437	-2.1211994
31	96	99	0.27344107	-2.2278121
31	113	100	0.20603524	-2.2254052
32	126	101	0.53859541	-0.60285223
32	137	102	0.18264069	-1.2522578
32	378	103	0.54975883	1.5198689
32	437	104	0.2862963	-2.7289165
33	153	105	0.20199958	2.8167391
33	354	106	1.0734335	0.91592716
33	468	107	1.2002405	-2.2489348
34	120	108	0.085078247	2.3889727
34	167	109	0.39256331	1.0721746
34	182	110	0.80011609	0.12288793
34	225	111	0.45571782	-2.4426907
34	293	112	0.87453326	-2.0129412
34	416	113	0.39364805	0.77380821
35	183	114	0.14854628	-2.6421763
35	200	115	0.30547633	3.1063042
35	436	116	0.19636709	-0.85597495
36	71	117	0.48682807	0.76618879
36	110	118	0.43716334	2.8761699
36	189	119	0.35717212	0.67410853
36	327	120	0.25010903	-1.0344849
36	490	121	0.54013838	-1.7743015
37	62	122	0.034088288	2.2068698
38	116	123	0.60562907	-1.0826472
38	412	124	0.84134968	1.9802384
39	58	125	0.43714741	1.3773385
39	82	126	0.52600894	1.1390457
39	121	127	0.55754173	-2.1996826
39	409	128	0.19185596	-1.8372922
40	41	129	0.15212878	-0.25385733
40	147	130	0.41719737	-0.12977152
40	179	131	0.22463415	-0.09056702
40	287	132	0.049127617	-2.4673779
40	336	133	0.70753133	2.5431657
41	147	134	0.26690324	-0.059168153
42	69	135	0.15818473	-1.0237021
42	111	136	0.27738006	-2.0894114
43	49	137	0.18398521	-0.46385063
43	467	138	0.12012767	1.2727363
44	164	139	0.34004657	-1.656181
44	195	140	0.71153767	-2.4619109
44	253	141	0.67133388	1.2255697
44	402	142	0.58724527	-1.5512345
45	376	143	0.35256417	-0.54151716
45	429	144	0.29900737	2.4126024
46	460	145	0.23837649	-2.1751391
47	180	146	0.35119043	2.0680477
47	234	147	0.35630588	2.5035767
48	146	148	0.68816476	1.6375258
48	475	149	0.2378788	-1.6032529
49	178	150	0.13126521	0.81534374
50	150	151	0.33391072	-1.1657577
50	277	152	0.47171658	-1.9123198
50	281	153	0.99917503	2.0808683
50	395	154	0.38797867	-0.42099403
50	432	155	0.47171658	-1.9123198
51	188	156	0.60610508	1.6462716
51	223	157	0.84985787	-1.8632843
51	315	158	0.41849708	0.99802708
51	447	159	0.11293024	0.84841676
52	233	160	0.24212955	-2.9419192
52	313	161	0.42466588	3.0802695
52	401	162	0.46910591	0.24468867
52	427	163	0.33741971	0.7880131
53	168	164	0.34616555	2.9184288
53	386	165	0.54332881	-2.647036
53	476	166	0.60411481	0.1956283
54	214	167	0.12935621	1.5456967
54	288	168	0.92121505	-0.55481502
54	446	169	0.67902191	1.1205858
54	493	170	0.65856014	3.0971528
55	201	171	0.087848258	1.3522909
56	93	172	0.92206586	1.7550348
56	148	173	0.062893927	2.7209555
56	264	174	0.1909705	0.43224846
56	276	175	0.71716569	-1.3369903
57	68	176	0.94335577	1.7549664
57	229	177	1.0700356	1.5672944
57	322	178	0.77468631	-1.4187768
57	366	179	0.69180509	-1.5136461
57	425	180	1.0014972	-1.4211325
58	82	181	0.14453958	0.34400128
58	121	182	0.97155632	-2.0087379
58	146	183	0.56072297	1.1848238
58	384	184	1.1153324	1.5818634
59	212	185	1.0448288	-1.7997649
59	220	186	0.19988768	1.4632532
59	314	187	0.47092485	1.4493562
59	341	188	0.19585204	-2.2893058
59	382	189	0.091360831	-2.0142991
60	80	190	0.20021108	-2.8782442
60	183	191	0.35399236	-0.44081415
60	200	192	0.16087569	-0.44411504
60	285	193	1.3758167	-3.0402108
60	340	194	0.57435313	2.6916114
60	370	195	0.97391448	-0.28242471
60	441	196	0.56050642	0.19445612
61	212	197	0.4617674	1.0515284
61	332	198	0.60722732	-1.3171936
62	182	199	0.63973381	-3.0237962
62	249	200	0.47088369	0.38778133
62	260	201	0.27419583	-2.7826828
63	165	202	1.128987	1.8536406
63	224	203	0.84420704	-0.93333166
63	393	204	0.59051609	1.9566106
64	226	205	1.2724801	-3.0259098
64	386	206	1.0810343	0.51312622
64	390	207	0.73676643	0.44435025
65	144	208	0.02824931	2.6833281
65	311	209	0.28407667	-1.4995535
66	104	210	0.78279947	1.2945865
66	359	211	0.088641641	1.9542592
66	369	212	0.76127549	1.3943464
67	73	213	0.2620773	-1.7775119
67	108	214	0.36718412	1.0898977
67	284	215	0.24387876	1.9608406
68	223	216	1.172031	1.615598
68	229	217	0.22692789	0.67963766
68	435	218	0.58688124	-1.3304626
69	70	219	0.36762518	1.5354062
69	111	220	0.24392438	-2.6929051
69	193	221	0.82715879	1.4040878
69	392	222	0.83058588	-1.5606535
70	193	223	0.46519609	1.3004248
71	86	224	0.57575545	-0.68514251
71	189	225	0.13521806	-2.1300681
71	380	226	0.6399617	2.8852983
72	247	227	0.11107388	-1.7787672
73	108	228	0.62352296	1.2039501
73	306	229	0.61347894	-2.6706149
73	469	230	0.45179429	1.052762
73	482	231	0.71795838	-1.6114501
74	213	232	0.30708895	-1.2722778
74	218	233	0.16814932	-1.1433419
74	236	234	0.2480664	1.8384385
75	228	235	0.74408068	1.6761526
75	232	236	0.083716245	1.0701269
75	259	237	0.65430155	-0.84129344
75	465	238	1.0711114	-1.5820101
76	123	239	0.87685436	0.49205451
76	313	240	0.30146003	0.34625495
76	386	241	0.34427705	-2.2784626
77	93	242	0.52595335	1.9562092
77	245	243	0.56507005	-1.222131
77	264	244	0.36863344	-1.1677127
77	385	245	0.086443603	1.8159178
78	85	246	0.25941375	-0.28956848
78	124	247	0.98228277	-2.6119848
78	279	248	0.52848395	-2.277035
78	326	249	0.19645308	-0.20155153
79	231	250	0.34764243	-0.36359487
79	271	251	0.42958319	0.14640695
79	343	252	0.1124364	-2.9778678
80	122	253	0.24714519	-1.2253524
80	183	254	0.52290309	-0.19032554
80	340	255	0.44278126	2.3912369
80	411	256	0.10968188	3.0560085
81	343	257	1.0546805	-1.1093882
81	351	258	0.55906481	-1.076841
81	366	259	1.05592	1.675483
82	146	260	0.47666549	1.4127573
82	155	261	0.45390434	1.1080116
82	475	262	0.46756799	-1.3262937
83	88	263	0.17059977	-1.7542079
83	176	264	0.90488635	1.8276498
83	281	265	0.27793424	-1.242967
84	93	266	1.1561914	-1.0712345
84	353	267	0.44220989	-0.72579548
84	376	268	0.57472293	2.0810939
84	472	269	0.41996598	2.9894023
84	483	270	0.57884595	1.8249342
85	242	271	0.16001481	2.7157513
85	270	272	0.76244317	0.20281897
85	318	273	0.5982722	-2.8527795
85	323	274	1.0776372	-0.025654599
85	326	275	0.066019669	2.5873738
85	417	276	0.76408252	-0.42839084
85	439	277	0.53487212	-2.9196435
86	197	278	0.42015829	0.12349839
86	307	279	0.23804425	2.3647884
86	335	280	0.51067737	-0.84930536
87	166	281	0.55054245	2.768073
87	267	282	0.34965774	-1.4533438
87	312	283	0.15487752	-1.4762883
87	337	284	0.72367926	-0.8311688
87	479	285	0.42895794	2.047073
88	281	286	0.15377245	-0.66920019
89	158	287	0.35265488	-0.35216528
89	210	288	0.53190119	1.5635595
89	331	289	0.21572402	1.4040513
90	167	290	0.24199373	-2.3968881
90	318	291	0.23386097	0.54785286
90	416	292	0.24834721	-1.9162939
90	488	293	0.06314919	1.1750026
91	170	294	0.55418047	1.509445
91	274	295	0.34661985	-0.90964806
92	295	296	0.40477757	-1.6383176
92	341	297	0.17054076	-2.4051313
92	428	298	0.43723403	-1.3669959
92	456	299	0.19723784	1.460991
93	98	300	0.32770765	0.28798631
93	264	301	0.89455295	-1.1781019
93	269	302	0.36092621	2.687529
93	353	303	0.7550995	1.8707345
93	385	304	0.44052489	-1.157941
94	125	305	0.12358705	1.8947413
95	387	306	1.0491097	-1.7838818
95	426	307	0.89194582	1.5577695
95	471	308	0.46463756	-1.5309883
96	296	309	0.78034463	1.0856407
96	314	310	0.08738505	-1.9082311
97	163	311	0.40663458	-1.1141384
97	245	312	0.33346712	-2.217579
97	290	313	0.32878262	1.1734943
98	267	314	0.82948731	2.0746629
98	458	315	0.17467722	0.25680001
99	308	316	0.044669209	-2.9590017
99	411	317	0.06211139	-2.2170849
100	154	318	0.42453744	-2.4355568
100	302	319	0.371606	-2.9711484
100	334	320	0.10455877	1.029018
100	440	321	0.56218817	1.063102
101	109	322	0.97479971	1.3844722
101	144	323	0.10878352	-2.0027705
101	165	324	1.0185746	-1.3278113
101	190	325	0.1214887	-1.0721592
101	268	326	0.37055359	1.9169203
101	412	327	0.011030001	-0.25920983
102	275	328	0.53813031	1.471884
102	301	329	0.14594005	1.7798116
102	377	330	0.28999076	-2.2272753
103	411	331	0.018659327	1.4766989
104	159	332	0.31574921	1.93457
104	359	333	0.71482274	-1.923077
104	369	334	0.079931466	-3.0956245
104	468	335	0.7919007	1.5474101
105	204	336	0.046551038	1.7437744
105	286	337	0.12453451	1.8663598
106	175	338	0.68610141	-2.8446971
106	305	339	0.65725377	2.1279646
106	360	340	0.83950998	-0.38052943
107	152	341	0.55593517	2.6612502
107	169	342	0.45981038	-0.62856572
107	222	343	0.59886035	2.5988739
107	271	344	1.015735	-1.4233791
107	358	345	0.82711272	-0.92307701
107	394	346	1.3019109	1.50663
108	119	347	0.53237805	1.2929868
108	284	348	0.28096934	-2.7777941
108	469	349	0.18951946	-1.5703983
109	268	350	0.68199836	-2.036564
109	293	351	0.94860071	1.2646796
109	382	352	0.68462267	1.6259981
109	453	353	0.0046037069	-1.7476752
110	237	354	0.88823204	-3.0778554
110	380	355	0.41461236	1.1913246
110	490	356	0.71560018	-1.1185768
111	288	357	0.80923783	2.3533289
111	362	358	0.77626093	-1.2952227
111	392	359	0.75981241	-1.265744
112	173	360	0.14914914	1.8716446
112	228	361	0.28322764	-2.0297699
112	257	362	0.75860634	2.2781757
113	120	363	0.60614744	0.68609096
113	225	364	0.18511994	0.17730448
114	220	365	0.048187085	-2.1807344
114	314	366	0.22936478	1.5359487
114	477	367	0.20989546	0.099208973
115	255	368	0.10026547	0.68410962
116	165	369	0.50084997	2.4462377
116	170	370	0.55528647	-0.63162374
116	316	371	0.18458823	1.0796181
116	393	372	0.3630518	-2.503884
116	491	373	0.24197904	0.64479043
117	128	374	0.50836543	-0.30966396
117	405	375	0.32604326	-2.1234893
117	455	376	0.54817149	1.2306215
117	480	377	0.65302105	2.3743219
118	289	378	0.50635038	-1.5827503
118	408	379	0.21265706	1.6234827
118	419	380	0.45801259	-3.0795059
119	248	381	0.22109451	-0.18766662
119	255	382	0.9101615	-2.6488097
119	284	383	0.73580912	-2.159504
119	360	384	0.76202114	2.1681546
119	373	385	1.2412359	-0.11834704
119	375	386	1.013817	1.6063028
120	492	387	0.26359736	2.2973045
121	206	388	0.18070445	-2.0497395
121	263	389	1.0070952	-1.9497373
121	467	390	0.99921744	-1.9233795
122	196	391	0.026072347	-2.1851751
122	413	392	0.23420637	-0.17302009
123	263	393	0.6909683	0.81546832
123	427	394	0.19883646	-0.51978618
123	467	395	0.70862208	0.78516898
124	142	396	0.45624061	-1.3617326
124	251	397	0.39910179	-1.220787
124	338	398	0.069713711	2.0480632
125	435	399	0.096366401	3.03589
126	147	400	0.33503364	-1.1841988
126	226	401	1.0570129	-0.19091521
127	319	402	1.1264845	-1.7065115
127	433	403	0.7061296	1.6389752
127	462	404	0.6891805	-1.755784
128	203	405	0.5077635	-1.0560866
128	209	406	0.43633111	-1.2479567
128	342	407	0.22923503	0.14251463
128	405	408	0.66671778	-2.9566828
129	186	409	0.25490711	-0.53659192
129	207	410	0.25490711	2.6050007
130	266	411	0.13913505	-2.2112265
130	374	412	0.50992143	-1.9715091
130	396	413	0.72973292	1.3542469
130	424	414	0.30694948	1.9979628
130	440	415	0.51690653	-2.1948016
131	135	416	0.29663725	2.5132359
131	336	417	0.097048451	-1.5984422
131	350	418	0.3657954	1.1648744
132	272	419	1.2350852	2.968126
132	381	420	0.55287271	0.095986794
132	426	421	1.0011306	0.13737153
133	156	422	0.83915429	1.4321859
133	218	423	0.66060531	-1.753253
134	196	424	0.081241874	1.1988621
134	197	425	0.3801222	-1.2780923
134	308	426	0.4107293	1.9575872
134	413	427	0.28103686	0.20304218
135	246	428	0.34173033	2.8337825
135	271	429	0.55625901	1.7084425
135	336	430	0.36049396	-0.85230415
135	478	431	0.16595315	0.67782462
136	442	432	0.69165304	-2.9077862
136	472	433	0.41130074	-0.88627211
136	494	434	0.25594445	1.2561631
138	466	435	0.19204476	-1.3605308
138	476	436	0.93186612	-2.2641668
139	429	437	0.36419458	2.9920867
139	483	438	0.40235038	-0.72861867
140	171	439	0.36042161	0.50804041
140	278	440	0.40333396	-0.63493616
140	316	441	0.52729924	2.7264885
140	388	442	0.6643935	2.5278391
140	491	443	0.42387142	2.6626879
141	245	444	0.45530503	1.5706878
141	264	445	0.64909227	1.6454379
141	276	446	0.14175132	-1.9742898
141	346	447	0.65773245	-1.4428491
141	406	448	0.21581123	1.2337603
141	422	449	0.15481879	1.0905632
141	433	450	0.47448215	-1.1981143
142	172	451	0.30741607	-1.3618014
142	279	452	0.6784217	0.92175928
143	189	453	0.43627559	2.0580124
143	215	454	0.5861776	-0.92391052
143	327	455	0.3593434	-2.9951639
144	181	456	0.034088288	-0.93472285
144	190	457	0.10394423	-0.076122668
144	198	458	0.48544531	1.8832624
144	236	459	0.29865903	-1.5057348
144	239	460	0.088746244	3.0561889
144	268	461	0.45449485	1.7481135
145	387	462	0.034088288	2.2068698
146	155	463	0.14302602	-0.46836392
146	346	464	1.2128598	1.6128787
146	384	465	0.63631002	1.9295834
147	179	466	0.19293683	2.9661716
147	226	467	0.91806854	0.11981025
147	339	468	0.62473214	3.0542634
148	269	469	1.1268016	1.9679713
148	276	470	0.75709652	-1.2710338
149	475	471	0.52454827	1.5577255
150	395	472	0.2674335	0.58797212
150	400	473	0.60980415	-1.4321738
152	222	474	0.05601342	1.9318064
152	322	475	0.69957764	2.1721543
152	425	476	0.50641018	2.3722256
153	304	477	0.62788315	2.4356378
153	354	478	1.1548144	0.74968206
153	399	479	0.56788403	2.6398599
153	468	480	1.1461308	-2.0828116
154	302	481	0.21676063	1.7713146
154	333	482	0.74715586	-2.599879
154	334	483	0.52474027	0.76932181
155	475	484	0.86446187	-1.6744635
156	295	485	0.62606198	1.8839574
156	329	486	1.0805088	-1.7929659
156	428	487	0.57645777	1.7048868
156	474	488	0.32220844	0.91799356
157	443	489	0.13430773	0.60316965
158	331	490	0.44604153	2.2940645
158	344	491	0.2562744	2.1803186
158	421	492	0.48956601	2.2677993
158	437	493	0.38746937	0.6481843
159	359	494	0.97530155	-1.7089335
159	447	495	0.37328985	2.5858989
159	468	496	0.5135503	1.3131354
160	273	497	0.48797662	1.3202455
160	449	498	1.0696381	-1.531316
161	228	499	0.94313959	-0.98526361
161	257	500	0.16002729	0.28165198
161	291	501	0.12834775	1.4988511
161	356	502	0.85536459	2.7127011
161	430	503	0.36670187	2.398233
162	184	504	0.30203217	0.43282514
162	354	505	0.32829739	-1.4360107
162	417	506	0.63195474	1.1480471
163	290	507	0.67016781	1.6486007
163	406	508	0.34465745	-2.6823243
163	422	509	0.37864754	-2.5243833
164	195	510	0.53550673	-2.9377093
165	192	511	0.082667617	0.60382019
165	393	512	0.54498933	-1.3995583
166	173	513	0.40919648	-1.3818194
167	310	514	0.36506746	1.1370436
167	416	515	0.11685988	-0.63862546
167	473	516	0.29814905	2.4085249
167	488	517	0.30054299	0.83246573
168	386	518	0.362864	-1.9688208
168	402	519	0.19203982	1.7913579
168	438	520	0.32175993	1.4703435
169	358	521	0.4094638	-1.2551075
170	420	522	0.56748173	-1.2125674
171	278	523	0.41467728	-1.5470941
171	364	524	0.56504229	1.2829882
172	251	525	0.37275623	1.6288216
172	283	526	0.13818883	-2.9760692
172	304	527	0.43971334	-1.3537084
173	202	528	0.72178579	-1.0826865
174	187	529	0.68011911	-2.5377886
174	302	530	0.75596834	0.53103998
174	333	531	0.22170119	-1.3208047
175	274	532	0.70616492	2.4509637
175	292	533	1.1083286	-1.0225431
175	420	534	0.91104328	2.1839108
175	444	535	0.4852093	-2.9877255
176	224	536	0.33037539	-0.4685696
177	188	537	0.083149207	-1.791657
177	348	538	0.033661947	-1.5652696
177	474	539	0.20143688	1.3796316
178	379	540	0.78882871	1.3752252
178	401	541	0.70595451	-2.0583419
178	466	542	0.17136827	-1.6326461
179	287	543	0.26229627	-3.102112
180	289	544	0.33843052	2.6269645
180	361	545	0.2074606	-1.2140299
181	311	546	0.26962174	-1.4768003
182	260	547	0.37916543	-0.055751587
183	436	548	0.27036204	-0.28940967
184	285	549	0.78864847	0.49917494
184	354	550	0.50718488	-2.0416084
184	417	551	0.44988386	1.603941
185	194	552	0.62171104	0.98177122
185	388	553	0.95151926	-1.3187944
185	398	554	0.19261771	1.1570314
185	403	555	0.40125406	2.086062
187	230	556	0.21509294	0.91909511
187	253	557	0.64393042	-1.1311791
187	333	558	0.63814395	0.27184451
187	373	559	1.2510414	-2.9927116
187	377	560	0.2252738	0.41471101
187	387	561	0.52055757	1.126637
188	348	562	0.050909996	1.2009722
188	372	563	0.34686279	0.99105203
188	474	564	0.28456014	1.3709555
189	307	565	0.3575334	-0.23382935
189	327	566	0.46332277	-1.9033326
190	192	567	0.87309382	-1.2743868
190	345	568	0.13111642	-1.6241724
191	359	569	0.61280874	1.5862569
193	215	570	0.54851967	1.5284262
193	335	571	0.83235258	1.1754483
194	252	572	0.47494153	1.1657465
194	398	573	0.43334745	-2.2374021
195	448	574	1.224389	-3.0202741
196	308	575	0.35618389	2.1151635
196	411	576	0.31772543	2.1652265
197	335	577	0.44241433	-1.751826
197	480	578	0.54276828	0.070242974
198	212	579	0.37063092	1.1845129
198	239	580	0.45841985	-1.4377614
198	268	581	0.070581198	-0.20793358
199	305	582	0.5089988	3.0972779
199	485	583	0.71292178	-0.66951719
201	357	584	0.50465842	1.6963411
201	454	585	0.29091891	-2.2015003
201	457	586	1.0066562	-1.6058786
202	419	587	0.32901023	-0.88996107
203	209	588	0.11503858	2.8940596
203	273	589	0.86223977	-1.3692779
203	342	590	0.47509391	1.6193361
204	286	591	0.078539346	1.9388991
205	424	592	0.066759618	2.6212388
206	379	593	0.15275397	-0.75945673
207	208	594	0.97525121	2.8131969
208	350	595	0.70764052	-3.1000922
208	358	596	1.0798613	2.4301586
209	273	597	0.9180474	-1.256152
209	405	598	0.84551371	2.7899764
210	277	599	0.75520115	1.6929404
210	432	600	0.75520115	1.6929404
211	247	601	0.57140265	-2.6505466
211	489	602	0.6796461	0.91571537
212	268	603	0.36478385	-1.7654913
213	218	604	0.14199107	1.7164539
213	223	605	0.23770707	0.86003699
213	236	606	0.55508994	1.8555182
213	309	607	1.0003401	-1.4180534
213	415	608	0.24229429	2.2229646
215	335	609	0.36994261	0.63727852
215	391	610	0.13179626	1.2796715
216	287	611	0.70753133	-0.59842696
216	336	612	0.049127617	0.67421476
217	261	613	0.34500282	1.3656519
217	433	614	0.14276907	-1.8125961
218	223	615	0.18011271	0.2220307
218	329	616	0.42680013	1.5761352
219	259	617	0.080466762	0.7997898
220	314	618	0.2710707	1.4391087
220	341	619	0.37741962	-1.9806067
221	309	620	0.31070508	-0.78150097
221	415	621	0.9656301	1.6523842
221	443	622	0.13430773	-2.538423
222	425	623	0.45636714	2.4245748
223	329	624	0.42607971	2.0016997
224	281	625	0.98943808	-1.5459294
224	444	626	0.35109962	-0.74151389
225	293	627	0.49788032	-1.621674
225	382	628	0.79845133	-2.0231108
228	419	629	0.79984411	-0.67015128
229	359	630	0.8112879	1.2268898
230	387	631	0.31323192	1.2686093
231	246	632	0.30080881	-2.0900503
231	271	633	0.21147947	1.0778757
233	313	634	0.2007091	2.7637128
234	244	635	0.64235077	2.6353204
234	258	636	0.41916722	-1.6067924
234	361	637	0.21478287	-0.47356152
235	260	638	0.034157044	2.9050394
236	239	639	0.32406662	1.9100379
236	311	640	0.026228648	0.082974526
236	332	641	0.15596723	2.3164156
236	415	642	0.34028934	-1.5447321
237	260	643	0.29360319	2.1920743
237	493	644	1.0976782	-1.7976819
238	252	645	0.43246695	-0.7453284
238	325	646	0.70167155	0.10819969
238	453	647	0.51245595	-2.6584578
240	378	648	0.30515312	0.68596626
240	400	649	0.46975975	2.6245202
240	437	650	0.47367993	-1.6852964
241	298	651	0.051934627	0.71319544
241	334	652	0.62795668	-2.3485589
241	357	653	0.34558134	0.92234879
241	374	654	0.15205043	-2.460382
241	454	655	0.47101337	-1.3561083
241	489	656	0.27541273	-2.3848854
242	279	657	0.59507204	-2.4177393
242	484	658	0.35889721	-2.5966886
243	445	659	0.13320291	-1.830757
243	487	660	0.44189786	2.6168813
244	259	661	0.350006	-2.1034107
244	419	662	0.43435236	1.7214944
245	264	663	0.19800013	1.8180226
245	385	664	0.65111197	1.905739
245	406	665	0.26154663	-1.2946229
246	343	666	0.46521415	2.2344643
246	421	667	0.21328645	-1.0514889
246	478	668	0.45493642	0.0011745686
247	333	669	0.39420239	-2.6088929
247	451	670	0.57140265	0.491046
250	259	671	0.57450859	1.99204
250	349	672	0.4588482	-1.6624264
250	397	673	0.63371639	-1.1171323
250	465	674	0.68555767	-3.0554646
251	283	675	0.41121366	-1.8534333
252	325	676	0.52956426	0.77112913
252	404	677	0.66940766	-0.85306612
253	333	678	0.82742828	1.146471
254	373	679	0.046182331	0.19940037
255	292	680	0.53465618	2.7055155
255	299	681	0.80695177	-1.9209505
258	286	682	0.22050252	-0.51582663
259	419	683	0.73956339	1.4180593
259	465	684	0.7355176	-2.2258907
261	286	685	0.27051367	1.117932
262	364	686	1.0892576	-1.8002491
262	404	687	0.53118884	-3.095379
262	493	688	1.0032091	1.5558114
263	467	689	0.027588611	-0.076213164
265	349	690	0.65524949	0.30038448
265	445	691	0.38969302	-3.0016134
267	312	692	0.19485338	1.7064855
267	353	693	0.16835258	-2.5196206
269	472	694	1.1235676	2.1818447
270	323	695	0.376896	-0.50160211
271	350	696	0.60318778	-0.70154275
271	358	697	0.49144099	0.77858927
272	392	698	0.78870308	1.836106
272	459	699	0.012004526	-2.2048021
272	486	700	0.51101098	-2.2771836
273	487	701	1.2318124	-1.47839
274	420	702	0.29594734	1.5027796
274	444	703	0.52820444	-1.4476787
275	377	704	0.79907109	-1.8629327
275	461	705	0.99293386	1.2473132
276	346	706	0.54032833	-1.3095053
276	384	707	1.1384556	-1.5996344
277	432	708	0	0
278	305	709	0.80800939	-0.76016633
278	364	710	0.96814077	1.4146479
278	420	711	0.62148789	-1.9798418
279	484	712	0.25019878	0.98203787
280	328	713	0.51393403	0.71540089
280	414	714	0.60805277	3.0223375
280	442	715	0.46781072	-1.9942495
280	464	716	0.42219932	0.276876
282	303	717	0.56137364	2.9995173
282	429	718	0.19095109	-2.2259758
282	496	719	0.41159727	2.4836218
283	304	720	0.46766191	-1.0541524
283	321	721	0.13556072	-2.0582296
283	477	722	0.54248507	-2.6017831
284	299	723	0.88404345	-2.4310362
285	417	724	0.71099056	3.0399965
287	300	725	0.049127617	-2.4673779
288	490	726	0.99700704	1.5656864
289	389	727	0.23974816	-0.63089266
289	419	728	0.65715699	2.3273334
290	389	729	0.1339028	-2.3247642
290	458	730	0.63220991	1.9529961
291	430	731	0.30394942	2.7351835
292	317	732	0.81292574	-2.035862
293	324	733	0.37772637	-0.93670855
294	438	734	0.28499208	-1.6583117
295	341	735	0.30578915	1.9006094
296	473	736	0.29126542	0.92664431
296	492	737	0.062974906	-2.0396075
297	312	738	0.60252122	-0.784755
297	479	739	0.24137358	0.47147482
297	483	740	0.21086492	2.4354063
299	306	741	0.24524499	-0.84728599
299	317	742	0.62752785	2.7192354
299	378	743	0.73413927	-1.7780916
299	395	744	0.66133255	3.0312879
301	377	745	0.40032966	-1.9460075
301	471	746	0.57868901	1.3775228
303	370	747	0.56050642	-2.9471365
303	429	748	0.49634883	-0.48386124
303	441	749	0.97391448	2.8591679
303	496	750	0.28736255	0.64258828
304	399	751	0.13571811	-1.7192824
306	367	752	0.39176878	-1.4928368
308	411	753	0.041983683	-1.4148317
308	423	754	0.5320463	2.7811378
309	435	755	0.60436968	-1.2421534
309	495	756	0.13430773	-2.538423
310	318	757	0.22869888	-0.20002127
310	407	758	0.10438121	1.1187477
310	473	759	0.39746455	-2.8037165
310	488	760	0.11942903	-1.1493919
311	345	761	0.16512208	1.2562128
312	353	762	0.31140316	-1.9334315
313	427	763	0.69532355	0.31162362
314	320	764	0.6084566	1.2120307
315	372	765	0.5490922	1.7216097
315	447	766	0.30728972	-2.0887606
315	468	767	0.29764316	0.11006
316	388	768	0.18048319	1.9133218
316	491	769	0.10773484	-0.16154943
317	355	770	0.61404437	2.4232324
317	395	771	0.20304599	-2.0023434
318	488	772	0.18644881	-2.7938315
319	357	773	0.85594234	1.6620552
319	462	774	0.43945332	1.5123993
320	338	775	0.5188414	0.69534305
321	399	776	0.50260468	-0.99321574
321	477	777	0.43218636	-2.7647234
322	425	778	0.22682033	-1.4291782
323	340	779	1.1769653	0.023100482
323	417	780	0.47966058	-2.4929582
324	453	781	0.79137234	-2.2718606
325	404	782	0.87543484	-1.5016437
325	493	783	0.62547391	0.24925536
327	490	784	0.39337769	-2.2172722
328	452	785	0.22080895	0.50679369
328	464	786	0.22243535	-1.4889443
328	494	787	0.39889726	-1.1253221
328	496	788	0.38868996	2.2604885
330	365	789	0.4899478	0.41219921
330	428	790	0.42043721	-1.9700102
330	456	791	0.33036343	2.3421569
330	477	792	0.33282727	1.5450036
331	418	793	0.45598745	2.4669016
334	374	794	0.47715768	0.82860045
334	440	795	0.45770399	1.0708868
334	489	796	0.35286745	0.82138416
335	405	797	0.95533244	-0.27294827
336	437	798	0.17291325	0.28305755
337	371	799	0.26881989	-0.90968706
337	408	800	0.32597561	-1.3605573
338	439	801	0.65327862	0.38031588
338	473	802	0.11260679	1.9748641
339	437	803	0.49325838	2.0103167
342	430	804	0.6194429	1.2913663
343	418	805	0.31275577	-1.3927156
343	421	806	0.67697771	-0.95246785
344	418	807	0.64957499	2.4603333
347	356	808	0.18073589	-0.83761244
347	434	809	0.040746766	-2.0845274
347	436	810	0.67675796	2.8140395
347	481	811	0.065821894	-0.48973697
349	397	812	0.33899796	-0.33887242
349	424	813	0.86886456	-1.4981386
350	358	814	0.74274619	1.7206459
351	418	815	0.80317367	-1.2412789
352	438	816	0.14728118	1.6072763
355	395	817	0.6991573	-1.0006463
355	444	818	1.2159748	1.7612985
356	430	819	0.51918662	-0.20864893
357	433	820	0.98524899	1.384684
357	462	821	0.42646441	-1.3252876
359	363	822	0.35364358	2.2666644
360	375	823	0.54857034	0.7731566
360	485	824	0.409008	1.7167581
362	392	825	0.027983216	0.91857
363	447	826	0.89259226	1.521618
365	399	827	0.267295	-0.48914692
366	425	828	0.31911566	-1.2194964
366	435	829	1.0505745	1.6399367
367	482	830	0.48939632	-0.099091065
368	434	831	0.065048886	1.3291659
369	468	832	0.80141668	1.4477472
370	429	833	0.99687992	-0.12328929
370	434	834	0.33787923	-0.67068916
371	408	835	0.14415464	-2.309132
372	399	836	0.88099114	1.0452558
372	474	837	0.13400235	-3.0572442
374	440	838	0.11461388	2.6898359
375	485	839	0.45261764	3.0939883
375	486	840	1.1789694	1.203856
376	429	841	0.64873047	2.5140663
376	450	842	0.30167418	-2.9370592
376	494	843	0.33883556	2.7663313
377	387	844	0.37968422	1.5246757
379	409	845	0.58718983	1.1311066
381	426	846	0.44931386	0.18830219
383	394	847	0.034088288	2.2068698
386	390	848	0.34969454	-2.4831668
387	471	849	0.61042378	1.1660901
392	486	850	1.1566019	-1.6789854
396	397	851	0.3217209	1.6557961
397	424	852	0.79636888	-1.8989217
401	427	853	0.25085687	2.6173332
401	466	854	0.55441561	0.95525854
403	412	855	0.36374224	-2.1877382
403	453	856	0.66082995	1.6333838
408	458	857	0.18417323	-1.2697332
410	453	858	0.034088288	2.2068698
414	431	859	0.81428629	-2.6033033
414	442	860	0.6466617	-0.88103437
414	460	861	0.48178509	1.723335
420	470	862	0.010576706	3.1026808
422	433	863	0.58799921	-1.3977538
424	440	864	0.72040344	-1.815965
426	445	865	0.55517945	0.47355781
426	449	866	0.29204247	1.7309136
426	487	867	0.62067957	1.333556
428	456	868	0.62780757	1.6775261
429	452	869	0.31251926	0.73872327
429	483	870	0.73471496	-0.45389106
430	455	871	0.7004101	3.0791565
431	442	872	1.1136182	-0.073137543
434	481	873	0.078240106	0.057865048
437	478	874	0.42677821	2.2681102
442	472	875	0.94625347	-0.16818807
443	495	876	0.31070508	-0.78150097
445	461	877	0.86631541	-1.8029451
445	465	878	0.74500958	1.0499003
445	487	879	0.4937828	2.3534851
446	490	880	0.50262305	-0.19958301
448	482	881	1.1473596	-3.1062479
450	472	882	0.40953176	-1.1667871
450	494	883	0.18652316	1.6775303
451	489	884	0.6796461	0.91571537
456	477	885	0.25739895	0.38160581
461	471	886	0.81855595	-1.9301979
463	481	887	0.77583438	2.9258718
464	494	888	0.20674121	-0.73264752
479	483	889	0.37645885	3.0692615
401	1	890	0.25895825	0.34553583
27	2	891	0.79070221	0.44167333
76	2	892	0.68323012	-3.0142605
227	2	893	0.38385518	0.77202825
63	3	894	0.4002305	-0.18722634
274	3	895	0.43857846	2.3342816
20	4	896	0.38264656	-1.5941121
47	4	897	0.24471129	-2.5163733
163	4	898	0.11901158	2.2380777
286	4	899	0.19382658	2.0474783
389	4	900	0.4821667	-1.4248936
422	4	901	0.39118635	0.92594166
139	5	902	0.24164475	-2.6598989
166	5	903	0.67932409	2.5770023
429	5	904	0.22120652	-0.8500542
434	5	905	0.87416214	-0.090253109
463	5	906	0.089713455	1.1743434
48	6	907	0.68137971	-1.9982925
138	6	908	1.2492461	1.1033156
149	6	909	0.30331699	2.6536538
256	6	910	0.034088288	2.2068698
319	6	911	0.92410263	-1.7559422
457	6	912	0.28088808	-2.0121942
90	7	913	0.080080083	0.23082578
318	7	914	0.15973443	-2.4368094
306	8	915	0.25957934	-1.9629661
367	8	916	0.19884643	2.2815003
400	9	917	0.056423536	-2.5028571
213	10	918	0.74657386	-1.3375801
435	10	919	0.85245463	1.7772299
59	11	920	0.23462325	1.8722709
96	11	921	0.36113445	-2.0163861
113	11	922	0.42718646	-2.0506411
225	11	923	0.55979687	-2.3155491
382	11	924	0.30807353	1.66984
246	12	925	0.22629322	-1.8775429
421	12	926	0.1768418	-2.9678957
234	13	927	0.66143951	-1.5435527
250	13	928	0.54285196	-0.27397349
258	13	929	0.24454919	-1.4350164
261	13	930	0.1168946	1.9232081
396	13	931	0.77448498	1.286057
397	13	932	0.48854072	1.0457756
62	14	933	0.87401768	0.22531569
249	14	934	0.41636081	0.041346257
380	14	935	0.13532318	2.4275037
423	14	936	0.90051075	-2.7199215
168	15	937	0.69276389	1.5067104
253	15	938	0.72650526	-1.7497517
294	15	939	0.08823741	1.7164962
402	15	940	0.51130355	1.4010414
438	15	941	0.37140101	1.5382149
137	16	942	0.50301837	1.4361345
378	16	943	0.24403128	-1.163149
482	16	944	0.80077987	-2.7309715
66	17	945	0.67287975	-0.81317173
191	17	946	0.48787701	0.085585522
369	17	947	1.2811844	-1.3112787
394	17	948	1.5948127	1.7707463
166	18	949	0.52274281	2.7009755
257	18	950	0.2157671	2.0574383
463	18	951	0.14751396	-0.40248597
481	18	952	0.92119038	-0.24545911
370	19	953	0.18672006	-0.32035893
434	19	954	0.17468027	2.0952683
163	20	955	0.48040777	1.7059466
290	20	956	0.19252881	-1.6364979
389	20	957	0.12318599	-0.87437391
67	21	958	0.81209963	-2.5443805
299	21	959	0.13960946	-0.85794727
306	21	960	0.10565395	2.3083945
354	22	961	1.1312198	0.17410926
431	22	962	1.4627153	3.0043235
35	23	963	0.58028956	-0.30636257
347	23	964	0.28851379	2.4180033
436	23	965	0.42539381	-0.062836255
291	24	966	0.41692098	-2.7373814
342	24	967	0.31835789	1.3596676
430	24	968	0.30260832	-1.9220884
115	25	969	0.71662518	1.2069656
360	25	970	0.49474641	-1.9780236
30	26	971	0.28278689	2.200352
151	26	972	0.11831283	1.4531082
413	26	973	0.29297882	-0.063667491
436	26	974	0.20202011	-2.5334285
207	27	975	1.1697716	0.020244839
227	27	976	0.4453631	-2.9832756
441	28	977	0.42812696	0.48940736
460	28	978	0.39004908	1.4936989
94	29	979	0.096366401	3.03589
176	29	980	0.25148893	-3.119933
309	29	981	0.72795559	-1.2429509
435	29	982	0.12358705	-1.2468513
151	30	983	0.21184932	-0.55192923
197	30	984	0.64809904	0.27086942
356	30	985	0.76107085	3.131046
455	30	986	0.57442301	3.0161513
480	30	987	0.15876437	1.0203932
96	31	988	0.27344107	0.91378057
113	31	989	0.20603524	0.91618742
126	32	990	0.53859541	2.5387404
137	32	991	0.18264069	1.8893349
378	32	992	0.54975883	-1.6217238
437	32	993	0.2862963	0.41267611
153	33	994	0.20199958	-0.32485356
354	33	995	1.0734335	-2.2256655
468	33	996	1.2002405	0.89265787
120	34	997	0.085078247	-0.75261995
167	34	998	0.39256331	-2.069418
182	34	999	0.80011609	-3.0187047
225	34	1000	0.45571782	0.69890198
293	34	1001	0.87453326	1.1286515
416	34	1002	0.39364805	-2.3677844
183	35	1003	0.14854628	0.49941636
200	35	1004	0.30547633	-0.03528849
436	35	1005	0.19636709	2.2856177
71	36	1006	0.48682807	-2.3754039
110	36	1007	0.43716334	-0.26542277
189	36	1008	0.35717212	-2.4674841
327	36	1009	0.25010903	2.1071077
490	36	1010	0.54013838	1.3672911
62	37	1011	0.034088288	-0.93472285
116	38	1012	0.60562907	2.0589455
412	38	1013	0.84134968	-1.1613543
58	39	1014	0.43714741	-1.7642542
82	39	1015	0.52600894	-2.002547
121	39	1016	0.55754173	0.94191002
409	39	1017	0.19185596	1.3043005
41	40	1018	0.15212878	2.8877353
147	40	1019	0.41719737	3.0118211
179	40	1020	0.22463415	3.0510256
287	40	1021	0.049127617	0.67421476
336	40	1022	0.70753133	-0.59842696
147	41	1023	0.26690324	3.0824245
69	42	1024	0.15818473	2.1178906
111	42	1025	0.27738006	1.0521813
49	43	1026	0.18398521	2.677742
467	43	1027	0.12012767	-1.8688563
164	44	1028	0.34004657	1.4854117
195	44	1029	0.71153767	0.67968173
253	44	1030	0.67133388	-1.916023
402	44	1031	0.58724527	1.5903581
376	45	1032	0.35256417	2.6000755
429	45	1033	0.29900737	-0.72899021
460	46	1034	0.23837649	0.96645359
180	47	1035	0.35119043	-1.0735449
234	47	1036	0.35630588	-0.63801591
146	48	1037	0.68816476	-1.5040669
475	48	1038	0.2378788	1.5383398
178	49	1039	0.13126521	-2.3262489
150	50	1040	0.33391072	1.975835
277	50	1041	0.47171658	1.2292728
281	50	1042	0.99917503	-1.0607244
395	50	1043	0.38797867	2.7205986
432	50	1044	0.47171658	1.2292728
188	51	1045	0.60610508	-1.495321
223	51	1046	0.84985787	1.2783083
315	51	1047	0.41849708	-2.1435656
447	51	1048	0.11293024	-2.2931759
233	52	1049	0.24212955	0.19967344
313	52	1050	0.42466588	-0.061323186
401	52	1051	0.46910591	-2.896904
427	52	1052	0.33741971	-2.3535796
168	53	1053	0.34616555	-0.22316382
386	53	1054	0.54332881	0.49455662
476	53	1055	0.60411481	-2.9459644
214	54	1056	0.12935621	-1.595896
288	54	1057	0.92121505	2.5867776
446	54	1058	0.67902191	-2.0210068
493	54	1059	0.65856014	-0.044439851
201	55	1060	0.087848258	-1.7893017
93	56	1061	0.92206586	-1.3865578
148	56	1062	0.062893927	-0.42063718
264	56	1063	0.1909705	-2.7093442
276	56	1064	0.71716569	1.8046024
68	57	1065	0.94335577	-1.3866263
229	57	1066	1.0700356	-1.5742983
322	57	1067	0.77468631	1.7228158
366	57	1068	0.69180509	1.6279466
425	57	1069	1.0014972	1.7204602
82	58	1070	0.14453958	-2.7975914
121	58	1071	0.97155632	1.1328547
146	58	1072	0.56072297	-1.9567689
384	58	1073	1.1153324	-1.5597293
212	59	1074	1.0448288	1.3418278
220	59	1075	0.19988768	-1.6783394
314	59	1076	0.47092485	-1.6922364
341	59	1077	0.19585204	0.85228686
382	59	1078	0.091360831	1.1272935
80	60	1079	0.20021108	0.2633485
183	60	1080	0.35399236	2.7007785
200	60	1081	0.16087569	2.6974776
285	60	1082	1.3758167	0.10138182
340	60	1083	0.57435313	-0.44998129
370	60	1084	0.97391448	2.8591679
441	60	1085	0.56050642	-2.9471365
212	61	1086	0.4617674	-2.0900643
332	61	1087	0.60722732	1.824399
182	62	1088	0.63973381	0.11779643
249	62	1089	0.47088369	-2.7538113
260	62	1090	0.27419583	0.3589099
165	63	1091	1.128987	-1.2879521
224	63	1092	0.84420704	2.208261
393	63	1093	0.59051609	-1.1849821
226	64	1094	1.2724801	0.11568287
386	64	1095	1.0810343	-2.6284664
390	64	1096	0.73676643	-2.6972424
144	65	1097	0.02824931	-0.45826452
311	65	1098	0.28407667	1.6420392
104	66	1099	0.78279947	-1.8470061
359	66	1100	0.088641641	-1.1873335
369	66	1101	0.76127549	-1.7472463
73	67	1102	0.2620773	1.3640807
108	67	1103	0.36718412	-2.0516949
284	67	1104	0.24387876	-1.1807521
223	68	1105	1.172031	-1.5259947
229	68	1106	0.22692789	-2.461955
435	68	1107	0.58688124	1.8111301
70	69	1108	0.36762518	-1.6061865
111	69	1109	0.24392438	0.44868757
193	69	1110	0.82715879	-1.7375048
392	69	1111	0.83058588	1.5809392
193	70	1112	0.46519609	-1.8411678
86	71	1113	0.57575545	2.4564501
189	71	1114	0.13521806	1.0115246
380	71	1115	0.6399617	-0.25629435
247	72	1116	0.11107388	1.3628255
108	73	1117	0.62352296	-1.9376426
306	73	1118	0.61347894	0.47097771
469	73	1119	0.45179429	-2.0888306
482	73	1120	0.71795838	1.5301425
213	74	1121	0.30708895	1.8693149
218	74	1122	0.16814932	1.9982508
236	74	1123	0.2480664	-1.3031541
228	75	1124	0.74408068	-1.4654401
232	75	1125	0.083716245	-2.0714657
259	75	1126	0.65430155	2.3002992
465	75	1127	1.0711114	1.5595825
123	76	1128	0.87685436	-2.6495381
313	76	1129	0.30146003	-2.7953377
386	76	1130	0.34427705	0.86313007
93	77	1131	0.52595335	-1.1853834
245	77	1132	0.56507005	1.9194616
264	77	1133	0.36863344	1.97388
385	77	1134	0.086443603	-1.3256749
85	78	1135	0.25941375	2.8520242
124	78	1136	0.98228277	0.52960788
279	78	1137	0.52848395	0.86455765
326	78	1138	0.19645308	2.9400411
231	79	1139	0.34764243	2.7779978
271	79	1140	0.42958319	-2.9951857
343	79	1141	0.1124364	0.16372485
122	80	1142	0.24714519	1.9162403
183	80	1143	0.52290309	2.9512671
340	80	1144	0.44278126	-0.75035573
411	80	1145	0.10968188	-0.085584202
343	81	1146	1.0546805	2.0322044
351	81	1147	0.55906481	2.0647517
366	81	1148	1.05592	-1.4661096
146	82	1149	0.47666549	-1.7288353
155	82	1150	0.45390434	-2.0335811
475	82	1151	0.46756799	1.8152989
88	83	1152	0.17059977	1.3873847
176	83	1153	0.90488635	-1.3139428
281	83	1154	0.27793424	1.8986256
93	84	1155	1.1561914	2.0703581
353	84	1156	0.44220989	2.4157972
376	84	1157	0.57472293	-1.0604988
472	84	1158	0.41996598	-0.15219032
483	84	1159	0.57884595	-1.3166584
242	85	1160	0.16001481	-0.42584138
270	85	1161	0.76244317	-2.9387737
318	85	1162	0.5982722	0.28881318
323	85	1163	1.0776372	3.1159381
326	85	1164	0.066019669	-0.55421885
417	85	1165	0.76408252	2.7132018
439	85	1166	0.53487212	0.2219492
197	86	1167	0.42015829	-3.0180943
307	86	1168	0.23804425	-0.77680427
335	86	1169	0.51067737	2.2922873
166	87	1170	0.55054245	-0.37351969
267	87	1171	0.34965774	1.6882489
312	87	1172	0.15487752	1.6653044
337	87	1173	0.72367926	2.3104239
479	87	1174	0.42895794	-1.0945197
281	88	1175	0.15377245	2.4723925
158	89	1176	0.35265488	2.7894274
210	89	1177	0.53190119	-1.5780331
331	89	1178	0.21572402	-1.7375413
167	90	1179	0.24199373	0.74470457
318	90	1180	0.23386097	-2.5937398
416	90	1181	0.24834721	1.2252988
488	90	1182	0.06314919	-1.9665901
170	91	1183	0.55418047	-1.6321476
274	91	1184	0.34661985	2.2319446
295	92	1185	0.40477757	1.503275
341	92	1186	0.17054076	0.73646139
428	92	1187	0.43723403	1.7745967
456	92	1188	0.19723784	-1.6806017
98	93	1189	0.32770765	-2.8536063
264	93	1190	0.89455295	1.9634908
269	93	1191	0.36092621	-0.45406369
353	93	1192	0.7550995	-1.2708582
385	93	1193	0.44052489	1.9836517
125	94	1194	0.12358705	-1.2468513
387	95	1195	1.0491097	1.3577109
426	95	1196	0.89194582	-1.5838231
471	95	1197	0.46463756	1.6106044
296	96	1198	0.78034463	-2.055952
314	96	1199	0.08738505	1.2333615
163	97	1200	0.40663458	2.0274543
245	97	1201	0.33346712	0.92401362
290	97	1202	0.32878262	-1.9680984
267	98	1203	0.82948731	-1.0669297
458	98	1204	0.17467722	-2.8847926
308	99	1205	0.044669209	0.18259097
411	99	1206	0.06211139	0.92450777
154	100	1207	0.42453744	0.70603585
302	100	1208	0.371606	0.1704443
334	100	1209	0.10455877	-2.1125746
440	100	1210	0.56218817	-2.0784906
109	101	1211	0.97479971	-1.7571205
144	101	1212	0.10878352	1.1388222
165	101	1213	1.0185746	1.8137814
190	101	1214	0.1214887	2.0694335
268	101	1215	0.37055359	-1.2246724
412	101	1216	0.011030001	2.8823828
275	102	1217	0.53813031	-1.6697087
301	102	1218	0.14594005	-1.3617811
377	102	1219	0.28999076	0.91431734
411	103	1220	0.018659327	-1.6648938
159	104	1221	0.31574921	-1.2070227
359	104	1222	0.71482274	1.2185156
369	104	1223	0.079931466	0.045968165
468	104	1224	0.7919007	-1.5941826
204	105	1225	0.046551038	-1.3978183
286	105	1226	0.12453451	-1.2752329
175	106	1227	0.68610141	0.29689553
305	106	1228	0.65725377	-1.0136281
360	106	1229	0.83950998	2.7610632
152	107	1230	0.55593517	-0.48034249
169	107	1231	0.45981038	2.5130269
222	107	1232	0.59886035	-0.54271871
271	107	1233	1.015735	1.7182135
358	107	1234	0.82711272	2.2185156
394	107	1235	1.3019109	-1.6349627
119	108	1236	0.53237805	-1.8486058
284	108	1237	0.28096934	0.3637985
469	108	1238	0.18951946	1.5711944
268	109	1239	0.68199836	1.1050286
293	109	1240	0.94860071	-1.8769131
382	109	1241	0.68462267	-1.5155946
453	109	1242	0.0046037069	1.3939175
237	110	1243	0.88823204	0.063737265
380	110	1244	0.41461236	-1.950268
490	110	1245	0.71560018	2.0230158
288	111	1246	0.80923783	-0.78826379
362	111	1247	0.77626093	1.84637
392	111	1248	0.75981241	1.8758487
173	112	1249	0.14914914	-1.2699481
228	112	1250	0.28322764	1.1118228
257	112	1251	0.75860634	-0.86341696
120	113	1252	0.60614744	-2.4555017
225	113	1253	0.18511994	-2.9642882
220	114	1254	0.048187085	0.9608583
314	114	1255	0.22936478	-1.6056439
477	114	1256	0.20989546	-3.0423837
255	115	1257	0.10026547	-2.457483
165	116	1258	0.50084997	-0.69535494
170	116	1259	0.55528647	2.5099689
316	116	1260	0.18458823	-2.0619746
393	116	1261	0.3630518	0.63770869
491	116	1262	0.24197904	-2.4968022
128	117	1263	0.50836543	2.8319287
405	117	1264	0.32604326	1.0181033
455	117	1265	0.54817149	-1.9109711
480	117	1266	0.65302105	-0.76727074
289	118	1267	0.50635038	1.5588423
408	118	1268	0.21265706	-1.5181099
419	118	1269	0.45801259	0.062086717
248	119	1270	0.22109451	2.953926
255	119	1271	0.9101615	0.49278298
284	119	1272	0.73580912	0.98208865
360	119	1273	0.76202114	-0.97343806
373	119	1274	1.2412359	3.0232456
375	119	1275	1.013817	-1.5352899
492	120	1276	0.26359736	-0.84428818
206	121	1277	0.18070445	1.0918531
263	121	1278	1.0070952	1.1918554
467	121	1279	0.99921744	1.2182131
196	122	1280	0.026072347	0.95641757
413	122	1281	0.23420637	2.9685726
263	123	1282	0.6909683	-2.3261243
427	123	1283	0.19883646	2.6218065
467	123	1284	0.70862208	-2.3564237
142	124	1285	0.45624061	1.7798601
251	124	1286	0.39910179	1.9208056
338	124	1287	0.069713711	-1.0935295
435	125	1288	0.096366401	-0.10570269
147	126	1289	0.33503364	1.9573938
226	126	1290	1.0570129	2.9506774
319	127	1291	1.1264845	1.4350812
433	127	1292	0.7061296	-1.5026174
462	127	1293	0.6891805	1.3858087
203	128	1294	0.5077635	2.085506
209	128	1295	0.43633111	1.893636
342	128	1296	0.22923503	-2.999078
405	128	1297	0.66671778	0.18490987
186	129	1298	0.25490711	2.6050007
207	129	1299	0.25490711	-0.53659192
266	130	1300	0.13913505	0.93036613
374	130	1301	0.50992143	1.1700836
396	130	1302	0.72973292	-1.7873457
424	130	1303	0.30694948	-1.1436299
440	130	1304	0.51690653	0.94679104
135	131	1305	0.29663725	-0.62835673
336	131	1306	0.097048451	1.5431504
350	131	1307	0.3657954	-1.9767182
272	132	1308	1.2350852	-0.17346664
381	132	1309	0.55287271	-3.0456059
426	132	1310	1.0011306	-3.0042211
156	133	1311	0.83915429	-1.7094067
218	133	1312	0.66060531	1.3883396
196	134	1313	0.081241874	-1.9427305
197	134	1314	0.3801222	1.8635004
308	134	1315	0.4107293	-1.1840054
413	134	1316	0.28103686	-2.9385505
246	135	1317	0.34173033	-0.30781014
271	135	1318	0.55625901	-1.4331502
336	135	1319	0.36049396	2.2892885
478	135	1320	0.16595315	-2.463768
442	136	1321	0.69165304	0.23380644
472	136	1322	0.41130074	2.2553205
494	136	1323	0.25594445	-1.8854295
466	138	1324	0.19204476	1.7810618
476	138	1325	0.93186612	0.87742582
429	139	1326	0.36419458	-0.14950594
483	139	1327	0.40235038	2.412974
171	140	1328	0.36042161	-2.6335522
278	140	1329	0.40333396	2.5066565
316	140	1330	0.52729924	-0.41510413
388	140	1331	0.6643935	-0.61375359
491	140	1332	0.42387142	-0.47890475
245	141	1333	0.45530503	-1.5709048
264	141	1334	0.64909227	-1.4961547
276	141	1335	0.14175132	1.1673029
346	141	1336	0.65773245	1.6987435
406	141	1337	0.21581123	-1.9078324
422	141	1338	0.15481879	-2.0510294
433	141	1339	0.47448215	1.9434784
172	142	1340	0.30741607	1.7797913
279	142	1341	0.6784217	-2.2198334
189	143	1342	0.43627559	-1.0835802
215	143	1343	0.5861776	2.2176821
327	143	1344	0.3593434	0.14642875
181	144	1345	0.034088288	2.2068698
190	144	1346	0.10394423	3.06547
198	144	1347	0.48544531	-1.2583302
236	144	1348	0.29865903	1.6358578
239	144	1349	0.088746244	-0.08540372
268	144	1350	0.45449485	-1.3934792
387	145	1351	0.034088288	-0.93472285
155	146	1352	0.14302602	2.6732287
346	146	1353	1.2128598	-1.528714
384	146	1354	0.63631002	-1.2120093
179	147	1355	0.19293683	-0.17542104
226	147	1356	0.91806854	-3.0217824
339	147	1357	0.62473214	-0.08732921
269	148	1358	1.1268016	-1.1736213
276	148	1359	0.75709652	1.8705589
475	149	1360	0.52454827	-1.5838672
395	150	1361	0.2674335	-2.5536205
400	150	1362	0.60980415	1.7094189
222	152	1363	0.05601342	-1.2097863
322	152	1364	0.69957764	-0.96943839
425	152	1365	0.50641018	-0.76936706
304	153	1366	0.62788315	-0.70595481
354	153	1367	1.1548144	-2.3919106
399	153	1368	0.56788403	-0.50173273
468	153	1369	1.1461308	1.058781
302	154	1370	0.21676063	-1.3702781
333	154	1371	0.74715586	0.54171362
334	154	1372	0.52474027	-2.3722708
475	155	1373	0.86446187	1.4671292
295	156	1374	0.62606198	-1.2576353
329	156	1375	1.0805088	1.3486267
428	156	1376	0.57645777	-1.4367058
474	156	1377	0.32220844	-2.2235991
443	157	1378	0.13430773	-2.538423
331	158	1379	0.44604153	-0.84752816
344	158	1380	0.2562744	-0.96127408
421	158	1381	0.48956601	-0.87379339
437	158	1382	0.38746937	-2.4934084
359	159	1383	0.97530155	1.4326592
447	159	1384	0.37328985	-0.55569372
468	159	1385	0.5135503	-1.8284573
273	160	1386	0.48797662	-1.8213471
449	160	1387	1.0696381	1.6102767
228	161	1388	0.94313959	2.156329
257	161	1389	0.16002729	-2.8599407
291	161	1390	0.12834775	-1.6427416
356	161	1391	0.85536459	-0.42889154
430	161	1392	0.36670187	-0.74335966
184	162	1393	0.30203217	-2.7087675
354	162	1394	0.32829739	1.7055819
417	162	1395	0.63195474	-1.9935456
290	163	1396	0.67016781	-1.4929919
406	163	1397	0.34465745	0.45926832
422	163	1398	0.37864754	0.61720934
195	164	1399	0.53550673	0.20388332
192	165	1400	0.082667617	-2.5377725
393	165	1401	0.54498933	1.7420343
173	166	1402	0.40919648	1.7597733
310	167	1403	0.36506746	-2.0045491
416	167	1404	0.11685988	2.5029672
473	167	1405	0.29814905	-0.73306777
488	167	1406	0.30054299	-2.3091269
386	168	1407	0.362864	1.1727719
402	168	1408	0.19203982	-1.3502348
438	168	1409	0.32175993	-1.6712492
358	169	1410	0.4094638	1.8864851
420	170	1411	0.56748173	1.9290252
278	171	1412	0.41467728	1.5944986
364	171	1413	0.56504229	-1.8586044
251	172	1414	0.37275623	-1.512771
283	172	1415	0.13818883	0.16552348
304	172	1416	0.43971334	1.7878842
202	173	1417	0.72178579	2.0589061
187	174	1418	0.68011911	0.60380407
302	174	1419	0.75596834	-2.6105527
333	174	1420	0.22170119	1.8207879
274	175	1421	0.70616492	-0.69062895
292	175	1422	1.1083286	2.1190496
420	175	1423	0.91104328	-0.95768183
444	175	1424	0.4852093	0.1538672
224	176	1425	0.33037539	2.6730231
188	177	1426	0.083149207	1.3499356
348	177	1427	0.033661947	1.576323
474	177	1428	0.20143688	-1.7619611
379	178	1429	0.78882871	-1.7663675
401	178	1430	0.70595451	1.0832508
466	178	1431	0.17136827	1.5089466
287	179	1432	0.26229627	0.039480679
289	180	1433	0.33843052	-0.51462819
361	180	1434	0.2074606	1.9275627
311	181	1435	0.26962174	1.6647923
260	182	1436	0.37916543	3.0858411
436	183	1437	0.27036204	2.852183
285	184	1438	0.78864847	-2.6424177
354	184	1439	0.50718488	1.0999843
417	184	1440	0.44988386	-1.5376517
194	185	1441	0.62171104	-2.1598214
388	185	1442	0.95151926	1.8227983
398	185	1443	0.19261771	-1.9845612
403	185	1444	0.40125406	-1.0555306
230	187	1445	0.21509294	-2.2224975
253	187	1446	0.64393042	2.0104136
333	187	1447	0.63814395	-2.8697481
373	187	1448	1.2510414	0.14888101
377	187	1449	0.2252738	-2.7268816
387	187	1450	0.52055757	-2.0149557
348	188	1451	0.050909996	-1.9406205
372	188	1452	0.34686279	-2.1505406
474	188	1453	0.28456014	-1.7706372
307	189	1454	0.3575334	2.9077633
327	189	1455	0.46332277	1.2382601
192	190	1456	0.87309382	1.8672059
345	190	1457	0.13111642	1.5174203
359	191	1458	0.61280874	-1.5553357
215	193	1459	0.54851967	-1.6131664
335	193	1460	0.83235258	-1.9661443
252	194	1461	0.47494153	-1.9758462
398	194	1462	0.43334745	0.90419057
448	195	1463	1.224389	0.12131851
308	196	1464	0.35618389	-1.0264291
411	196	1465	0.31772543	-0.97636611
335	197	1466	0.44241433	1.3897667
480	197	1467	0.54276828	-3.0713497
212	198	1468	0.37063092	-1.9570798
239	198	1469	0.45841985	1.7038313
268	198	1470	0.070581198	2.9336591
305	199	1471	0.5089988	-0.044314763
485	199	1472	0.71292178	2.4720755
357	201	1473	0.50465842	-1.4452515
454	201	1474	0.29091891	0.94009237
457	201	1475	1.0066562	1.535714
419	202	1476	0.32901023	2.2516316
209	203	1477	0.11503858	-0.24753305
273	203	1478	0.86223977	1.7723148
342	203	1479	0.47509391	-1.5222566
286	204	1480	0.078539346	-1.2026936
424	205	1481	0.066759618	-0.52035383
379	206	1482	0.15275397	2.3821359
208	207	1483	0.97525121	-0.32839576
350	208	1484	0.70764052	0.041500408
358	208	1485	1.0798613	-0.71143404
273	209	1486	0.9180474	1.8854407
405	209	1487	0.84551371	-0.35161629
277	210	1488	0.75520115	-1.4486523
432	210	1489	0.75520115	-1.4486523
247	211	1490	0.57140265	0.491046
489	211	1491	0.6796461	-2.2258773
268	212	1492	0.36478385	1.3761014
218	213	1493	0.14199107	-1.4251387
223	213	1494	0.23770707	-2.2815557
236	213	1495	0.55508994	-1.2860745
309	213	1496	1.0003401	1.7235393
415	213	1497	0.24229429	-0.91862801
335	215	1498	0.36994261	-2.5043141
391	215	1499	0.13179626	-1.8619211
287	216	1500	0.70753133	2.5431657
336	216	1501	0.049127617	-2.4673779
261	217	1502	0.34500282	-1.7759408
433	217	1503	0.14276907	1.3289966
223	218	1504	0.18011271	-2.919562
329	218	1505	0.42680013	-1.5654575
259	219	1506	0.080466762	-2.3418029
314	220	1507	0.2710707	-1.7024839
341	220	1508	0.37741962	1.1609859
309	221	1509	0.31070508	2.3600917
415	221	1510	0.9656301	-1.4892084
443	221	1511	0.13430773	0.60316965
425	222	1512	0.45636714	-0.71701781
329	223	1513	0.42607971	-1.139893
281	224	1514	0.98943808	1.5956632
444	224	1515	0.35109962	2.4000788
293	225	1516	0.49788032	1.5199186
382	225	1517	0.79845133	1.1184819
419	228	1518	0.79984411	2.4714414
359	229	1519	0.8112879	-1.9147029
387	230	1520	0.31323192	-1.8729834
246	231	1521	0.30080881	1.0515423
271	231	1522	0.21147947	-2.0637169
313	233	1523	0.2007091	-0.37787983
244	234	1524	0.64235077	-0.50627227
258	234	1525	0.41916722	1.5348002
361	234	1526	0.21478287	2.6680311
260	235	1527	0.034157044	-0.23655324
239	236	1528	0.32406662	-1.2315547
311	236	1529	0.026228648	-3.0586181
332	236	1530	0.15596723	-0.82517702
415	236	1531	0.34028934	1.5968606
260	237	1532	0.29360319	-0.94951836
493	237	1533	1.0976782	1.3439107
252	238	1534	0.43246695	2.3962643
325	238	1535	0.70167155	-3.033393
453	238	1536	0.51245595	0.48313486
378	240	1537	0.30515312	-2.4556264
400	240	1538	0.46975975	-0.51707241
437	240	1539	0.47367993	1.4562963
298	241	1540	0.051934627	-2.4283972
334	241	1541	0.62795668	0.79303376
357	241	1542	0.34558134	-2.2192439
374	241	1543	0.15205043	0.68121063
454	241	1544	0.47101337	1.7854844
489	241	1545	0.27541273	0.75670722
279	242	1546	0.59507204	0.72385332
484	242	1547	0.35889721	0.54490402
445	243	1548	0.13320291	1.3108357
487	243	1549	0.44189786	-0.52471138
259	244	1550	0.350006	1.038182
419	244	1551	0.43435236	-1.4200982
264	245	1552	0.19800013	-1.3235701
385	245	1553	0.65111197	-1.2358537
406	245	1554	0.26154663	1.8469697
343	246	1555	0.46521415	-0.90712835
421	246	1556	0.21328645	2.0901038
478	246	1557	0.45493642	-3.1404181
333	247	1558	0.39420239	0.53269975
451	247	1559	0.57140265	-2.6505466
259	250	1560	0.57450859	-1.1495526
349	250	1561	0.4588482	1.4791663
397	250	1562	0.63371639	2.0244603
465	250	1563	0.68555767	0.086128006
283	251	1564	0.41121366	1.2881594
325	252	1565	0.52956426	-2.3704635
404	252	1566	0.66940766	2.2885265
333	253	1567	0.82742828	-1.9951216
373	254	1568	0.046182331	-2.9421923
292	255	1569	0.53465618	-0.43607712
299	255	1570	0.80695177	1.2206421
286	258	1571	0.22050252	2.625766
419	259	1572	0.73956339	-1.7235333
465	259	1573	0.7355176	0.91570197
286	261	1574	0.27051367	-2.0236607
364	262	1575	1.0892576	1.3413436
404	262	1576	0.53118884	0.046213619
493	262	1577	1.0032091	-1.5857812
467	263	1578	0.027588611	3.0653795
349	265	1579	0.65524949	-2.8412082
445	265	1580	0.38969302	0.13997928
312	267	1581	0.19485338	-1.4351071
353	267	1582	0.16835258	0.62197203
472	269	1583	1.1235676	-0.95974795
323	270	1584	0.376896	2.6399905
350	271	1585	0.60318778	2.4400499
358	271	1586	0.49144099	-2.3630034
392	272	1587	0.78870308	-1.3054867
459	272	1588	0.012004526	0.93679053
486	272	1589	0.51101098	0.86440903
487	273	1590	1.2318124	1.6632026
420	274	1591	0.29594734	-1.638813
444	274	1592	0.52820444	1.693914
377	275	1593	0.79907109	1.27866
461	275	1594	0.99293386	-1.8942795
346	276	1595	0.54032833	1.8320874
384	276	1596	1.1384556	1.5419583
432	277	1597	0	0
305	278	1598	0.80800939	2.3814263
364	278	1599	0.96814077	-1.7269447
420	278	1600	0.62148789	1.1617509
484	279	1601	0.25019878	-2.1595548
328	280	1602	0.51393403	-2.4261918
414	280	1603	0.60805277	-0.11925518
442	280	1604	0.46781072	1.1473431
464	280	1605	0.42219932	-2.8647166
303	282	1606	0.56137364	-0.14207533
429	282	1607	0.19095109	0.91561688
496	282	1608	0.41159727	-0.65797082
304	283	1609	0.46766191	2.0874402
321	283	1610	0.13556072	1.083363
477	283	1611	0.54248507	0.53980951
299	284	1612	0.88404345	0.71055647
417	285	1613	0.71099056	-0.10159615
300	287	1614	0.049127617	0.67421476
490	288	1615	0.99700704	-1.5759063
389	289	1616	0.23974816	2.5107
419	289	1617	0.65715699	-0.81425926
389	290	1618	0.1339028	0.81682848
458	290	1619	0.63220991	-1.1885965
430	291	1620	0.30394942	-0.40640913
317	292	1621	0.81292574	1.1057306
324	293	1622	0.37772637	2.2048841
438	294	1623	0.28499208	1.4832809
341	295	1624	0.30578915	-1.2409832
473	296	1625	0.29126542	-2.2149483
492	296	1626	0.062974906	1.1019851
312	297	1627	0.60252122	2.3568377
479	297	1628	0.24137358	-2.6701178
483	297	1629	0.21086492	-0.70618637
306	299	1630	0.24524499	2.2943067
317	299	1631	0.62752785	-0.42235722
378	299	1632	0.73413927	1.363501
395	299	1633	0.66133255	-0.11030479
377	301	1634	0.40032966	1.1955852
471	301	1635	0.57868901	-1.7640698
370	303	1636	0.56050642	0.19445612
429	303	1637	0.49634883	2.6577314
441	303	1638	0.97391448	-0.28242471
496	303	1639	0.28736255	-2.4990044
399	304	1640	0.13571811	1.4223102
367	306	1641	0.39176878	1.6487558
411	308	1642	0.041983683	1.726761
423	308	1643	0.5320463	-0.36045484
435	309	1644	0.60436968	1.8994393
495	309	1645	0.13430773	0.60316965
318	310	1646	0.22869888	2.9415714
407	310	1647	0.10438121	-2.022845
473	310	1648	0.39746455	0.33787618
488	310	1649	0.11942903	1.9922007
345	311	1650	0.16512208	-1.8853799
353	312	1651	0.31140316	1.2081611
427	313	1652	0.69532355	-2.829969
320	314	1653	0.6084566	-1.929562
372	315	1654	0.5490922	-1.4199829
447	315	1655	0.30728972	1.052832
468	315	1656	0.29764316	-3.0315327
388	316	1657	0.18048319	-1.2282709
491	316	1658	0.10773484	2.9800432
355	317	1659	0.61404437	-0.71836028
395	317	1660	0.20304599	1.1392492
488	318	1661	0.18644881	0.34776113
357	319	1662	0.85594234	-1.4795375
462	319	1663	0.43945332	-1.6291933
338	320	1664	0.5188414	-2.4462496
399	321	1665	0.50260468	2.1483769
477	321	1666	0.43218636	0.37686922
425	322	1667	0.22682033	1.7124145
340	323	1668	1.1769653	-3.1184922
417	323	1669	0.47966058	0.64863448
453	324	1670	0.79137234	0.86973204
404	325	1671	0.87543484	1.6399489
493	325	1672	0.62547391	-2.8923373
490	327	1673	0.39337769	0.9243205
452	328	1674	0.22080895	-2.634799
464	328	1675	0.22243535	1.6526484
494	328	1676	0.39889726	2.0162705
496	328	1677	0.38868996	-0.88110411
365	330	1678	0.4899478	-2.7293934
428	330	1679	0.42043721	1.1715825
456	330	1680	0.33036343	-0.79943573
477	330	1681	0.33282727	-1.5965891
418	331	1682	0.45598745	-0.67469101
374	334	1683	0.47715768	-2.3129922
440	334	1684	0.45770399	-2.0707058
489	334	1685	0.35286745	-2.3202085
405	335	1686	0.95533244	2.8686444
437	336	1687	0.17291325	-2.8585351
371	337	1688	0.26881989	2.2319056
408	337	1689	0.32597561	1.7810354
439	338	1690	0.65327862	-2.7612768
473	338	1691	0.11260679	-1.1667286
437	339	1692	0.49325838	-1.131276
430	342	1693	0.6194429	-1.8502263
418	343	1694	0.31275577	1.7488771
421	343	1695	0.67697771	2.1891248
418	344	1696	0.64957499	-0.68125933
356	347	1697	0.18073589	2.3039802
434	347	1698	0.040746766	1.0570652
436	347	1699	0.67675796	-0.32755313
481	347	1700	0.065821894	2.6518557
397	349	1701	0.33899796	2.8027202
424	349	1702	0.86886456	1.6434541
358	350	1703	0.74274619	-1.4209467
418	351	1704	0.80317367	1.9003137
438	352	1705	0.14728118	-1.5343163
395	355	1706	0.6991573	2.1409463
444	355	1707	1.2159748	-1.3802941
430	356	1708	0.51918662	2.9329437
433	357	1709	0.98524899	-1.7569087
462	357	1710	0.42646441	1.8163051
363	359	1711	0.35364358	-0.87492828
375	360	1712	0.54857034	-2.3684361
485	360	1713	0.409008	-1.4248345
392	362	1714	0.027983216	-2.2230227
447	363	1715	0.89259226	-1.6199747
399	365	1716	0.267295	2.6524457
425	366	1717	0.31911566	1.9220963
435	366	1718	1.0505745	-1.501656
482	367	1719	0.48939632	3.0425016
434	368	1720	0.065048886	-1.8124267
468	369	1721	0.80141668	-1.6938454
429	370	1722	0.99687992	3.0183034
434	370	1723	0.33787923	2.4709035
408	371	1724	0.14415464	0.83246068
399	372	1725	0.88099114	-2.0963369
474	372	1726	0.13400235	0.084348424
440	374	1727	0.11461388	-0.45175671
485	375	1728	0.45261764	-0.047604316
486	375	1729	1.1789694	-1.9377366
429	376	1730	0.64873047	-0.62752639
450	376	1731	0.30167418	0.20453348
494	376	1732	0.33883556	-0.37526137
387	377	1733	0.37968422	-1.616917
409	379	1734	0.58718983	-2.010486
426	381	1735	0.44931386	-2.9532905
394	383	1736	0.034088288	-0.93472285
390	386	1737	0.34969454	0.65842583
471	387	1738	0.61042378	-1.9755025
486	392	1739	1.1566019	1.4626073
397	396	1740	0.3217209	-1.4857965
424	397	1741	0.79636888	1.242671
427	401	1742	0.25085687	-0.52425944
466	401	1743	0.55441561	-2.1863341
412	403	1744	0.36374224	0.95385445
453	403	1745	0.66082995	-1.5082089
458	408	1746	0.18417323	1.8718594
453	410	1747	0.034088288	-0.93472285
431	414	1748	0.81428629	0.53828934
442	414	1749	0.6466617	2.2605583
460	414	1750	0.48178509	-1.4182576
470	420	1751	0.010576706	-0.038911831
433	422	1752	0.58799921	1.7438388
440	424	1753	0.72040344	1.3256277
445	426	1754	0.55517945	-2.6680348
449	426	1755	0.29204247	-1.410679
487	426	1756	0.62067957	-1.8080366
456	428	1757	0.62780757	-1.4640665
452	429	1758	0.31251926	-2.4028694
483	429	1759	0.73471496	2.6877016
455	430	1760	0.7004101	-0.06243618
442	431	1761	1.1136182	3.0684551
481	434	1762	0.078240106	-3.0837276
478	437	1763	0.42677821	-0.87348249
472	442	1764	0.94625347	2.9734046
495	443	1765	0.31070508	2.3600917
461	445	1766	0.86631541	1.3386476
465	445	1767	0.74500958	-2.0916923
487	445	1768	0.4937828	-0.78810754
490	446	1769	0.50262305	2.9420096
482	448	1770	1.1473596	0.035344707
472	450	1771	0.40953176	1.9748055
494	450	1772	0.18652316	-1.4640624
489	451	1773	0.6796461	-2.2258773
477	456	1774	0.25739895	-2.7599868
471	461	1775	0.81855595	1.2113948
481	463	1776	0.77583438	-0.21572083
494	464	1777	0.20674121	2.4089451
483	479	1778	0.37645885	-0.072331197
