label	xPos	yPos	vote	north
0	0	0	0	0
1	3.659485	-4.668671	0	0
2	1.575565	-5.033068	0	0
3	-3.11176	-1.415659	0	0
4	4.667144	0.6200784	0	0
5	2.756022	3.374987	0	0
6	4.258826	-3.000695	0	0
7	-2.780889	3.91158	0	0
8	-1.415557	-4.53573	0	0
9	-2.319577	-4.825181	0	0
10	-3.762821	-0.924305	0	0
11	-3.952809	2.679689	0	0
12	-2.717375	-5.38345	0	0
13	4.597369	0.3143245	0	0
14	-0.943202	3.753011	0	0
15	2.214474	-4.182075	0	0
16	-1.533054	-5.054507	0	0
17	-2.782176	-0.8532688	0	0
18	2.857106	3.23445	0	0
19	1.797946	3.604977	0	0
20	4.676065	1.002621	0	0
21	-1.387401	-4.217665	0	0
22	-0.4917199	3.16238	0	0
23	1.68922	3.680282	0	0
24	2.430193	2.963297	0	0
25	-1.024573	-2.747715	0	0
26	1.098868	3.591568	0	0
27	0.8607406	-5.371056	0	0
28	1.613208	4.244764	0	0
29	-3.548754	-1.875819	0	0
30	1.265369	3.362995	0	0
31	-3.630158	3.222077	0	0
32	-1.657786	-5.379518	0	0
33	-2.259618	2.115048	0	0
34	-3.22451	3.384481	0	0
35	1.135951	3.855293	0	0
36	-0.5726697	3.164591	0	0
37	-1.774878	3.530321	0	0
38	-3.719552	-0.04301595	0	0
39	4.200302	-2.642466	0	0
40	-1.501501	-5.941217	0	0
41	-1.354248	-5.979423	0	0
42	0.02113845	1.305656	0	0
43	3.492001	-4.145921	0	0
44	2.116607	-4.098897	0	0
45	2.833053	3.34201	0	0
46	1.718616	4.052028	0	0
47	4.865564	0.7633018	0	0
48	4.541322	-2.380635	0	0
49	3.656545	-4.228235	0	0
50	-2.490119	-3.880695	0	0
51	-3.535233	0.7959719	0	0
52	2.9607	-4.870023	0	0
53	2.507689	-4.950029	0	0
54	-1.469959	2.123888	0	0
55	4.395088	-1.826451	0	0
56	4.138674	0.7374253	0	0
57	-3.555029	-2.116049	0	0
58	4.284345	-2.213474	0	0
59	-3.883143	2.455647	0	0
60	0.6853952	3.935192	0	0
61	-4.349441	1.037189	0	0
62	-1.795128	3.557743	0	0
63	-3.504996	-1.341163	0	0
64	1.08765	-5.738599	0	0
65	-4.085362	0.6203295	0	0
66	-3.244578	-0.3644416	0	0
67	-0.71587	-3.760989	0	0
68	-3.727786	-1.188647	0	0
69	0.1034274	1.17056	0	0
70	0.116435	1.537955	0	0
71	-0.2218816	3.502155	0	0
72	3.046966	-2.404243	0	0
73	-0.7696605	-4.017487	0	0
74	-4.025676	0.09556511	0	0
75	3.403758	1.473269	0	0
76	2.253264	-4.946306	0	0
77	4.167481	1.156515	0	0
78	-2.334331	4.259536	0	0
79	-2.824688	-4.782926	0	0
80	0.4920867	3.883074	0	0
81	-3.405174	-3.856864	0	0
82	4.420417	-2.164727	0	0
83	-3.067448	-2.745573	0	0
84	3.415891	2.658782	0	0
85	-2.085718	4.185464	0	0
86	0.2239425	3.137826	0	0
87	3.842503	2.810612	0	0
88	-3.098563	-2.913312	0	0
89	-2.559943	-5.60663	0	0
90	-2.858845	3.893259	0	0
91	-3.02134	-1.458919	0	0
92	-3.88572	2.422759	0	0
93	3.969754	1.643886	0	0
94	-3.452925	-1.885987	0	0
95	2.515286	-1.389039	0	0
96	-3.797164	3.005561	0	0
97	4.561489	0.8915612	0	0
98	4.283965	1.736962	0	0
99	0.4202114	3.942035	0	0
100	3.647681	-2.052436	0	0
101	-4.065153	0.7316175	0	0
102	2.452909	-2.563987	0	0
103	0.381053	3.873873	0	0
104	-3.0311	0.3886866	0	0
105	4.792352	0.3287247	0	0
106	-1.60808	-1.981624	0	0
107	-2.548896	-3.715539	0	0
108	-0.5460194	-3.435451	0	0
109	-3.884573	1.689545	0	0
110	-0.9945243	3.279266	0	0
111	-0.1163527	1.06475	0	0
112	3.450987	2.46714	0	0
113	-3.755602	3.058632	0	0
114	-3.834086	2.693878	0	0
115	-1.279589	-3.41743	0	0
116	-3.435517	-0.577909	0	0
117	1.65238	2.774368	0	0
118	4.4095	1.744856	0	0
119	-0.4000148	-2.923485	0	0
120	-3.286609	3.442637	0	0
121	3.872331	-3.093341	0	0
122	0.5757736	3.650529	0	0
123	3.026092	-4.532047	0	0
124	-3.182047	3.763292	0	0
125	-3.492264	-1.768828	0	0
126	-1.214133	-5.684899	0	0
127	4.581356	-0.9762595	0	0
128	2.136566	2.619449	0	0
129	-0.08970982	-5.525047	0	0
130	4.22302	-1.141665	0	0
131	-2.083397	-5.445623	0	0
132	1.535206	-0.6342638	0	0
133	-3.836105	0.5921851	0	0
134	0.5312194	3.553538	0	0
135	-2.323375	-5.271255	0	0
136	2.740711	3.041094	0	0
137	-1.600586	-5.552971	0	0
138	3.695867	-4.115905	0	0
139	2.970171	3.486937	0	0
140	-2.865935	-0.6277952	0	0
141	4.360485	0.1701405	0	0
142	-3.087357	3.316986	0	0
143	-0.08937394	3.002028	0	0
144	-4.110697	0.6328268	0	0
145	2.313674	-2.441843	0	0
146	4.495435	-1.694002	0	0
147	-1.087812	-5.995206	0	0
148	4.081263	0.7631075	0	0
149	4.526746	-3.142892	0	0
150	-2.35854	-4.187588	0	0
151	1.084976	3.474074	0	0
152	-3.041919	-3.458651	0	0
153	-2.451052	2.179521	0	0
154	3.324633	-2.327886	0	0
155	4.623058	-1.758567	0	0
156	-3.720161	1.423291	0	0
157	-4.224931	-1.120166	0	0
158	-2.228931	-5.728272	0	0
159	-3.143444	0.6837735	0	0
160	2.438125	0.8599424	0	0
161	2.80429	2.999253	0	0
162	-1.649953	3.291738	0	0
163	4.740795	0.526594	0	0
164	2.087608	-4.437704	0	0
165	-3.820083	-0.2570355	0	0
166	3.329921	3.011502	0	0
167	-3.03678	3.729247	0	0
168	2.170108	-4.873417	0	0
169	-2.176968	-3.985901	0	0
170	-2.987362	-0.9057812	0	0
171	-2.551035	-0.4524623	0	0
172	-3.023575	3.016259	0	0
173	3.40679	2.60959	0	0
174	2.629602	-2.498314	0	0
175	-2.264164	-2.182345	0	0
176	-3.297324	-1.870373	0	0
177	-3.56272	1.481481	0	0
178	3.746543	-4.132679	0	0
179	-1.277788	-5.961534	0	0
180	4.698042	1.071962	0	0
181	-4.090447	0.605405	0	0
182	-2.430428	3.482558	0	0
183	1.005548	3.784152	0	0
184	-1.375773	3.418421	0	0
185	-3.646326	0.6763213	0	0
186	0.1293716	-5.655358	0	0
187	2.069741	-2.88447	0	0
188	-3.580936	1.400351	0	0
189	-0.2936241	3.387538	0	0
190	-4.007054	0.6249219	0	0
191	-3.268268	-0.8949731	0	0
192	-3.752033	-0.2100975	0	0
193	0.240684	1.986251	0	0
194	-3.300934	1.193263	0	0
195	1.563192	-4.546131	0	0
196	0.5607442	3.629225	0	0
197	0.6409008	3.189583	0	0
198	-4.259926	1.094766	0	0
199	-1.447126	-1.446324	0	0
200	0.8306646	3.866071	0	0
201	4.414131	-1.740692	0	0
202	3.745277	1.972094	0	0
203	2.386529	2.177474	0	0
204	4.78434	0.374581	0	0
205	4.153776	-0.8954895	0	0
206	3.789055	-3.253713	0	0
207	-0.3087912	-5.394736	0	0
208	-1.231926	-5.080194	0	0
209	2.274997	2.20566	0	0
210	-2.556094	-5.074743	0	0
211	3.527917	-2.243479	0	0
212	-4.120291	1.438087	0	0
213	-3.93536	-0.1979423	0	0
214	-1.466713	2.253203	0	0
215	0.2639178	2.534279	0	0
216	-2.124458	-5.573304	0	0
217	4.567437	-0.1331547	0	0
218	-3.955969	-0.05745481	0	0
219	3.783776	0.9277721	0	0
220	-3.861688	2.65438	0	0
221	-4.003715	-0.9677921	0	0
222	-3.061704	-3.406248	0	0
223	-3.780277	-0.01779202	0	0
224	-3.002558	-2.019574	0	0
225	-3.573385	3.091283	0	0
226	-0.1763249	-5.885475	0	0
227	1.300534	-5.300842	0	0
228	3.32551	2.213224	0	0
229	-3.551282	-1.04602	0	0
230	2.200203	-2.71346	0	0
231	-2.499773	-4.906561	0	0
232	3.443943	1.54671	0	0
233	2.723381	-4.918049	0	0
234	4.579351	0.9755186	0	0
235	-2.018646	3.453426	0	0
236	-4.091279	0.3347996	0	0
237	-1.880953	3.222691	0	0
238	-3.431582	1.923079	0	0
239	-4.19912	0.6403968	0	0
240	-1.86593	-5.023763	0	0
241	4.142227	-1.515441	0	0
242	-2.231442	4.251564	0	0
243	3.055226	-0.1152491	0	0
244	4.017578	1.287008	0	0
245	4.360534	0.6254455	0	0
246	-2.649044	-5.16772	0	0
247	3.024032	-2.512923	0	0
248	-0.1828023	-2.964734	0	0
249	-1.359207	3.7358	0	0
250	4.074764	0.461198	0	0
251	-3.045192	3.388388	0	0
252	-3.113777	1.629774	0	0
253	2.343793	-3.467172	0	0
254	0.7872715	-3.079187	0	0
255	-1.201885	-3.354064	0	0
256	4.279076	-3.028117	0	0
257	2.958011	3.043732	0	0
258	4.564266	0.5566229	0	0
259	3.83985	0.9854836	0	0
260	-2.051852	3.46143	0	0
261	4.637717	0.2046139	0	0
262	-2.142901	1.150048	0	0
263	3.49977	-4.02899	0	0
264	4.31208	0.8174254	0	0
265	3.406869	-0.1896055	0	0
266	4.139881	-1.253229	0	0
267	3.883476	2.463363	0	0
268	-4.190865	1.080195	0	0
269	3.645399	1.802196	0	0
270	-1.338903	4.339044	0	0
271	-2.399701	-4.720257	0	0
272	0.3186561	-0.4210905	0	0
273	2.559112	1.332682	0	0
274	-2.808508	-1.732502	0	0
275	2.50605	-2.028487	0	0
276	4.304828	0.0397725	0	0
277	-2.648108	-4.325168	0	0
278	-2.541207	-0.8670231	0	0
279	-2.677305	3.857462	0	0
280	2.260106	3.307341	0	0
281	-2.977956	-3.008706	0	0
282	2.726386	3.692596	0	0
283	-3.159875	2.99349	0	0
284	-0.8085999	-3.535428	0	0
285	-0.683357	3.795948	0	0
286	4.756078	0.4478592	0	0
287	-1.53988	-5.971887	0	0
288	-0.6869281	1.638605	0	0
289	4.403447	1.238541	0	0
290	4.688705	1.194734	0	0
291	2.813516	3.127269	0	0
292	-1.686506	-3.128232	0	0
293	-3.598705	2.594046	0	0
294	2.227285	-4.269378	0	0
295	-3.913031	2.018904	0	0
296	-3.433253	3.695856	0	0
297	3.430797	3.082198	0	0
298	4.181503	-1.481463	0	0
299	-1.478704	-4.11205	0	0
300	-1.578258	-6.002557	0	0
301	2.422627	-2.421223	0	0
302	3.281459	-2.115468	0	0
303	2.170668	3.772085	0	0
304	-2.928866	2.586866	0	0
305	-1.955626	-1.423776	0	0
306	-1.316347	-4.295858	0	0
307	0.05417948	3.304696	0	0
308	0.3762848	3.933924	0	0
309	-3.783158	-1.186636	0	0
310	-2.88335	4.060507	0	0
311	-4.065141	0.3369734	0	0
312	3.857118	2.656425	0	0
313	2.536832	-4.843997	0	0
314	-3.826094	2.923104	0	0
315	-3.308424	1.147678	0	0
316	-3.348453	-0.4151432	0	0
317	-2.051088	-3.854819	0	0
318	-2.659211	4.015067	0	0
319	4.428944	-2.092386	0	0
320	-3.612454	3.49282	0	0
321	-3.223366	2.873717	0	0
322	-3.437714	-2.881801	0	0
323	-1.008435	4.15782	0	0
324	-3.374923	2.289745	0	0
325	-2.734013	1.998851	0	0
326	-2.141855	4.220209	0	0
327	-0.4448718	2.949597	0	0
328	2.648039	3.644441	0	0
329	-3.958247	0.3693392	0	0
330	-3.633806	2.381951	0	0
331	-2.524138	-5.393898	0	0
332	-4.197092	0.4493837	0	0
333	2.68445	-2.713123	0	0
334	3.701597	-1.962851	0	0
335	0.5612474	2.754398	0	0
336	-2.08608	-5.542634	0	0
337	4.330272	2.276015	0	0
338	-3.21407	3.825216	0	0
339	-1.710164	-5.940718	0	0
340	0.1682159	4.185007	0	0
341	-4.012065	2.308212	0	0
342	2.363477	2.652008	0	0
343	-2.935621	-4.801253	0	0
344	-2.375642	-5.518147	0	0
345	-4.014049	0.4939922	0	0
346	4.44441	-0.4822156	0	0
347	1.905442	3.489263	0	0
348	-3.562534	1.447819	0	0
349	4.032778	0.004274662	0	0
350	-1.938957	-5.109552	0	0
351	-3.140115	-4.349101	0	0
352	2.207747	-4.700463	0	0
353	3.746651	2.365274	0	0
354	-1.605837	2.966418	0	0
355	-2.513393	-3.450685	0	0
356	2.026398	3.354968	0	0
357	4.35094	-1.240005	0	0
358	-2.049841	-4.37513	0	0
359	-3.277742	-0.2822376	0	0
360	-0.8286214	-2.293428	0	0
361	4.770497	0.877565	0	0
362	0.09486712	0.3177777	0	0
363	-3.504446	-0.01081701	0	0
364	-2.390647	0.08933886	0	0
365	-3.184895	2.578236	0	0
366	-3.515513	-2.806725	0	0
367	-1.285836	-4.686437	0	0
368	1.869853	3.390617	0	0
369	-3.110947	0.3850136	0	0
370	1.620726	3.663777	0	0
371	4.495325	2.063833	0	0
372	-3.390921	1.690538	0	0
373	0.8325388	-3.070039	0	0
374	4.024112	-1.611193	0	0
375	-0.4360043	-1.910307	0	0
376	3.135175	3.160285	0	0
377	2.275919	-2.793702	0	0
378	-1.6298	-4.830472	0	0
379	3.899834	-3.358888	0	0
380	-0.8409396	3.664383	0	0
381	2.085533	-0.5812767	0	0
382	-3.922347	2.373125	0	0
383	-2.445164	-2.443729	0	0
384	4.272002	-1.09821	0	0
385	4.146504	1.240375	0	0
386	2.029463	-5.207916	0	0
387	2.293424	-2.414421	0	0
388	-3.409072	-0.2451444	0	0
389	4.597044	1.097122	0	0
390	1.752869	-5.421884	0	0
391	0.3017473	2.660529	0	0
392	0.1118517	0.3400169	0	0
393	-3.727215	-0.7940541	0	0
394	-2.465414	-2.416307	0	0
395	-2.136017	-4.03925	0	0
396	4.379811	-0.4289757	0	0
397	4.352497	-0.1084163	0	0
398	-3.568883	0.8526847	0	0
399	-2.948945	2.452642	0	0
400	-2.274278	-4.791543	0	0
401	3.415833	-4.75638	0	0
402	2.128094	-4.68603	0	0
403	-3.844051	1.025477	0	0
404	-2.673523	1.125509	0	0
405	1.481214	2.496868	0	0
406	4.431852	0.3738099	0	0
407	-2.837756	4.154404	0	0
408	4.398301	1.957218	0	0
409	4.149776	-2.82755	0	0
410	-3.865134	1.657592	0	0
411	0.3828062	3.89245	0	0
412	-4.054491	0.7287904	0	0
413	0.8064831	3.610209	0	0
414	1.656372	3.379683	0	0
415	-4.082411	-0.005374132	0	0
416	-2.942952	3.659588	0	0
417	-1.390681	3.868058	0	0
418	-2.880219	-5.109063	0	0
419	3.95237	1.716437	0	0
420	-2.788394	-1.437239	0	0
421	-2.543194	-5.352887	0	0
422	4.432009	0.3074473	0	0
423	-0.1215704	4.121577	0	0
424	4.095852	-0.8622975	0	0
425	-3.4057	-3.106351	0	0
426	2.526905	-0.4971691	0	0
427	3.198667	-4.630808	0	0
428	-3.797227	1.994574	0	0
429	2.610039	3.541183	0	0
430	2.534324	3.247424	0	0
431	0.9572362	2.962225	0	0
432	-2.648108	-4.325168	0	0
433	4.533251	-0.2717704	0	0
434	1.885418	3.453776	0	0
435	-3.588093	-1.75866	0	0
436	1.264666	3.706995	0	0
437	-1.920048	-5.494341	0	0
438	2.202375	-4.553279	0	0
439	-2.60747	4.067722	0	0
440	3.920996	-1.561158	0	0
441	1.235338	4.043501	0	0
442	2.067877	2.88085	0	0
443	-4.114323	-1.043979	0	0
444	-2.743641	-2.256708	0	0
445	3.020988	-0.2439764	0	0
446	-1.174479	2.735249	0	0
447	-3.460567	0.8806961	0	0
448	0.3478028	-4.694307	0	0
449	2.480343	-0.2088622	0	0
450	2.839789	3.099012	0	0
451	3.527917	-2.243479	0	0
452	2.841093	3.751617	0	0
453	-3.885383	1.685013	0	0
454	4.242572	-1.975642	0	0
455	1.835279	3.291127	0	0
456	-3.864106	2.618809	0	0
457	4.378823	-2.746728	0	0
458	4.452915	1.781328	0	0
459	0.3115449	-0.4307621	0	0
460	1.583166	3.855874	0	0
461	2.821675	-1.087052	0	0
462	4.454592	-1.653682	0	0
463	2.72138	3.292232	0	0
464	2.666225	3.42275	0	0
465	3.391747	0.4022252	0	0
466	3.735951	-4.30372	0	0
467	3.527278	-4.03109	0	0
468	-3.012582	1.180371	0	0
469	-0.545944	-3.624971	0	0
470	-2.798963	-1.436827	0	0
471	2.533777	-1.853309	0	0
472	3.000779	2.722451	0	0
473	-3.258343	3.928754	0	0
474	-3.524447	1.679248	0	0
475	4.533603	-2.618388	0	0
476	3.100281	-4.8326	0	0
477	-3.625222	2.714668	0	0
478	-2.194108	-5.167185	0	0
479	3.645837	3.19183	0	0
480	1.182331	3.227677	0	0
481	1.963527	3.458301	0	0
482	-0.7988402	-4.734852	0	0
483	3.270362	3.219036	0	0
484	-2.538363	4.065535	0	0
485	-0.8881092	-1.888769	0	0
486	-0.01303594	-0.8098226	0	0
487	2.672778	0.1061254	0	0
488	-2.834499	3.951526	0	0
489	3.941974	-1.704521	0	0
490	-0.6818335	2.635599	0	0
491	-3.242121	-0.4324721	0	0
492	-3.461707	3.639675	0	0
493	-2.127869	2.153145	0	0
494	2.819918	3.284474	0	0
495	-3.893766	-1.262823	0	0
496	2.400716	3.944293	0	0
