label	xPos	yPos	vote	north
0	0	0	0	0
1	1.453049	-0.7785772	0	0
2	2.092935	1.696815	0	0
3	2.244127	2.376767	0	0
4	1.928348	0.8685542	0	0
5	-0.7184922	-5.412803	0	0
6	1.487522	-0.6313917	0	0
7	-0.7359985	-4.967547	0	0
8	2.214775	2.416983	0	0
9	-1.099239	-3.632494	0	0
10	-3.670091	1.616295	0	0
11	2.255715	2.314948	0	0
12	-0.3202467	-4.706072	0	0
13	-3.897967	2.264788	0	0
14	1.409741	-0.9346587	0	0
15	-3.046177	0.08357142	0	0
16	1.507716	-0.6136586	0	0
17	1.471557	-1.095437	0	0
18	1.91366	1.122217	0	0
19	-3.498152	1.151495	0	0
20	2.305131	2.410992	0	0
21	-3.273426	0.6470934	0	0
22	2.252605	2.381742	0	0
23	2.097557	1.706664	0	0
24	-3.512083	1.220835	0	0
25	0.09646558	-3.374616	0	0
26	-0.7100095	-5.514094	0	0
27	2.156255	1.972133	0	0
28	2.169744	2.023209	0	0
29	-3.702915	1.699347	0	0
30	1.619946	-0.1984607	0	0
31	-3.842981	2.096085	0	0
32	1.964386	1.255542	0	0
33	1.727629	0.252447	0	0
34	-3.022901	0.09049534	0	0
35	1.694301	-0.04839718	0	0
36	-0.3163291	-4.437386	0	0
37	-3.359902	0.8499779	0	0
38	1.614873	-0.1934537	0	0
39	1.869331	0.8154557	0	0
40	1.616734	-0.1588041	0	0
41	1.442866	-1.111475	0	0
42	-0.7502932	-4.829886	0	0
43	1.391544	-0.9343638	0	0
44	2.198771	2.218516	0	0
45	2.195752	2.083405	0	0
46	-0.3131192	-4.798801	0	0
47	1.77822	0.446865	0	0
48	-3.573979	1.384797	0	0
49	1.919518	0.8545404	0	0
50	2.177498	2.146822	0	0
51	-0.3131192	-4.798801	0	0
52	1.405134	-0.9197803	0	0
53	1.679393	0.03619875	0	0
54	2.162911	2.157251	0	0
55	1.468423	-1.14534	0	0
56	-3.700099	1.687419	0	0
57	2.245557	2.285778	0	0
58	1.819138	0.643164	0	0
59	-3.024016	0.06592167	0	0
60	1.921254	0.8729809	0	0
61	2.246787	2.28199	0	0
62	1.983136	1.385119	0	0
63	-3.847814	2.126353	0	0
64	-3.815165	2.025368	0	0
65	1.473216	-1.164546	0	0
66	-3.709506	1.712165	0	0
67	2.260179	2.331427	0	0
68	1.20152	-1.417232	0	0
69	-2.98227	0.001976021	0	0
70	2.067919	1.662178	0	0
71	2.185891	2.150333	0	0
72	-3.796991	1.959408	0	0
73	1.861519	0.8248047	0	0
74	-3.748416	1.813702	0	0
75	1.728434	0.198923	0	0
76	2.252801	2.265404	0	0
77	1.455008	-1.167195	0	0
78	1.445755	-0.8772228	0	0
79	-3.888414	2.228292	0	0
80	1.882815	0.8962898	0	0
81	1.709698	-0.06031736	0	0
82	2.186433	2.109199	0	0
83	-3.847814	2.126353	0	0
84	-0.3231375	-5.135013	0	0
85	-0.7069524	-4.304696	0	0
86	-3.879256	2.206636	0	0
87	1.93588	1.06288	0	0
88	2.071531	1.613311	0	0
89	1.699655	0.08360532	0	0
90	-3.725805	1.749394	0	0
91	2.251251	2.298469	0	0
92	2.225481	2.43459	0	0
93	1.492441	-0.6399724	0	0
94	-3.844449	2.106414	0	0
95	-0.3263745	-4.113332	0	0
96	-0.7561053	-4.801608	0	0
97	-3.538631	1.24933	0	0
98	-0.7053749	-5.604762	0	0
99	-3.595976	1.437936	0	0
100	1.435808	-0.9532303	0	0
101	-0.3059917	-4.89153	0	0
102	1.420418	-0.8384969	0	0
103	-0.7096562	-5.541772	0	0
104	-0.5667569	-5.241643	0	0
105	1.706111	-0.04147547	0	0
106	1.789227	0.4939599	0	0
107	2.229548	2.427913	0	0
108	-0.7391404	-5.287108	0	0
109	1.933769	1.220813	0	0
110	-3.90752	2.301283	0	0
111	1.650228	-0.003657933	0	0
112	-3.846131	2.116384	0	0
113	-3.715319	1.740444	0	0
114	2.222558	2.437666	0	0
115	2.348749	2.541508	0	0
116	-3.628242	1.497441	0	0
117	2.21387	2.405658	0	0
118	1.392465	-1.0575	0	0
119	1.443087	-0.8707865	0	0
120	-1.495823	-2.856249	0	0
121	1.7128	-0.06631206	0	0
122	1.713391	0.2896298	0	0
123	2.016103	1.445427	0	0
124	2.31967	2.454497	0	0
125	-3.725923	1.75207	0	0
126	1.73561	0.2302929	0	0
127	-3.793639	1.942318	0	0
128	2.334209	2.498003	0	0
129	2.20362	2.182692	0	0
130	1.986845	1.441063	0	0
131	1.467172	-0.6885314	0	0
132	1.749215	0.3873047	0	0
133	2.289332	2.418869	0	0
134	-3.399742	0.9323245	0	0
135	1.349121	-1.16177	0	0
136	2.027232	1.413208	0	0
137	-3.701507	1.693383	0	0
138	-2.247913	-1.441167	0	0
139	-3.046669	0.05519458	0	0
140	-3.736621	1.780104	0	0
141	0.4878197	-2.686578	0	0
142	-3.698691	1.681455	0	0
143	1.70542	0.01856139	0	0
144	2.06288	1.594279	0	0
145	-3.476761	1.12006	0	0
146	2.146818	1.950569	0	0
147	0.8389314	-2.068234	0	0
148	2.338573	2.533895	0	0
149	1.913706	0.882819	0	0
150	1.501904	-0.5853801	0	0
151	-0.7434849	-4.132259	0	0
152	-0.7076922	-5.559428	0	0
153	-0.7164032	-5.156914	0	0
154	1.579902	-0.2971137	0	0
155	2.133248	1.938666	0	0
156	0.06348767	-3.457337	0	0
157	-3.791878	1.93367	0	0
158	2.219844	2.248639	0	0
159	-3.003143	0.03394884	0	0
160	-3.718942	1.729008	0	0
161	-3.016486	0.06407454	0	0
162	-0.7264498	-4.885979	0	0
163	2.054229	1.575247	0	0
164	1.958574	1.28382	0	0
165	-3.741077	1.797336	0	0
166	-3.704387	1.702253	0	0
167	-0.4998654	-4.025629	0	0
168	-3.439855	1.014765	0	0
169	-0.3130867	-4.462638	0	0
170	2.148301	2.107767	0	0
171	2.055649	1.598902	0	0
172	1.893959	0.8274984	0	0
173	-3.689833	1.675499	0	0
174	2.278678	2.307755	0	0
175	2.010076	1.430904	0	0
176	1.491425	-1.161897	0	0
177	2.236068	2.314587	0	0
178	1.607697	-0.2248236	0	0
179	-3.014224	0.04277372	0	0
180	1.561207	-0.3987824	0	0
181	-3.046341	0.07411247	0	0
182	1.853708	0.8341537	0	0
183	-0.256246	-3.918999	0	0
184	0.4763429	-2.719236	0	0
185	1.704728	0.07859824	0	0
186	2.238312	2.306152	0	0
187	-3.842766	2.096445	0	0
188	1.395213	-1.2069	0	0
189	-0.3068338	-4.10586	0	0
190	-0.30716	-4.842318	0	0
191	1.516885	-1.226337	0	0
192	1.472984	-0.71681	0	0
193	2.194285	2.153844	0	0
194	2.328397	2.526281	0	0
195	-3.497131	1.150663	0	0
196	2.053487	1.54048	0	0
197	1.885656	0.9135368	0	0
198	1.393974	-0.9815001	0	0
199	-3.496109	1.14983	0	0
200	-1.110912	-3.54976	0	0
201	1.911267	0.8466735	0	0
202	-3.814566	2.005808	0	0
203	1.508398	-1.204857	0	0
204	1.783785	0.5782944	0	0
205	-3.728141	1.763328	0	0
206	1.305778	-1.266039	0	0
207	1.716779	-0.06886478	0	0
208	-0.7463756	-4.5612	0	0
209	-0.7185205	-5.035586	0	0
210	1.884235	0.9049133	0	0
211	2.1086	1.992043	0	0
212	-0.7174619	-5.09625	0	0
213	-3.864548	2.153759	0	0
214	1.997104	1.428146	0	0
215	-3.739316	1.788688	0	0
216	2.071435	1.804077	0	0
217	1.958574	1.28382	0	0
218	2.144751	1.955399	0	0
219	-3.703529	1.696606	0	0
220	-3.482573	1.148338	0	0
221	-0.7597885	-5.161412	0	0
222	2.219668	2.462868	0	0
223	1.504668	-0.6008097	0	0
224	-0.30716	-4.842318	0	0
225	-3.452029	1.080502	0	0
226	-3.831785	2.054628	0	0
227	1.765581	0.4388881	0	0
228	1.937391	0.8637831	0	0
229	1.481837	-1.123485	0	0
230	-3.814865	2.015588	0	0
231	-3.046505	0.06465353	0	0
232	-3.35722	0.8328243	0	0
233	1.448422	-0.8836591	0	0
234	-3.914272	2.327646	0	0
235	1.910689	0.8405266	0	0
236	1.720758	-0.0714175	0	0
237	2.201467	2.346289	0	0
238	-3.905653	2.294528	0	0
239	-3.500122	1.155463	0	0
240	-3.704503	1.709734	0	0
241	-2.615092	-0.7195955	0	0
242	1.419039	-1.159188	0	0
243	-3.295184	0.6939233	0	0
244	2.155606	2.132509	0	0
245	-0.7243326	-5.007307	0	0
246	2.174884	2.227028	0	0
247	-0.2942163	-4.002026	0	0
248	-0.7649255	-4.839195	0	0
249	-3.844449	2.106414	0	0
250	1.848143	0.7027243	0	0
251	-3.716846	1.728531	0	0
252	-0.3106355	-4.912464	0	0
253	1.499912	-1.183377	0	0
254	-3.499174	1.152328	0	0
255	1.541047	-0.4868517	0	0
256	1.388128	-1.009318	0	0
257	2.138939	1.983678	0	0
258	1.399821	-0.9536819	0	0
259	1.929322	0.868382	0	0
260	-1.880735	-2.162739	0	0
261	-3.710315	1.738012	0	0
262	1.878423	0.9331919	0	0
263	-3.897033	2.26141	0	0
264	2.239028	2.310104	0	0
265	1.466693	-1.063763	0	0
266	1.710967	-0.04058622	0	0
267	-0.8103764	-5.348273	0	0
268	1.46261	-1.117062	0	0
269	2.03427	1.616112	0	0
270	-3.745129	1.816966	0	0
271	-0.3189313	-4.770522	0	0
272	2.238421	2.346633	0	0
273	-3.846131	2.116384	0	0
274	-0.7164032	-5.156914	0	0
275	1.728531	0.2118683	0	0
276	2.088312	1.686966	0	0
277	-0.7121389	-5.408929	0	0
278	-0.3189313	-4.770522	0	0
279	2.121744	1.921932	0	0
280	1.991292	1.456425	0	0
281	1.692479	0.0522354	0	0
282	2.261083	2.386716	0	0
283	-0.7174619	-5.09625	0	0
284	-3.905732	2.289769	0	0
