from	to	label	distance	angle
1	227	1	0.040423775	-1.7924808
1	292	2	0.1374688	1.3314952
1	434	3	0.098526275	-1.8176338
2	289	4	0.012154135	1.6066684
2	409	5	0.22753488	-1.3116485
2	440	6	0.065213001	1.8028219
2	466	7	0.17055478	1.8399485
3	474	8	0.0054009625	0.6042277
4	269	9	0.0076081386	-1.8613249
5	105	10	0.032127063	-0.36028486
6	121	11	0.012154135	1.6066684
6	316	12	0.015508759	1.8540883
6	435	13	0.015508759	-1.2875043
6	458	14	0.012154135	1.6066684
7	141	15	0.012004281	-1.0388515
7	544	16	0.012004281	2.1027412
8	68	17	0.22738479	0.68555884
8	91	18	0.22738479	-2.4560338
9	283	19	0.24261639	1.8603096
9	450	20	0.24261639	-1.281283
9	546	21	2.2644195e-15	1.3734008
10	126	22	0.013184484	-1.2758845
10	383	23	0.0026278213	-1.5543137
11	568	24	0.0029263743	2.8474
12	183	25	0.0036230241	-0.5128462
12	410	26	0.0036230241	2.6287464
12	576	27	0.012154135	1.6066684
13	482	28	0.017305792	-2.1367265
14	43	29	0.015648644	-1.1286343
14	269	30	0.0076081386	1.2802677
14	298	31	0.02115956	2.026452
15	131	32	0.063095794	-1.428963
16	66	33	0.13600785	0.87845104
16	514	34	0.13600785	-2.2631416
17	107	35	0.0084158224	1.7722947
17	520	36	0.0084158224	-1.369298
18	285	37	0.022827668	0.46122202
18	363	38	0.064065679	-2.0961414
18	390	39	0.028015305	-1.8984949
19	307	40	0.011024297	0.70542627
19	455	41	0.0050729423	2.626432
19	460	42	0.012837659	1.4224048
19	572	43	0.01320338	-2.5191406
20	155	44	0.033466078	3.0755269
20	171	45	0.0099002221	-0.44216326
20	209	46	0.033875505	1.1243865
20	539	47	0.027589897	-0.8440391
21	391	48	0.08696433	1.330818
21	505	49	0.012154135	-1.5349242
22	236	50	0.01314703	1.6961029
23	185	51	0.0040510991	2.3673666
23	257	52	0.0084087227	-2.2614752
24	407	53	0.012154135	-1.5349242
25	259	54	0.0077823272	-1.8642878
25	264	55	0.0036931068	-2.1937409
25	520	56	0.022941419	1.3968641
26	450	57	0.24261639	1.8603096
26	519	58	0.36971783	-1.2896316
27	71	59	0.012154135	-1.5349242
27	262	60	0.012154135	1.6066684
27	391	61	0.075342455	-1.8547264
28	171	62	0.027589897	2.2975536
28	199	63	0.018879839	-1.0506143
29	263	64	0.054661751	-2.0533423
30	226	65	0.0052225841	-0.79787139
30	293	66	0.0056557797	1.4800997
30	549	67	0.011234987	1.9921176
31	477	68	0.011922804	-1.6242734
32	226	69	0.012154135	-1.5349242
33	50	70	0.031878577	-1.7760889
33	157	71	0.0091317276	-1.4977321
33	380	72	0.031878577	1.3655038
34	474	73	0.0054009625	-2.537365
34	522	74	0.0054009625	0.6042277
35	53	75	0.090578621	1.3659253
35	74	76	0.066833244	-1.8107386
35	119	77	0.051211623	1.3942219
35	446	78	0.001728443	2.988592
35	508	79	0.01199567	-1.8219
36	464	80	0.017506004	1.4573334
37	502	81	0.011816116	-1.8678707
38	84	82	0.053630153	2.7450904
38	417	83	0.017423421	2.2891364
38	573	84	0.054213381	-1.560365
39	274	85	0.13600785	0.87845104
39	473	86	0.13600785	-2.2631416
40	41	87	0.014943005	2.5441248
41	190	88	0.014943005	2.5441248
42	246	89	0.022376465	-1.6047554
42	565	90	0.0051434837	-1.6872881
42	575	91	0.022376465	1.5368373
43	161	92	0.0036451887	-0.32062704
43	545	93	0.0029263743	-0.29419266
44	371	94	0.018338048	0.61987033
45	148	95	0.0084087227	-2.2614752
45	257	96	0.0084087227	0.8801175
45	499	97	0.0096334524	1.3125243
45	559	98	0.012154135	1.6066684
46	62	99	0.020964747	-1.7172238
46	301	100	0.020964747	1.4243688
47	255	101	0.012154135	1.6066684
47	550	102	0.012154135	-1.5349242
48	71	103	0.012154135	1.6066684
48	77	104	0.1622678	-1.8311767
48	127	105	0.27709936	1.2597276
48	202	106	0.017506004	-1.6842592
48	415	107	0.012154135	1.6066684
48	529	108	0.012154135	1.6066684
49	346	109	0.0090006587	-1.1931261
49	485	110	0.0090006587	1.9484666
50	216	111	0.031878577	1.3655038
50	256	112	0.0091317276	-1.4977321
51	118	113	0.013734265	-1.6953871
51	138	114	0.0094852833	1.3625387
51	277	115	0.0077548365	0.97400209
52	201	116	0.014859176	1.2653191
52	310	117	0.025214826	-1.6260662
52	405	118	0.0101526	-1.8832414
53	119	119	0.03941414	-1.812437
53	302	120	0.090578621	1.3659253
53	445	121	0.012154135	1.6066684
54	531	122	0.20678525	0.5554807
54	535	123	0.17905663	-2.4457377
55	96	124	0.011001728	2.9769139
55	159	125	0.019261089	0.98312199
55	280	126	0.0056929851	-1.6168135
56	103	127	0.012154135	-1.5349242
56	143	128	1.110223e-16	3.1415927
57	100	129	0.047241431	1.5567145
57	104	130	0.0098997995	1.2010184
57	284	131	0.012154135	1.6066684
57	550	132	0.042899925	-1.5163821
58	457	133	0.020964747	1.4243688
59	153	134	0.01314703	-1.4454898
59	282	135	0.0089338187	-2.3513325
60	299	136	0.0067023627	-1.4165241
60	470	137	0.0067023627	1.7250686
60	513	138	0.0067023627	1.7250686
61	83	139	0.24261639	-1.281283
61	362	140	0.01732414	2.0386337
61	409	141	0.23792519	1.8386081
61	477	142	0.011922804	1.5173193
62	230	143	0.020964747	-1.7172238
63	310	144	0.0065788609	1.4313533
63	373	145	0.0038426174	0.95919116
63	511	146	0.005918332	1.1807362
64	198	147	0.012154135	-1.5349242
64	429	148	0.012154135	1.6066684
65	354	149	0.0085048853	-1.9471718
66	274	150	0.13600785	-2.2631416
66	371	151	0.018338048	-2.5217223
66	436	152	0.16284311	0.89933073
67	74	153	0.023693884	1.1434534
68	155	154	0.033466078	-0.066065721
68	376	155	0.21278875	0.8390331
69	292	156	0.15682244	-1.7957088
69	547	157	0.12836143	1.2849213
70	154	158	0.015430655	-1.8219403
71	505	159	0.1622678	-1.8311767
72	406	160	0.0065704874	-1.5744019
73	366	161	0.0077823272	1.2773049
74	157	162	0.031878577	-1.7760889
74	380	163	0.0091317276	1.6438605
75	177	164	0.10372686	0.50273992
75	386	165	0.012154135	1.6066684
75	420	166	0.20988788	0.60668791
75	531	167	0.20678525	-2.586112
76	457	168	0.012154135	-1.5349242
77	165	169	0.022325116	-1.8435432
77	290	170	0.12836143	-1.8566713
77	378	171	0.058447099	-1.8895569
77	505	172	0.012154135	1.6066684
78	259	173	0.0077823272	1.2773049
78	366	174	0.0077823272	-1.8642878
79	346	175	0.0090006587	1.9484666
80	341	176	0.010607279	-1.3258101
81	176	177	0.012154135	1.6066684
81	379	178	0.1660293	-0.381372
81	501	179	0.1660293	2.7602206
82	347	180	0.026651881	-1.3595034
82	358	181	0.026651881	1.7820892
83	283	182	0.24261639	-1.281283
84	248	183	0.081876824	2.4231809
85	250	184	0.0036451887	2.8209656
86	145	185	0.0078173301	-2.4569555
86	420	186	0.0078173301	0.68463714
87	194	187	0.0071845407	2.3684435
87	282	188	0.0089338187	0.79026018
87	286	189	0.0096987176	1.2644147
87	321	190	0.010071984	-2.9304301
87	354	191	0.0085048853	1.1944208
88	99	192	0.0020799299	-0.33627578
88	228	193	0.023845589	-1.8436105
88	254	194	0.037461424	-1.7817094
89	231	195	0.020123682	-1.6007882
89	355	196	0.020123682	1.5408044
90	363	197	0.012154135	-1.5349242
91	334	198	0.0056490015	1.1581078
91	462	199	0.22517442	-2.4876005
92	196	200	0.0096695044	-1.6932008
92	569	201	0.0096695044	1.4483918
93	421	202	0.0036081796	1.9369893
94	379	203	0.086540164	1.451707
94	417	204	0.12868575	-0.18236888
95	129	205	0.01308784	1.9134718
95	276	206	0.01308784	-1.2281209
97	359	207	0.012154135	1.6066684
97	539	208	0.012154135	-1.5349242
98	355	209	0.012154135	-1.5349242
99	227	210	0.011325142	1.2574443
99	228	211	0.023804357	-1.9309215
99	254	212	0.037258553	-1.8371239
100	172	213	0.010756432	1.2838427
100	534	214	0.075304337	1.5715927
101	414	215	0.13176118	-2.880805
101	491	216	0.11742903	0.43925407
102	229	217	0.21990323	-2.1903774
102	337	218	0.21990323	0.95121521
103	105	219	0.16074522	-2.9234131
103	143	220	0.012154135	1.6066684
103	318	221	0.012154135	1.6066684
103	389	222	0.084505839	1.5320976
103	463	223	0.012154135	1.6066684
105	116	224	0.012154135	1.6066684
105	235	225	0.13176118	-2.880805
106	142	226	0.019536383	0.93697995
106	187	227	0.012154135	1.6066684
106	339	228	0.019536383	-2.2046127
106	387	229	0.015014315	1.1909475
108	208	230	0.36055317	-1.274401
108	223	231	0.36055317	1.8671916
109	160	232	0.020123682	1.5408044
109	509	233	0.020123682	-1.6007882
110	217	234	0.02700507	-1.7652644
110	434	235	0.045609682	-1.8481105
110	530	236	0.12766709	1.3374242
111	211	237	0.019836576	1.8196138
111	407	238	0.019836576	-1.3219789
112	242	239	0.041494569	-1.8327572
113	182	240	0.0036613	-1.7349071
113	275	241	0.012614364	1.5013314
113	537	242	0.0032536302	1.7918194
114	198	243	0.0025506317	1.2756711
114	360	244	0.0025506317	-1.8659215
114	557	245	0.0048885784	1.6915517
115	169	246	0.032883318	0.97607312
115	323	247	0.016171012	-2.375674
115	426	248	0.064294225	0.940145
115	521	249	0.10821426	-2.1979362
117	332	250	0.021151847	-1.7620558
117	532	251	0.0097038379	1.0936125
118	164	252	0.013734265	-1.6953871
118	222	253	0.0013024703	-2.5366403
120	243	254	0.17055478	1.8399485
120	440	255	0.14453656	-1.3086718
122	170	256	0.038454174	-1.631144
123	556	257	0.013271299	1.3697442
124	282	258	0.012154135	-1.5349242
125	172	259	0.010756432	-1.85775
126	195	260	0.014470256	-1.3810708
126	467	261	0.012154135	1.6066684
127	431	262	0.27709936	1.2597276
128	200	263	0.0099228114	-2.0310944
128	408	264	0.010831992	0.54697433
129	167	265	0.01308784	1.9134718
130	245	266	0.012154135	-1.5349242
131	144	267	0.0743196	-1.3363165
131	407	268	0.019836576	1.8196138
131	435	269	0.015508759	1.8540883
132	508	270	0.012154135	-1.5349242
133	156	271	0.0082496671	1.5008676
133	577	272	0.0082496671	-1.640725
134	350	273	0.012154135	1.6066684
134	482	274	0.017305792	1.0048662
134	483	275	0.017305792	-2.1367265
135	460	276	0.012837659	-1.7191878
136	451	277	0.035798089	-1.375111
137	235	278	0.11742903	0.43925407
137	417	279	0.11742903	-2.7023386
138	277	280	0.0037362608	-0.87426619
139	179	281	0.0038579063	2.2960419
139	401	282	0.0038579063	2.2960419
140	190	283	0.10045545	-0.46868334
140	441	284	0.18610154	2.6832217
140	486	285	0.17593537	-0.42206713
142	387	286	0.0062663363	-2.8506072
144	260	287	0.042688061	1.8637973
144	364	288	0.10513338	-1.2897417
145	251	289	0.0078173301	-2.4569555
146	200	290	0.010831992	-2.5946183
146	270	291	0.010831992	0.54697433
146	408	292	0.0099228114	1.1104983
147	222	293	0.013734265	1.4462056
147	566	294	0.012902716	-1.6200632
148	270	295	0.0084087227	-2.2614752
149	303	296	0.012154135	-1.5349242
150	321	297	0.0040411318	-2.7698643
150	461	298	0.0040411318	0.37172834
151	518	299	0.0056929851	1.5247792
152	389	300	0.14868149	-2.6264407
152	532	301	0.077331359	0.58493904
152	535	302	0.14868149	0.515152
153	206	303	0.012154135	1.6066684
153	279	304	0.01314703	-1.4454898
154	307	305	0.015430655	-1.8219403
155	370	306	0.012154135	1.6066684
156	210	307	0.0082496671	1.5008676
156	361	308	0.012154135	1.6066684
156	494	309	0.012154135	1.6066684
157	256	310	0.031878577	-1.7760889
158	226	311	0.011234987	-1.1494751
158	469	312	0.011234987	1.9921176
159	352	313	0.064294225	-2.2014477
159	363	314	0.063943464	0.95424999
159	399	315	0.055755806	-2.214484
160	252	316	0.020123682	1.5408044
160	432	317	0.012154135	1.6066684
161	250	318	0.0036451887	-0.32062704
162	507	319	0.012154135	-1.5349242
163	508	320	0.012154135	-1.5349242
164	566	321	0.013734265	-1.6953871
165	342	322	0.012154135	1.6066684
165	567	323	0.022325116	-1.8435432
166	323	324	0.10821426	0.94365643
166	475	325	0.012154135	1.6066684
166	563	326	0.081982513	-2.203563
167	490	327	0.01308784	1.9134718
168	253	328	0.0082006144	-1.3192387
168	447	329	0.0044999017	-1.9355824
169	368	330	0.032883318	0.97607312
170	433	331	0.047241431	1.5567145
170	495	332	0.075304337	-1.5699999
173	245	333	0.011993024	-2.1251015
173	460	334	0.0060083392	-0.37920518
174	275	335	0.012614364	-1.6402612
174	357	336	0.038619892	1.5196231
174	510	337	0.012154135	1.6066684
174	575	338	0.013924035	-1.681319
175	400	339	0.0040411318	-2.7698643
177	184	340	0.012154135	1.6066684
177	420	341	0.10726225	0.70719797
177	496	342	0.012154135	1.6066684
177	516	343	0.0109428	-0.98058177
178	438	344	0.018239372	-1.5122831
179	401	345	0	0
179	534	346	0.0038579063	2.2960419
180	462	347	0.022953487	-1.3796904
181	545	348	0.012154135	-1.5349242
182	213	349	0.0036613	-1.7349071
183	223	350	0.36055317	-1.274401
183	291	351	0.36971783	1.8519611
184	496	352	0	0
185	499	353	0.0084087227	-2.2614752
186	190	354	0.012154135	-1.5349242
187	331	355	0.019536383	-2.2046127
187	387	356	0.0062663363	0.29098544
188	208	357	0.37887061	1.8644851
188	412	358	0.37887061	-1.2771075
188	523	359	0.012154135	1.6066684
189	321	360	0.016455491	-0.5476024
189	395	361	0.016455491	2.5939902
190	486	362	0.075733863	-0.36021708
191	272	363	0.21254291	-0.42017979
191	412	364	0.37887061	1.8644851
191	431	365	0.27709936	-1.881865
192	239	366	0.0048710319	1.3519212
192	301	367	0.020964747	-1.7172238
192	308	368	0.003668888	-0.80187031
193	452	369	0.17788582	-1.331616
193	465	370	0.17788582	1.8099766
194	321	371	0.0085420317	-2.1542914
195	344	372	0.010682309	1.9333711
195	480	373	0.016916529	1.7679141
195	553	374	0.01732414	-1.1029589
196	199	375	0.027589897	2.2975536
196	562	376	0.02461551	-0.82430651
197	262	377	0.012154135	-1.5349242
198	348	378	0.0025506317	1.2756711
199	539	379	0.027589897	2.2975536
200	390	380	0.0094893287	-2.4492186
201	215	381	0.019811788	1.2023678
201	234	382	0.00216947	2.5316999
201	349	383	0.0016938258	-0.66202446
201	578	384	0.012154135	1.6066684
202	320	385	0.017506004	-1.6842592
203	273	386	0.0046654436	1.614357
203	382	387	0.0022959786	0.69171327
203	404	388	0.0027801862	-2.8554864
204	294	389	0.009482357	1.401852
205	423	390	0.033647971	-1.4426759
207	444	391	0.012154135	-1.5349242
210	246	392	0.022376465	1.5368373
210	356	393	0.0020819592	-1.8727873
212	303	394	0.010831992	0.54697433
212	390	395	0.010586072	-2.2147227
213	351	396	0.0036613	-1.7349071
214	281	397	0.022242733	-1.3399719
215	332	398	0.071741304	-2.7016754
215	349	399	0.020366614	-1.8595324
215	535	400	0.030584428	1.2899298
216	380	401	0.031878577	1.3655038
216	560	402	0.012154135	1.6066684
217	520	403	0.02700507	-1.7652644
218	306	404	0.0059913153	0.81193929
218	338	405	0.0059913153	-2.3296534
219	248	406	0.062970499	-1.522533
219	379	407	0.020325598	-2.3030435
220	472	408	0.0093373392	-1.2838929
221	451	409	0.012154135	-1.5349242
224	511	410	0.012154135	-1.5349242
225	377	411	0.018817893	-1.2572091
226	324	412	0.0052225841	-0.79787139
227	267	413	0.011282255	-1.8754535
229	376	414	0.21600584	-2.2455453
229	395	415	0.10966738	-2.1154772
230	457	416	0.020964747	-1.7172238
232	322	417	0.016289395	1.4131432
232	433	418	0.027192464	-1.3899586
233	319	419	0.0090006587	1.9484666
233	485	420	0.0090006587	-1.1931261
234	349	421	0.0038620033	-0.63274869
235	544	422	0.012004281	-1.0388515
236	279	423	0.01314703	1.6961029
237	258	424	0.0056242324	-1.7293487
238	355	425	0.020123682	-1.6007882
238	570	426	0.020123682	1.5408044
239	308	427	0.0075408831	-1.3714168
240	568	428	0.012154135	-1.5349242
241	244	429	0.022775973	-1.7905611
241	434	430	0.0064564382	-1.6460341
242	419	431	0.04562909	0.8505334
242	426	432	0.064294225	-2.2014477
243	324	433	0.050944079	1.8898865
244	254	434	0.025969737	1.3230433
244	261	435	0.024067178	1.3843373
245	265	436	0.011177029	-2.0492115
245	340	437	0.012154135	1.6066684
245	455	438	0.0060083392	-0.37920518
246	565	439	0.017255699	1.5614127
247	264	440	0.0036931068	0.94785173
247	375	441	0.0036931068	-2.1937409
249	453	442	0.025293473	-1.6883455
250	413	443	0.012154135	1.6066684
250	571	444	0.012154135	1.6066684
252	444	445	0.032562724	1.5371763
252	548	446	0.00096934377	-2.8449221
253	447	447	0.0052225841	2.3437213
253	469	448	0.011234987	-1.1494751
256	317	449	0.028859093	-1.7897293
256	418	450	0.012154135	1.6066684
258	365	451	0.014859176	1.2653191
258	511	452	0.0056242324	-1.7293487
260	526	453	0.042688061	1.8637973
261	329	454	0.024067178	1.3843373
263	394	455	0.012154135	1.6066684
263	506	456	0.017735425	-1.9702485
263	563	457	0.059209802	-2.1291327
265	455	458	0.01320338	0.6224521
265	483	459	0.011993024	-2.1251015
266	490	460	0.01308784	-1.2281209
267	333	461	0.011282255	-1.8754535
268	299	462	0.0067023627	-1.4165241
268	513	463	0.0067023627	1.7250686
270	345	464	0.0025887098	1.9461407
270	408	465	0.0058365519	2.5497276
271	277	466	0.012154135	-1.5349242
272	454	467	0.20581633	-0.32238045
272	554	468	0.009482357	-1.7397406
273	309	469	0.010872183	1.4451993
273	404	470	0.005977149	-1.9957051
276	347	471	0.11993477	1.8609597
276	555	472	0.1212991	-1.2497585
277	479	473	0.0077548365	0.97400209
278	457	474	0.012154135	-1.5349242
279	297	475	0.012154135	1.6066684
280	507	476	0.0056929851	-1.6168135
281	564	477	0.022242733	-1.3399719
282	286	478	0.0044387989	2.4298394
283	546	479	0.24261639	-1.281283
285	295	480	0.022827668	0.46122202
285	543	481	0.028015305	-1.8984949
287	498	482	0.0022425059	0.54583953
288	402	483	0.011950817	1.4641286
288	425	484	0.01199567	1.3196926
290	378	485	0.06997233	1.3123887
290	547	486	0.12836143	-1.8566713
291	304	487	0.012154135	1.6066684
291	411	488	0.012154135	1.6066684
291	519	489	0.36971783	1.8519611
292	530	490	0.062751141	-1.8063701
294	497	491	0.009482357	1.401852
295	483	492	0.022827668	0.46122202
296	350	493	0.012154135	-1.5349242
298	453	494	0.02115956	2.026452
299	388	495	0.0067023627	-1.4165241
300	348	496	0.041119357	-1.6202157
300	495	497	0.041119357	1.521377
302	384	498	0.072552208	1.2308937
303	345	499	0.010831992	0.54697433
305	316	500	0.015508759	-1.2875043
307	484	501	0.0059913153	0.81193929
308	567	502	0.003668888	-0.80187031
309	336	503	0.005977149	-1.9957051
310	373	504	0.0036081796	-1.2046033
310	511	505	0.0016938258	-0.66202446
311	356	506	0.0020819592	1.2688053
312	428	507	0.012154135	-1.5349242
313	334	508	0.0056490015	-1.9834849
313	403	509	0.0056490015	1.1581078
314	337	510	0.13600785	-2.2631416
314	473	511	0.13600785	0.87845104
315	493	512	0.0083459658	-1.7878347
315	536	513	0.0053652099	-3.0869491
316	541	514	0.015508759	-1.2875043
317	341	515	0.028859093	-1.7897293
319	368	516	0.032883318	-2.1655195
320	367	517	0.012154135	1.6066684
320	398	518	0.012154135	1.6066684
320	464	519	0.017506004	-1.6842592
321	326	520	0.012154135	1.6066684
321	515	521	0.012154135	1.6066684
322	417	522	0.064362555	1.6611894
322	433	523	0.042899925	-1.5163821
322	534	524	0.037412304	-1.4461764
323	471	525	0.055755806	0.92710864
324	452	526	0.061542974	-1.2976662
325	357	527	0.012154135	-1.5349242
327	372	528	0.018817893	1.8843835
327	437	529	0.018817893	-1.2572091
328	489	530	0.013271299	-1.7718485
328	561	531	0.013271299	1.3697442
330	402	532	0.01199567	-1.8219
330	446	533	0.01199567	1.3196926
331	339	534	0.012154135	-1.5349242
332	532	535	0.030584428	1.2899298
333	504	536	0.011282255	-1.8754535
335	480	537	0.016916529	-1.3736786
336	404	538	0.010872183	-1.6963934
338	369	539	0.012154135	1.6066684
338	484	540	0.0059913153	-2.3296534
339	506	541	0.019536383	-2.2046127
341	397	542	0.0074430015	-1.882619
341	561	543	0.026636742	-1.7265127
343	426	544	0.04562909	-2.2910593
343	542	545	0.055755806	0.92710864
344	383	546	0.014470256	1.7605219
344	472	547	0.0093373392	1.8576997
345	502	548	0.011816116	1.273722
346	540	549	0.012154135	1.6066684
347	364	550	0.10513338	1.851851
348	438	551	0.026538623	-1.6358527
349	522	552	0.025214826	-1.6260662
352	416	553	0.076014831	-2.2431174
352	542	554	0.055755806	-2.214484
353	462	555	0.012154135	-1.5349242
357	381	556	0.018299912	1.2460602
357	423	557	0.038619892	1.5196231
358	424	558	0.026651881	1.7820892
358	558	559	0.012154135	1.6066684
360	557	560	0.0072949409	1.5498231
362	553	561	0.01732414	2.0386337
363	390	562	0.037006953	0.89624657
365	522	563	0.0056242324	-1.7293487
370	374	564	0.012154135	1.6066684
372	377	565	0.018817893	1.8843835
373	421	566	0.0036081796	-1.2046033
373	443	567	0.012154135	1.6066684
376	395	568	0.1082038	0.76420976
377	468	569	0.012154135	1.6066684
379	414	570	0.16074522	0.21817955
381	550	571	0.038619892	1.5196231
382	392	572	0.0022959786	0.69171327
384	434	573	0.072552208	1.2308937
385	552	574	0.16284311	-2.2422619
385	563	575	0.16284311	0.89933073
389	428	576	0.12208964	2.9368468
390	543	577	0.022827668	0.46122202
392	393	578	0.0022959786	0.69171327
395	430	579	0.012154135	1.6066684
396	416	580	0.049856561	0.86546135
396	471	581	0.055755806	-2.214484
396	500	582	0.033350099	1.380889
397	561	583	0.019318935	-1.6665777
399	419	584	0.055755806	-2.214484
399	542	585	0.064294225	-2.2014477
400	461	586	0.0040411318	-2.7698643
401	534	587	0.0038579063	2.2960419
404	512	588	0.014070287	-0.4427519
404	562	589	0.02461551	2.3172861
405	511	590	0.016837589	-1.3878113
406	479	591	0.0065704874	-1.5744019
409	564	592	0.022242733	1.8016207
413	571	593	0	0
414	459	594	0.012154135	1.6066684
417	439	595	0.012154135	1.6066684
420	462	596	0.22862791	0.70051589
422	444	597	0.032562724	-1.6044164
422	503	598	0.032562724	1.5371763
423	550	599	0.018299912	1.2460602
425	508	600	0.01199567	1.3196926
427	551	601	0.011234987	-1.1494751
428	448	602	0.012154135	1.6066684
428	491	603	0.11742903	-2.7023386
431	527	604	0.012154135	1.6066684
433	573	605	0.039798195	1.4729156
435	541	606	0.015508759	1.8540883
436	552	607	0.16284311	0.89933073
437	449	608	0.018817893	-1.2572091
438	503	609	0.032562724	-1.6044164
441	454	610	0.18610154	2.6832217
442	566	611	0.013734265	1.4462056
443	492	612	0.012154135	1.6066684
447	517	613	0.011234987	-1.1494751
447	525	614	0.012154135	1.6066684
447	574	615	0.011234987	1.9921176
449	451	616	0.035798089	1.7664817
449	526	617	0.042688061	-1.2777953
450	546	618	0.24261639	1.8603096
452	466	619	0.19904239	-1.3073623
453	512	620	0.014070287	2.6988408
455	460	621	0.011993024	1.0164912
455	572	622	0.011993024	-2.1251015
456	556	623	0.012154135	-1.5349242
465	555	624	0.1212991	1.8918341
470	493	625	0.0067023627	1.7250686
473	514	626	0.13600785	0.87845104
476	537	627	0.0032536302	-1.3497732
477	488	628	0.012154135	1.6066684
478	526	629	0.012154135	-1.5349242
479	567	630	0.012608102	1.2564318
481	575	631	0.020706299	-1.5122322
483	572	632	0.01320338	0.6224521
486	501	633	0.1660293	-0.381372
487	517	634	0.0022848688	-2.7142766
487	549	635	0.011478386	-1.3498684
489	556	636	0.013271299	-1.7718485
493	513	637	0.0067023627	-1.4165241
493	536	638	0.0086260169	1.9962174
495	550	639	0.037412304	-1.4461764
497	554	640	0.009482357	1.401852
498	561	641	0.0022425059	0.54583953
506	563	642	0.041792074	-2.196326
507	518	643	0.0056929851	-1.6168135
509	570	644	0.020123682	-1.6007882
511	522	645	0.014859176	1.2653191
516	536	646	0.0109428	-0.98058177
517	549	647	0.011234987	-1.1494751
521	563	648	0.097953765	-2.2318402
524	573	649	0.012154135	-1.5349242
528	551	650	0.0022848688	-2.7142766
528	574	651	0.011478386	-1.3498684
532	535	652	0.071741304	0.43991726
533	569	653	0.0096695044	-1.6932008
538	550	654	0.012154135	-1.5349242
545	568	655	0.0029263743	-0.29419266
551	574	656	0.011234987	-1.1494751
227	1	657	0.040423775	1.3491119
292	1	658	0.1374688	-1.8100974
434	1	659	0.098526275	1.3239588
289	2	660	0.012154135	-1.5349242
409	2	661	0.22753488	1.8299442
440	2	662	0.065213001	-1.3387707
466	2	663	0.17055478	-1.3016441
474	3	664	0.0054009625	-2.537365
269	4	665	0.0076081386	1.2802677
105	5	666	0.032127063	2.7813078
121	6	667	0.012154135	-1.5349242
316	6	668	0.015508759	-1.2875043
435	6	669	0.015508759	1.8540883
458	6	670	0.012154135	-1.5349242
141	7	671	0.012004281	2.1027412
544	7	672	0.012004281	-1.0388515
68	8	673	0.22738479	-2.4560338
91	8	674	0.22738479	0.68555884
283	9	675	0.24261639	-1.281283
450	9	676	0.24261639	1.8603096
546	9	677	2.2644195e-15	-1.7681919
126	10	678	0.013184484	1.8657082
383	10	679	0.0026278213	1.5872789
568	11	680	0.0029263743	-0.29419266
183	12	681	0.0036230241	2.6287464
410	12	682	0.0036230241	-0.5128462
576	12	683	0.012154135	-1.5349242
482	13	684	0.017305792	1.0048662
43	14	685	0.015648644	2.0129584
269	14	686	0.0076081386	-1.8613249
298	14	687	0.02115956	-1.1151407
131	15	688	0.063095794	1.7126296
66	16	689	0.13600785	-2.2631416
514	16	690	0.13600785	0.87845104
107	17	691	0.0084158224	-1.369298
520	17	692	0.0084158224	1.7722947
285	18	693	0.022827668	-2.6803706
363	18	694	0.064065679	1.0454512
390	18	695	0.028015305	1.2430977
307	19	696	0.011024297	-2.4361664
455	19	697	0.0050729423	-0.51516063
460	19	698	0.012837659	-1.7191878
572	19	699	0.01320338	0.6224521
155	20	700	0.033466078	-0.066065721
171	20	701	0.0099002221	2.6994294
209	20	702	0.033875505	-2.0172061
539	20	703	0.027589897	2.2975536
391	21	704	0.08696433	-1.8107746
505	21	705	0.012154135	1.6066684
236	22	706	0.01314703	-1.4454898
185	23	707	0.0040510991	-0.77422609
257	23	708	0.0084087227	0.8801175
407	24	709	0.012154135	1.6066684
259	25	710	0.0077823272	1.2773049
264	25	711	0.0036931068	0.94785173
520	25	712	0.022941419	-1.7447285
450	26	713	0.24261639	-1.281283
519	26	714	0.36971783	1.8519611
71	27	715	0.012154135	1.6066684
262	27	716	0.012154135	-1.5349242
391	27	717	0.075342455	1.2868663
171	28	718	0.027589897	-0.8440391
199	28	719	0.018879839	2.0909784
263	29	720	0.054661751	1.0882503
226	30	721	0.0052225841	2.3437213
293	30	722	0.0056557797	-1.6614929
549	30	723	0.011234987	-1.1494751
477	31	724	0.011922804	1.5173193
226	32	725	0.012154135	1.6066684
50	33	726	0.031878577	1.3655038
157	33	727	0.0091317276	1.6438605
380	33	728	0.031878577	-1.7760889
474	34	729	0.0054009625	0.6042277
522	34	730	0.0054009625	-2.537365
53	35	731	0.090578621	-1.7756673
74	35	732	0.066833244	1.3308541
119	35	733	0.051211623	-1.7473707
446	35	734	0.001728443	-0.15300064
508	35	735	0.01199567	1.3196926
464	36	736	0.017506004	-1.6842592
502	37	737	0.011816116	1.273722
84	38	738	0.053630153	-0.39650228
417	38	739	0.017423421	-0.85245624
573	38	740	0.054213381	1.5812277
274	39	741	0.13600785	-2.2631416
473	39	742	0.13600785	0.87845104
41	40	743	0.014943005	-0.59746789
190	41	744	0.014943005	-0.59746789
246	42	745	0.022376465	1.5368373
565	42	746	0.0051434837	1.4543046
575	42	747	0.022376465	-1.6047554
161	43	748	0.0036451887	2.8209656
545	43	749	0.0029263743	2.8474
371	44	750	0.018338048	-2.5217223
148	45	751	0.0084087227	0.8801175
257	45	752	0.0084087227	-2.2614752
499	45	753	0.0096334524	-1.8290683
559	45	754	0.012154135	-1.5349242
62	46	755	0.020964747	1.4243688
301	46	756	0.020964747	-1.7172238
255	47	757	0.012154135	-1.5349242
550	47	758	0.012154135	1.6066684
71	48	759	0.012154135	-1.5349242
77	48	760	0.1622678	1.310416
127	48	761	0.27709936	-1.881865
202	48	762	0.017506004	1.4573334
415	48	763	0.012154135	-1.5349242
529	48	764	0.012154135	-1.5349242
346	49	765	0.0090006587	1.9484666
485	49	766	0.0090006587	-1.1931261
216	50	767	0.031878577	-1.7760889
256	50	768	0.0091317276	1.6438605
118	51	769	0.013734265	1.4462056
138	51	770	0.0094852833	-1.779054
277	51	771	0.0077548365	-2.1675906
201	52	772	0.014859176	-1.8762736
310	52	773	0.025214826	1.5155264
405	52	774	0.0101526	1.2583513
119	53	775	0.03941414	1.3291556
302	53	776	0.090578621	-1.7756673
445	53	777	0.012154135	-1.5349242
531	54	778	0.20678525	-2.586112
535	54	779	0.17905663	0.69585493
96	55	780	0.011001728	-0.16467879
159	55	781	0.019261089	-2.1584707
280	55	782	0.0056929851	1.5247792
103	56	783	0.012154135	1.6066684
143	56	784	1.110223e-16	0
100	57	785	0.047241431	-1.5848782
104	57	786	0.0098997995	-1.9405742
284	57	787	0.012154135	-1.5349242
550	57	788	0.042899925	1.6252106
457	58	789	0.020964747	-1.7172238
153	59	790	0.01314703	1.6961029
282	59	791	0.0089338187	0.79026018
299	60	792	0.0067023627	1.7250686
470	60	793	0.0067023627	-1.4165241
513	60	794	0.0067023627	-1.4165241
83	61	795	0.24261639	1.8603096
362	61	796	0.01732414	-1.1029589
409	61	797	0.23792519	-1.3029846
477	61	798	0.011922804	-1.6242734
230	62	799	0.020964747	1.4243688
310	63	800	0.0065788609	-1.7102393
373	63	801	0.0038426174	-2.1824015
511	63	802	0.005918332	-1.9608564
198	64	803	0.012154135	1.6066684
429	64	804	0.012154135	-1.5349242
354	65	805	0.0085048853	1.1944208
274	66	806	0.13600785	0.87845104
371	66	807	0.018338048	0.61987033
436	66	808	0.16284311	-2.2422619
74	67	809	0.023693884	-1.9981392
155	68	810	0.033466078	3.0755269
376	68	811	0.21278875	-2.3025596
292	69	812	0.15682244	1.3458838
547	69	813	0.12836143	-1.8566713
154	70	814	0.015430655	1.3196524
505	71	815	0.1622678	1.310416
406	72	816	0.0065704874	1.5671908
366	73	817	0.0077823272	-1.8642878
157	74	818	0.031878577	1.3655038
380	74	819	0.0091317276	-1.4977321
177	75	820	0.10372686	-2.6388527
386	75	821	0.012154135	-1.5349242
420	75	822	0.20988788	-2.5349047
531	75	823	0.20678525	0.5554807
457	76	824	0.012154135	1.6066684
165	77	825	0.022325116	1.2980495
290	77	826	0.12836143	1.2849213
378	77	827	0.058447099	1.2520358
505	77	828	0.012154135	-1.5349242
259	78	829	0.0077823272	-1.8642878
366	78	830	0.0077823272	1.2773049
346	79	831	0.0090006587	-1.1931261
341	80	832	0.010607279	1.8157826
176	81	833	0.012154135	-1.5349242
379	81	834	0.1660293	2.7602206
501	81	835	0.1660293	-0.381372
347	82	836	0.026651881	1.7820892
358	82	837	0.026651881	-1.3595034
283	83	838	0.24261639	1.8603096
248	84	839	0.081876824	-0.71841172
250	85	840	0.0036451887	-0.32062704
145	86	841	0.0078173301	0.68463714
420	86	842	0.0078173301	-2.4569555
194	87	843	0.0071845407	-0.77314919
282	87	844	0.0089338187	-2.3513325
286	87	845	0.0096987176	-1.8771779
321	87	846	0.010071984	0.21116257
354	87	847	0.0085048853	-1.9471718
99	88	848	0.0020799299	2.8053169
228	88	849	0.023845589	1.2979821
254	88	850	0.037461424	1.3598832
231	89	851	0.020123682	1.5408044
355	89	852	0.020123682	-1.6007882
363	90	853	0.012154135	1.6066684
334	91	854	0.0056490015	-1.9834849
462	91	855	0.22517442	0.65399216
196	92	856	0.0096695044	1.4483918
569	92	857	0.0096695044	-1.6932008
421	93	858	0.0036081796	-1.2046033
379	94	859	0.086540164	-1.6898857
417	94	860	0.12868575	2.9592238
129	95	861	0.01308784	-1.2281209
276	95	862	0.01308784	1.9134718
359	97	863	0.012154135	-1.5349242
539	97	864	0.012154135	1.6066684
355	98	865	0.012154135	1.6066684
227	99	866	0.011325142	-1.8841484
228	99	867	0.023804357	1.2106711
254	99	868	0.037258553	1.3044687
172	100	869	0.010756432	-1.85775
534	100	870	0.075304337	-1.5699999
414	101	871	0.13176118	0.26078766
491	101	872	0.11742903	-2.7023386
229	102	873	0.21990323	0.95121521
337	102	874	0.21990323	-2.1903774
105	103	875	0.16074522	0.21817955
143	103	876	0.012154135	-1.5349242
318	103	877	0.012154135	-1.5349242
389	103	878	0.084505839	-1.6094951
463	103	879	0.012154135	-1.5349242
116	105	880	0.012154135	-1.5349242
235	105	881	0.13176118	0.26078766
142	106	882	0.019536383	-2.2046127
187	106	883	0.012154135	-1.5349242
339	106	884	0.019536383	0.93697995
387	106	885	0.015014315	-1.9506452
208	108	886	0.36055317	1.8671916
223	108	887	0.36055317	-1.274401
160	109	888	0.020123682	-1.6007882
509	109	889	0.020123682	1.5408044
217	110	890	0.02700507	1.3763283
434	110	891	0.045609682	1.2934821
530	110	892	0.12766709	-1.8041685
211	111	893	0.019836576	-1.3219789
407	111	894	0.019836576	1.8196138
242	112	895	0.041494569	1.3088354
182	113	896	0.0036613	1.4066856
275	113	897	0.012614364	-1.6402612
537	113	898	0.0032536302	-1.3497732
198	114	899	0.0025506317	-1.8659215
360	114	900	0.0025506317	1.2756711
557	114	901	0.0048885784	-1.450041
169	115	902	0.032883318	-2.1655195
323	115	903	0.016171012	0.76591868
426	115	904	0.064294225	-2.2014477
521	115	905	0.10821426	0.94365643
332	117	906	0.021151847	1.3795368
532	117	907	0.0097038379	-2.0479802
164	118	908	0.013734265	1.4462056
222	118	909	0.0013024703	0.60495236
243	120	910	0.17055478	-1.3016441
440	120	911	0.14453656	1.8329209
170	122	912	0.038454174	1.5104486
556	123	913	0.013271299	-1.7718485
282	124	914	0.012154135	1.6066684
172	125	915	0.010756432	1.2838427
195	126	916	0.014470256	1.7605219
467	126	917	0.012154135	-1.5349242
431	127	918	0.27709936	-1.881865
200	128	919	0.0099228114	1.1104983
408	128	920	0.010831992	-2.5946183
167	129	921	0.01308784	-1.2281209
245	130	922	0.012154135	1.6066684
144	131	923	0.0743196	1.8052762
407	131	924	0.019836576	-1.3219789
435	131	925	0.015508759	-1.2875043
508	132	926	0.012154135	1.6066684
156	133	927	0.0082496671	-1.640725
577	133	928	0.0082496671	1.5008676
350	134	929	0.012154135	-1.5349242
482	134	930	0.017305792	-2.1367265
483	134	931	0.017305792	1.0048662
460	135	932	0.012837659	1.4224048
451	136	933	0.035798089	1.7664817
235	137	934	0.11742903	-2.7023386
417	137	935	0.11742903	0.43925407
277	138	936	0.0037362608	2.2673265
179	139	937	0.0038579063	-0.84555075
401	139	938	0.0038579063	-0.84555075
190	140	939	0.10045545	2.6729093
441	140	940	0.18610154	-0.45837097
486	140	941	0.17593537	2.7195255
387	142	942	0.0062663363	0.29098544
260	144	943	0.042688061	-1.2777953
364	144	944	0.10513338	1.851851
251	145	945	0.0078173301	0.68463714
200	146	946	0.010831992	0.54697433
270	146	947	0.010831992	-2.5946183
408	146	948	0.0099228114	-2.0310944
222	147	949	0.013734265	-1.6953871
566	147	950	0.012902716	1.5215295
270	148	951	0.0084087227	0.8801175
303	149	952	0.012154135	1.6066684
321	150	953	0.0040411318	0.37172834
461	150	954	0.0040411318	-2.7698643
518	151	955	0.0056929851	-1.6168135
389	152	956	0.14868149	0.515152
532	152	957	0.077331359	-2.5566536
535	152	958	0.14868149	-2.6264407
206	153	959	0.012154135	-1.5349242
279	153	960	0.01314703	1.6961029
307	154	961	0.015430655	1.3196524
370	155	962	0.012154135	-1.5349242
210	156	963	0.0082496671	-1.640725
361	156	964	0.012154135	-1.5349242
494	156	965	0.012154135	-1.5349242
256	157	966	0.031878577	1.3655038
226	158	967	0.011234987	1.9921176
469	158	968	0.011234987	-1.1494751
352	159	969	0.064294225	0.940145
363	159	970	0.063943464	-2.1873427
399	159	971	0.055755806	0.92710864
252	160	972	0.020123682	-1.6007882
432	160	973	0.012154135	-1.5349242
250	161	974	0.0036451887	2.8209656
507	162	975	0.012154135	1.6066684
508	163	976	0.012154135	1.6066684
566	164	977	0.013734265	1.4462056
342	165	978	0.012154135	-1.5349242
567	165	979	0.022325116	1.2980495
323	166	980	0.10821426	-2.1979362
475	166	981	0.012154135	-1.5349242
563	166	982	0.081982513	0.93802963
490	167	983	0.01308784	-1.2281209
253	168	984	0.0082006144	1.8223539
447	168	985	0.0044999017	1.2060102
368	169	986	0.032883318	-2.1655195
433	170	987	0.047241431	-1.5848782
495	170	988	0.075304337	1.5715927
245	173	989	0.011993024	1.0164912
460	173	990	0.0060083392	2.7623875
275	174	991	0.012614364	1.5013314
357	174	992	0.038619892	-1.6219695
510	174	993	0.012154135	-1.5349242
575	174	994	0.013924035	1.4602737
400	175	995	0.0040411318	0.37172834
184	177	996	0.012154135	-1.5349242
420	177	997	0.10726225	-2.4343947
496	177	998	0.012154135	-1.5349242
516	177	999	0.0109428	2.1610109
438	178	1000	0.018239372	1.6293096
401	179	1001	0	0
534	179	1002	0.0038579063	-0.84555075
462	180	1003	0.022953487	1.7619023
545	181	1004	0.012154135	1.6066684
213	182	1005	0.0036613	1.4066856
223	183	1006	0.36055317	1.8671916
291	183	1007	0.36971783	-1.2896316
496	184	1008	0	0
499	185	1009	0.0084087227	0.8801175
190	186	1010	0.012154135	1.6066684
331	187	1011	0.019536383	0.93697995
387	187	1012	0.0062663363	-2.8506072
208	188	1013	0.37887061	-1.2771075
412	188	1014	0.37887061	1.8644851
523	188	1015	0.012154135	-1.5349242
321	189	1016	0.016455491	2.5939902
395	189	1017	0.016455491	-0.5476024
486	190	1018	0.075733863	2.7813756
272	191	1019	0.21254291	2.7214129
412	191	1020	0.37887061	-1.2771075
431	191	1021	0.27709936	1.2597276
239	192	1022	0.0048710319	-1.7896715
301	192	1023	0.020964747	1.4243688
308	192	1024	0.003668888	2.3397223
452	193	1025	0.17788582	1.8099766
465	193	1026	0.17788582	-1.331616
321	194	1027	0.0085420317	0.98730126
344	195	1028	0.010682309	-1.2082215
480	195	1029	0.016916529	-1.3736786
553	195	1030	0.01732414	2.0386337
199	196	1031	0.027589897	-0.8440391
562	196	1032	0.02461551	2.3172861
262	197	1033	0.012154135	1.6066684
348	198	1034	0.0025506317	-1.8659215
539	199	1035	0.027589897	-0.8440391
390	200	1036	0.0094893287	0.69237404
215	201	1037	0.019811788	-1.9392248
234	201	1038	0.00216947	-0.60989274
349	201	1039	0.0016938258	2.4795682
578	201	1040	0.012154135	-1.5349242
320	202	1041	0.017506004	1.4573334
273	203	1042	0.0046654436	-1.5272357
382	203	1043	0.0022959786	-2.4498794
404	203	1044	0.0027801862	0.28610624
294	204	1045	0.009482357	-1.7397406
423	205	1046	0.033647971	1.6989167
444	207	1047	0.012154135	1.6066684
246	210	1048	0.022376465	-1.6047554
356	210	1049	0.0020819592	1.2688053
303	212	1050	0.010831992	-2.5946183
390	212	1051	0.010586072	0.92686999
351	213	1052	0.0036613	1.4066856
281	214	1053	0.022242733	1.8016207
332	215	1054	0.071741304	0.43991726
349	215	1055	0.020366614	1.2820602
535	215	1056	0.030584428	-1.8516628
380	216	1057	0.031878577	-1.7760889
560	216	1058	0.012154135	-1.5349242
520	217	1059	0.02700507	1.3763283
306	218	1060	0.0059913153	-2.3296534
338	218	1061	0.0059913153	0.81193929
248	219	1062	0.062970499	1.6190597
379	219	1063	0.020325598	0.83854917
472	220	1064	0.0093373392	1.8576997
451	221	1065	0.012154135	1.6066684
511	224	1066	0.012154135	1.6066684
377	225	1067	0.018817893	1.8843835
324	226	1068	0.0052225841	2.3437213
267	227	1069	0.011282255	1.2661392
376	229	1070	0.21600584	0.89604739
395	229	1071	0.10966738	1.0261155
457	230	1072	0.020964747	1.4243688
322	232	1073	0.016289395	-1.7284494
433	232	1074	0.027192464	1.751634
319	233	1075	0.0090006587	-1.1931261
485	233	1076	0.0090006587	1.9484666
349	234	1077	0.0038620033	2.508844
544	235	1078	0.012004281	2.1027412
279	236	1079	0.01314703	-1.4454898
258	237	1080	0.0056242324	1.4122439
355	238	1081	0.020123682	1.5408044
570	238	1082	0.020123682	-1.6007882
308	239	1083	0.0075408831	1.7701759
568	240	1084	0.012154135	1.6066684
244	241	1085	0.022775973	1.3510316
434	241	1086	0.0064564382	1.4955586
419	242	1087	0.04562909	-2.2910593
426	242	1088	0.064294225	0.940145
324	243	1089	0.050944079	-1.2517061
254	244	1090	0.025969737	-1.8185493
261	244	1091	0.024067178	-1.7572554
265	245	1092	0.011177029	1.0923811
340	245	1093	0.012154135	-1.5349242
455	245	1094	0.0060083392	2.7623875
565	246	1095	0.017255699	-1.5801799
264	247	1096	0.0036931068	-2.1937409
375	247	1097	0.0036931068	0.94785173
453	249	1098	0.025293473	1.4532471
413	250	1099	0.012154135	-1.5349242
571	250	1100	0.012154135	-1.5349242
444	252	1101	0.032562724	-1.6044164
548	252	1102	0.00096934377	0.29667059
447	253	1103	0.0052225841	-0.79787139
469	253	1104	0.011234987	1.9921176
317	256	1105	0.028859093	1.3518633
418	256	1106	0.012154135	-1.5349242
365	258	1107	0.014859176	-1.8762736
511	258	1108	0.0056242324	1.4122439
526	260	1109	0.042688061	-1.2777953
329	261	1110	0.024067178	-1.7572554
394	263	1111	0.012154135	-1.5349242
506	263	1112	0.017735425	1.1713442
563	263	1113	0.059209802	1.01246
455	265	1114	0.01320338	-2.5191406
483	265	1115	0.011993024	1.0164912
490	266	1116	0.01308784	1.9134718
333	267	1117	0.011282255	1.2661392
299	268	1118	0.0067023627	1.7250686
513	268	1119	0.0067023627	-1.4165241
345	270	1120	0.0025887098	-1.195452
408	270	1121	0.0058365519	-0.59186501
277	271	1122	0.012154135	1.6066684
454	272	1123	0.20581633	2.8192122
554	272	1124	0.009482357	1.401852
309	273	1125	0.010872183	-1.6963934
404	273	1126	0.005977149	1.1458875
347	276	1127	0.11993477	-1.2806329
555	276	1128	0.1212991	1.8918341
479	277	1129	0.0077548365	-2.1675906
457	278	1130	0.012154135	1.6066684
297	279	1131	0.012154135	-1.5349242
507	280	1132	0.0056929851	1.5247792
564	281	1133	0.022242733	1.8016207
286	282	1134	0.0044387989	-0.71175325
546	283	1135	0.24261639	1.8603096
295	285	1136	0.022827668	-2.6803706
543	285	1137	0.028015305	1.2430977
498	287	1138	0.0022425059	-2.5957531
402	288	1139	0.011950817	-1.6774641
425	288	1140	0.01199567	-1.8219
378	290	1141	0.06997233	-1.8292039
547	290	1142	0.12836143	1.2849213
304	291	1143	0.012154135	-1.5349242
411	291	1144	0.012154135	-1.5349242
519	291	1145	0.36971783	-1.2896316
530	292	1146	0.062751141	1.3352226
497	294	1147	0.009482357	-1.7397406
483	295	1148	0.022827668	-2.6803706
350	296	1149	0.012154135	1.6066684
453	298	1150	0.02115956	-1.1151407
388	299	1151	0.0067023627	1.7250686
348	300	1152	0.041119357	1.521377
495	300	1153	0.041119357	-1.6202157
384	302	1154	0.072552208	-1.910699
345	303	1155	0.010831992	-2.5946183
316	305	1156	0.015508759	1.8540883
484	307	1157	0.0059913153	-2.3296534
567	308	1158	0.003668888	2.3397223
336	309	1159	0.005977149	1.1458875
373	310	1160	0.0036081796	1.9369893
511	310	1161	0.0016938258	2.4795682
356	311	1162	0.0020819592	-1.8727873
428	312	1163	0.012154135	1.6066684
334	313	1164	0.0056490015	1.1581078
403	313	1165	0.0056490015	-1.9834849
337	314	1166	0.13600785	0.87845104
473	314	1167	0.13600785	-2.2631416
493	315	1168	0.0083459658	1.353758
536	315	1169	0.0053652099	0.054643545
541	316	1170	0.015508759	1.8540883
341	317	1171	0.028859093	1.3518633
368	319	1172	0.032883318	0.97607312
367	320	1173	0.012154135	-1.5349242
398	320	1174	0.012154135	-1.5349242
464	320	1175	0.017506004	1.4573334
326	321	1176	0.012154135	-1.5349242
515	321	1177	0.012154135	-1.5349242
417	322	1178	0.064362555	-1.4804032
433	322	1179	0.042899925	1.6252106
534	322	1180	0.037412304	1.6954163
471	323	1181	0.055755806	-2.214484
452	324	1182	0.061542974	1.8439264
357	325	1183	0.012154135	1.6066684
372	327	1184	0.018817893	-1.2572091
437	327	1185	0.018817893	1.8843835
489	328	1186	0.013271299	1.3697442
561	328	1187	0.013271299	-1.7718485
402	330	1188	0.01199567	1.3196926
446	330	1189	0.01199567	-1.8219
339	331	1190	0.012154135	1.6066684
532	332	1191	0.030584428	-1.8516628
504	333	1192	0.011282255	1.2661392
480	335	1193	0.016916529	1.7679141
404	336	1194	0.010872183	1.4451993
369	338	1195	0.012154135	-1.5349242
484	338	1196	0.0059913153	0.81193929
506	339	1197	0.019536383	0.93697995
397	341	1198	0.0074430015	1.2589737
561	341	1199	0.026636742	1.41508
426	343	1200	0.04562909	0.8505334
542	343	1201	0.055755806	-2.214484
383	344	1202	0.014470256	-1.3810708
472	344	1203	0.0093373392	-1.2838929
502	345	1204	0.011816116	-1.8678707
540	346	1205	0.012154135	-1.5349242
364	347	1206	0.10513338	-1.2897417
438	348	1207	0.026538623	1.5057399
522	349	1208	0.025214826	1.5155264
416	352	1209	0.076014831	0.89847528
542	352	1210	0.055755806	0.92710864
462	353	1211	0.012154135	1.6066684
381	357	1212	0.018299912	-1.8955324
423	357	1213	0.038619892	-1.6219695
424	358	1214	0.026651881	-1.3595034
558	358	1215	0.012154135	-1.5349242
557	360	1216	0.0072949409	-1.5917696
553	362	1217	0.01732414	-1.1029589
390	363	1218	0.037006953	-2.2453461
522	365	1219	0.0056242324	1.4122439
374	370	1220	0.012154135	-1.5349242
377	372	1221	0.018817893	-1.2572091
421	373	1222	0.0036081796	1.9369893
443	373	1223	0.012154135	-1.5349242
395	376	1224	0.1082038	-2.3773829
468	377	1225	0.012154135	-1.5349242
414	379	1226	0.16074522	-2.9234131
550	381	1227	0.038619892	-1.6219695
392	382	1228	0.0022959786	-2.4498794
434	384	1229	0.072552208	-1.910699
552	385	1230	0.16284311	0.89933073
563	385	1231	0.16284311	-2.2422619
428	389	1232	0.12208964	-0.20474581
543	390	1233	0.022827668	-2.6803706
393	392	1234	0.0022959786	-2.4498794
430	395	1235	0.012154135	-1.5349242
416	396	1236	0.049856561	-2.2761313
471	396	1237	0.055755806	0.92710864
500	396	1238	0.033350099	-1.7607037
561	397	1239	0.019318935	1.4750149
419	399	1240	0.055755806	0.92710864
542	399	1241	0.064294225	0.940145
461	400	1242	0.0040411318	0.37172834
534	401	1243	0.0038579063	-0.84555075
512	404	1244	0.014070287	2.6988408
562	404	1245	0.02461551	-0.82430651
511	405	1246	0.016837589	1.7537814
479	406	1247	0.0065704874	1.5671908
564	409	1248	0.022242733	-1.3399719
571	413	1249	0	0
459	414	1250	0.012154135	-1.5349242
439	417	1251	0.012154135	-1.5349242
462	420	1252	0.22862791	-2.4410768
444	422	1253	0.032562724	1.5371763
503	422	1254	0.032562724	-1.6044164
550	423	1255	0.018299912	-1.8955324
508	425	1256	0.01199567	-1.8219
551	427	1257	0.011234987	1.9921176
448	428	1258	0.012154135	-1.5349242
491	428	1259	0.11742903	0.43925407
527	431	1260	0.012154135	-1.5349242
573	433	1261	0.039798195	-1.668677
541	435	1262	0.015508759	-1.2875043
552	436	1263	0.16284311	-2.2422619
449	437	1264	0.018817893	1.8843835
503	438	1265	0.032562724	1.5371763
454	441	1266	0.18610154	-0.45837097
566	442	1267	0.013734265	-1.6953871
492	443	1268	0.012154135	-1.5349242
517	447	1269	0.011234987	1.9921176
525	447	1270	0.012154135	-1.5349242
574	447	1271	0.011234987	-1.1494751
451	449	1272	0.035798089	-1.375111
526	449	1273	0.042688061	1.8637973
546	450	1274	0.24261639	-1.281283
466	452	1275	0.19904239	1.8342304
512	453	1276	0.014070287	-0.4427519
460	455	1277	0.011993024	-2.1251015
572	455	1278	0.011993024	1.0164912
556	456	1279	0.012154135	1.6066684
555	465	1280	0.1212991	-1.2497585
493	470	1281	0.0067023627	-1.4165241
514	473	1282	0.13600785	-2.2631416
537	476	1283	0.0032536302	1.7918194
488	477	1284	0.012154135	-1.5349242
526	478	1285	0.012154135	1.6066684
567	479	1286	0.012608102	-1.8851608
575	481	1287	0.020706299	1.6293605
572	483	1288	0.01320338	-2.5191406
501	486	1289	0.1660293	2.7602206
517	487	1290	0.0022848688	0.42731607
549	487	1291	0.011478386	1.7917243
556	489	1292	0.013271299	1.3697442
513	493	1293	0.0067023627	1.7250686
536	493	1294	0.0086260169	-1.1453752
550	495	1295	0.037412304	1.6954163
554	497	1296	0.009482357	-1.7397406
561	498	1297	0.0022425059	-2.5957531
563	506	1298	0.041792074	0.94526661
518	507	1299	0.0056929851	1.5247792
570	509	1300	0.020123682	1.5408044
522	511	1301	0.014859176	-1.8762736
536	516	1302	0.0109428	2.1610109
549	517	1303	0.011234987	1.9921176
563	521	1304	0.097953765	0.90975245
573	524	1305	0.012154135	1.6066684
551	528	1306	0.0022848688	0.42731607
574	528	1307	0.011478386	1.7917243
535	532	1308	0.071741304	-2.7016754
569	533	1309	0.0096695044	1.4483918
550	538	1310	0.012154135	1.6066684
568	545	1311	0.0029263743	2.8474
574	551	1312	0.011234987	1.9921176
