label	xPos	yPos	vote	north
0	0	0	0	0
1	-2.12992	-2.552156	0	0
2	-3.077858	3.851941	0	0
3	0.5344057	-1.315107	0	0
4	2.133801	-0.3448817	0	0
5	0.1143706	-1.486227	0	0
6	-3.454451	5.203383	0	0
7	0.02930646	-1.552218	0	0
8	1.754168	-0.3509467	0	0
9	-2.7488	2.705002	0	0
10	-2.986589	3.475774	0	0
11	2.14454	-0.3761496	0	0
12	-2.305668	1.17614	0	0
13	3.756787	2.085667	0	0
14	2.129442	-0.3594603	0	0
15	-3.4547	5.236064	0	0
16	2.809972	0.8968221	0	0
17	-2.153629	-2.648575	0	0
18	3.667622	2.011366	0	0
19	3.750403	2.05724	0	0
20	1.996965	-0.2114068	0	0
21	-1.954641	-1.871984	0	0
22	2.207568	-0.02830433	0	0
23	3.70584	2.028093	0	0
24	-3.451102	5.204974	0	0
25	-2.155914	-2.679416	0	0
26	-2.610273	2.239963	0	0
27	-1.912866	-1.715186	0	0
28	2.024245	-0.2362619	0	0
29	3.358766	1.610119	0	0
30	-3.198935	4.27527	0	0
31	-2.955316	3.426372	0	0
32	-3.195725	4.283678	0	0
33	-2.262274	-3.048888	0	0
34	0.5432951	-1.30897	0	0
35	-2.239226	-2.961867	0	0
36	-1.919922	-1.809052	0	0
37	3.690381	2.027173	0	0
38	-0.1839667	-1.644522	0	0
39	2.723152	0.7921299	0	0
40	-0.8201711	-1.32687	0	0
41	-0.8325254	-1.318464	0	0
42	-0.1953306	-2.028688	0	0
43	2.136138	-0.373604	0	0
44	2.866939	0.9802081	0	0
45	3.695126	2.01513	0	0
46	-1.977017	-1.975483	0	0
47	-0.1836814	-1.885857	0	0
48	-1.911994	-1.739478	0	0
49	3.490903	1.733036	0	0
50	-2.268772	-3.080097	0	0
51	-1.978412	-1.964095	0	0
52	0.5433278	-1.293856	0	0
53	-2.220798	-2.873183	0	0
54	0.7008365	-1.117033	0	0
55	3.58784	1.88774	0	0
56	0.3009336	-1.450613	0	0
57	-0.1855787	-1.855167	0	0
58	-1.989253	-2.058445	0	0
59	2.200996	0.02387147	0	0
60	1.160918	-0.8882433	0	0
61	-2.95659	3.40256	0	0
62	-1.980076	-1.996224	0	0
63	0.5410205	-1.325547	0	0
64	-0.193136	-1.933313	0	0
65	2.194675	0.026995	0	0
66	2.896792	1.001514	0	0
67	-2.264928	-3.048349	0	0
68	1.930179	-0.2069881	0	0
69	-2.062362	-2.265732	0	0
70	3.766466	2.094281	0	0
71	-1.91243	-1.727332	0	0
72	-1.969648	-1.938125	0	0
73	-2.16492	-2.709214	0	0
74	-2.255108	-3.026786	0	0
75	1.052225	-0.8989361	0	0
76	-1.98663	-2.025558	0	0
77	-1.953769	-1.896276	0	0
78	-2.160417	-2.694315	0	0
79	3.497541	1.716303	0	0
80	-2.283214	-3.135254	0	0
81	-0.4658047	-1.460343	0	0
82	-3.375782	4.925358	0	0
83	-2.887327	3.170041	0	0
84	-0.2334361	-1.62381	0	0
85	2.146516	-0.3770504	0	0
86	1.218601	-0.7842123	0	0
87	2.188423	0.01117587	0	0
88	-2.144263	-2.601678	0	0
89	-0.202286	-2.240481	0	0
90	3.635056	1.968086	0	0
91	1.578157	-0.4949053	0	0
92	2.053142	-0.2636661	0	0
93	0.5458107	-1.329139	0	0
94	-0.3219854	-1.608065	0	0
95	-3.340276	4.796705	0	0
96	3.576987	1.889543	0	0
97	2.014861	-0.2198793	0	0
98	-0.2021184	-2.20822	0	0
99	-2.142299	-2.602364	0	0
100	-0.1849135	-1.80793	0	0
101	-0.02746336	-1.453371	0	0
102	2.334996	0.2990254	0	0
103	0.3013695	-1.46276	0	0
104	-0.1820008	-1.845936	0	0
105	0.144435	-1.497553	0	0
106	3.349643	1.576843	0	0
107	-2.155313	-2.64033	0	0
108	-2.091894	0.4846999	0	0
109	-0.1992687	-2.139908	0	0
110	-2.141507	-2.603829	0	0
111	-3.455551	5.212053	0	0
112	3.512245	1.820355	0	0
113	-0.1947862	-2.017653	0	0
114	-0.193442	-1.9479	0	0
115	3.425674	1.676423	0	0
116	0.1439991	-1.485407	0	0
117	0.4940421	-1.270988	0	0
118	-1.980119	-1.977723	0	0
119	-2.23023	-2.911452	0	0
120	-3.130308	4.055006	0	0
121	-3.454887	5.215529	0	0
122	-0.1856365	-1.747192	0	0
123	-2.295373	-3.223875	0	0
124	2.194273	0.02966998	0	0
125	-0.1788246	-1.787297	0	0
126	-2.982757	3.463158	0	0
127	-1.82718	-1.475678	0	0
128	3.670317	1.999789	0	0
129	-3.344673	4.809032	0	0
130	3.739971	2.07411	0	0
131	-3.445781	5.173602	0	0
132	-2.242642	-2.961341	0	0
133	-0.1980029	-2.089874	0	0
134	3.738229	2.056452	0	0
135	3.754199	2.082633	0	0
136	-3.479423	5.294152	0	0
137	-0.08915232	-1.581465	0	0
138	-1.976451	-1.954815	0	0
139	-0.1798554	-1.7384	0	0
140	-0.9345025	-1.264681	0	0
141	0.03539516	-1.562564	0	0
142	3.361213	1.592585	0	0
143	0.3009336	-1.450613	0	0
144	-3.428514	5.101316	0	0
145	1.212546	-0.7891559	0	0
146	3.675161	1.996533	0	0
147	-1.982897	-1.992091	0	0
148	3.689769	2.008649	0	0
149	3.673776	2.011088	0	0
150	2.18234	0.01053265	0	0
151	3.586793	1.864992	0	0
152	0.4340242	-1.305067	0	0
153	2.202639	0.01082752	0	0
154	3.762631	2.079334	0	0
155	1.963572	-0.2091974	0	0
156	-0.1974265	-2.081645	0	0
157	-2.261607	-3.057995	0	0
158	-3.199884	4.281784	0	0
159	3.598519	1.90377	0	0
160	-0.1986652	-2.119794	0	0
161	2.139598	-0.3747528	0	0
162	3.58688	1.888512	0	0
163	-2.242642	-2.961341	0	0
164	-1.981825	-1.99135	0	0
165	-1.959783	-1.917776	0	0
166	3.350516	1.577591	0	0
167	-3.349071	4.821359	0	0
168	-3.211114	4.310231	0	0
169	3.444098	1.70366	0	0
170	-0.1879557	-1.785577	0	0
171	2.005913	-0.215643	0	0
172	-0.1818691	-1.797613	0	0
173	3.74672	2.072161	0	0
174	-0.1930351	-1.992485	0	0
175	2.193635	0.01493619	0	0
176	-0.4662406	-1.448197	0	0
177	1.143118	-0.8489576	0	0
178	-0.1947502	-1.951294	0	0
179	-0.1824144	-1.735513	0	0
180	1.395085	-0.6093567	0	0
181	2.138503	-0.3623062	0	0
182	-0.1953844	-2.021265	0	0
183	-2.302511	1.174363	0	0
184	1.142682	-0.8368113	0	0
185	3.702943	2.030926	0	0
186	-0.8453157	-1.297912	0	0
187	3.349207	1.58899	0	0
188	-1.876908	-0.2227799	0	0
189	2.164525	0.01763222	0	0
190	-0.8448798	-1.310058	0	0
191	-1.657553	-0.9480765	0	0
192	-1.970899	-1.934003	0	0
193	-3.217183	4.381353	0	0
194	2.183281	0.0161935	0	0
195	-2.980028	3.448948	0	0
196	2.051961	-0.2732633	0	0
197	-1.913737	-1.690893	0	0
198	-0.1927001	-1.94546	0	0
199	2.033629	-0.2526445	0	0
200	3.665909	1.990899	0	0
201	0.5477966	-1.279684	0	0
202	-1.913976	-1.756872	0	0
203	2.08806	-0.308618	0	0
204	-1.469876	-1.072167	0	0
205	-0.1933834	-1.881974	0	0
206	2.202203	0.02297384	0	0
207	-0.1974031	-2.054988	0	0
208	-1.986585	0.1398685	0	0
209	2.01159	-0.180851	0	0
210	-0.1968501	-2.073415	0	0
211	-3.460436	5.231279	0	0
212	3.66496	1.993308	0	0
213	-0.1959825	-2.024877	0	0
214	-3.034817	3.696962	0	0
215	0.5549319	-1.261202	0	0
216	-2.262274	-3.048888	0	0
217	-2.146726	-2.630325	0	0
218	3.771164	2.07743	0	0
219	-0.2981152	-1.507022	0	0
220	-2.989101	3.476847	0	0
221	-3.472899	5.271183	0	0
222	-1.98119	-1.978463	0	0
223	-2.197202	0.8295314	0	0
224	0.542835	-1.307927	0	0
225	-3.494526	5.313423	0	0
226	-3.195289	4.271531	0	0
227	-2.138808	-2.591591	0	0
228	-2.150688	-2.624642	0	0
229	2.2073	0.1199974	0	0
230	-1.983135	-2.016964	0	0
231	-0.2028894	-2.260596	0	0
232	-0.1921812	-1.711591	0	0
233	3.484265	1.749769	0	0
234	0.5460183	-1.278442	0	0
235	0.01712907	-1.531527	0	0
236	2.205925	-0.01526038	0	0
237	0.5450469	-1.308966	0	0
238	-0.2010791	-2.200252	0	0
239	-1.969842	-1.929248	0	0
240	2.141304	-0.3631547	0	0
241	-2.153508	-2.641258	0	0
242	3.501499	1.780276	0	0
243	-3.175661	4.21942	0	0
244	-2.158474	-2.663486	0	0
245	3.740407	2.061964	0	0
246	-0.1960904	-2.051051	0	0
247	-2.160224	-2.685415	0	0
248	-0.2950773	-1.56992	0	0
249	2.113786	-0.2963399	0	0
250	2.143057	-0.3759016	0	0
251	1.20649	-0.7940995	0	0
252	-0.1980618	-2.099679	0	0
253	-3.209073	4.302289	0	0
254	-2.152105	-2.638309	0	0
255	-0.1841173	-1.87371	0	0
256	-2.268106	-3.089204	0	0
257	3.700483	2.021612	0	0
258	0.5441589	-1.314519	0	0
259	-2.158166	-2.686866	0	0
260	-3.440843	5.142185	0	0
261	-2.154012	-2.639836	0	0
262	-1.913301	-1.703039	0	0
263	3.333401	1.561699	0	0
264	-2.158069	-2.682416	0	0
265	3.735262	2.052041	0	0
266	-3.357866	4.846013	0	0
267	-2.142192	-2.602353	0	0
268	1.160918	-0.8882433	0	0
269	2.131622	-0.352171	0	0
270	3.684412	2.002167	0	0
271	-1.97449	-1.945534	0	0
272	-1.463498	-1.034778	0	0
273	2.087856	-0.303957	0	0
274	2.809972	0.8968221	0	0
275	-0.1939107	-2.005069	0	0
276	-3.335878	4.784378	0	0
277	-1.974054	-1.957681	0	0
278	-1.98663	-2.025558	0	0
279	2.204282	-0.002216427	0	0
280	3.587578	1.882053	0	0
281	-3.029728	3.675309	0	0
282	2.194709	0.01752367	0	0
283	-2.818063	2.937521	0	0
284	-0.1860146	-1.84302	0	0
285	3.688064	2.021526	0	0
286	2.191348	0.02042292	0	0
287	-2.288606	-3.174188	0	0
288	-2.248167	-2.996726	0	0
289	-3.078294	3.864087	0	0
290	-1.989967	-2.019428	0	0
291	-2.405098	1.529563	0	0
292	-2.097337	-2.418605	0	0
293	-3.198423	4.280903	0	0
294	-1.468281	-1.06282	0	0
295	3.708507	2.031685	0	0
296	3.737357	2.080744	0	0
297	2.203846	0.009929889	0	0
298	2.120131	-0.3404596	0	0
299	1.161948	-0.8948661	0	0
300	-0.189927	-1.90195	0	0
301	-1.973958	-1.954743	0	0
302	-2.202371	-2.784499	0	0
303	3.674212	1.998942	0	0
304	-2.405534	1.541709	0	0
305	-3.463121	5.233164	0	0
306	3.775287	2.081777	0	0
307	3.758797	2.064388	0	0
308	-1.968348	-1.936639	0	0
309	2.089218	-0.2931705	0	0
310	0.5419349	-1.319032	0	0
311	-0.1980885	-2.07739	0	0
312	0.1846635	-1.341348	0	0
313	1.582689	-0.4845558	0	0
314	2.549513	0.5827456	0	0
315	1.160655	-0.8668476	0	0
316	-3.458786	5.218274	0	0
317	-2.274373	-3.117375	0	0
318	0.3009336	-1.450613	0	0
319	3.480946	1.758135	0	0
320	-1.915958	-1.774265	0	0
321	2.178575	0.00906481	0	0
322	-0.1896237	-1.695503	0	0
323	3.414019	1.665213	0	0
324	-3.191642	4.267793	0	0
325	-0.1914956	-1.94177	0	0
326	2.178139	0.02121113	0	0
327	-3.477112	5.259723	0	0
328	-2.287423	-3.184863	0	0
329	-2.14955	-2.616186	0	0
330	-2.243915	-2.973223	0	0
331	3.337637	1.573248	0	0
332	0.4900213	-1.291754	0	0
333	-2.145577	-2.613116	0	0
334	1.580423	-0.4897305	0	0
335	-2.986654	3.482126	0	0
336	2.086754	-0.2986161	0	0
337	2.462693	0.4780534	0	0
338	3.767042	2.073083	0	0
339	3.338073	1.561102	0	0
340	3.739971	2.07411	0	0
341	-2.280641	-3.145545	0	0
342	-1.960219	-1.90563	0	0
343	3.493683	1.762646	0	0
344	-2.983817	3.458936	0	0
345	3.683463	2.004575	0	0
346	3.494222	1.72467	0	0
347	-3.370192	4.899299	0	0
348	-0.1919583	-1.943019	0	0
349	0.5491326	-1.280726	0	0
350	3.737793	2.068598	0	0
351	-0.1965807	-2.028489	0	0
352	3.560606	1.851843	0	0
353	1.399009	-0.619746	0	0
354	2.191549	0.01908543	0	0
355	-0.2016825	-2.220367	0	0
356	-0.1974693	-2.075403	0	0
357	-0.1910597	-1.953916	0	0
358	-3.381371	4.951418	0	0
359	2.014425	-0.207733	0	0
360	-0.1941839	-1.95034	0	0
361	-0.1978624	-2.069498	0	0
362	-2.964403	3.418023	0	0
363	3.635492	1.95594	0	0
364	-3.399353	5.000308	0	0
365	0.5486277	-1.300348	0	0
366	-2.162669	-2.701765	0	0
367	-1.916394	-1.762119	0	0
368	3.462522	1.730898	0	0
369	3.766606	2.085229	0	0
370	1.963136	-0.1970511	0	0
371	2.881866	0.9908612	0	0
372	-3.482917	5.277623	0	0
373	0.5432268	-1.322401	0	0
374	1.9627	-0.1849048	0	0
375	-2.162378	-2.688415	0	0
376	2.072361	-0.04867379	0	0
377	-3.488721	5.295523	0	0
378	-1.972086	-1.951779	0	0
379	-0.3117038	-1.522138	0	0
380	-2.255775	-3.017679	0	0
381	-0.1852209	-1.936572	0	0
382	2.089828	-0.3071535	0	0
383	-2.986546	3.473146	0	0
384	-2.178182	-2.716097	0	0
385	3.200723	1.383989	0	0
386	1.05179	-0.8867898	0	0
387	3.35521	1.590788	0	0
388	1.162978	-0.9014888	0	0
389	0.3046389	-1.378317	0	0
390	3.658605	1.984842	0	0
391	-1.933971	-1.787511	0	0
392	2.091596	-0.305689	0	0
393	2.093364	-0.3042245	0	0
394	3.332965	1.573845	0	0
395	2.150476	0.02619964	0	0
396	3.480943	1.75441	0	0
397	-2.282925	-3.152629	0	0
398	-1.916394	-1.762119	0	0
399	3.565057	1.859171	0	0
400	2.18987	0.01346835	0	0
401	-0.1824144	-1.735513	0	0
402	-2.246895	-2.984843	0	0
403	1.584954	-0.479381	0	0
404	2.085392	-0.3094027	0	0
405	0.540207	-1.303517	0	0
406	-1.969672	-1.944696	0	0
407	-3.450666	5.192827	0	0
408	3.679569	2.005423	0	0
409	-3.019551	3.632004	0	0
410	-2.308824	1.177918	0	0
411	-2.405534	1.541709	0	0
412	-1.767231	-0.5854282	0	0
413	2.142621	-0.3637553	0	0
414	-0.1547693	-1.487344	0	0
415	-1.91243	-1.727332	0	0
416	3.513264	1.79237	0	0
417	-0.1954337	-1.631404	0	0
418	-2.268541	-3.077058	0	0
419	3.531595	1.814573	0	0
420	1.224657	-0.7792686	0	0
421	0.5445188	-1.32577	0	0
422	-0.1958727	-2.03459	0	0
423	-0.1890842	-1.915347	0	0
424	-3.386961	4.977477	0	0
425	-2.245187	-2.985106	0	0
426	3.463587	1.72835	0	0
427	-3.226504	4.336785	0	0
428	0.1850994	-1.353494	0	0
429	-0.1935719	-1.921167	0	0
430	2.15004	0.03834596	0	0
431	-1.742367	-1.211877	0	0
432	-0.1991011	-2.107647	0	0
433	-0.1872905	-1.73834	0	0
434	-2.153994	-2.647696	0	0
435	-3.450116	5.188492	0	0
436	2.998102	1.129006	0	0
437	-3.471307	5.241822	0	0
438	-0.1936836	-1.969502	0	0
439	-0.1958696	-1.619257	0	0
440	-3.092854	3.915406	0	0
441	-1.101394	-1.182333	0	0
442	-1.985239	-2.018606	0	0
443	0.5427909	-1.310255	0	0
444	-0.1969672	-2.067135	0	0
445	-2.221234	-2.861037	0	0
446	-2.240934	-2.961604	0	0
447	-3.21272	4.306027	0	0
448	0.1846635	-1.341348	0	0
449	-3.465502	5.223922	0	0
450	-2.679536	2.472482	0	0
451	-3.472463	5.259037	0	0
452	-3.175041	4.208531	0	0
453	2.11082	-0.3214589	0	0
454	-1.268285	-1.099986	0	0
455	3.745989	2.059739	0	0
456	-2.293159	-3.198725	0	0
457	-1.986194	-2.037705	0	0
458	-3.454887	5.215529	0	0
459	-0.1552052	-1.475198	0	0
460	3.752301	2.069937	0	0
461	2.186105	0.0120005	0	0
462	1.399445	-0.6318923	0	0
463	0.3009336	-1.450613	0	0
464	-1.91794	-1.791658	0	0
465	-3.259326	4.554175	0	0
466	-3.123211	4.016355	0	0
467	-2.983193	3.475305	0	0
468	-3.489157	5.307669	0	0
469	-3.204478	4.292036	0	0
470	1.159888	-0.8816205	0	0
471	3.447481	1.709811	0	0
472	-2.986459	3.467891	0	0
473	2.636332	0.6874377	0	0
474	0.5388504	-1.312039	0	0
475	3.35008	1.589737	0	0
476	-0.1962128	-2.011304	0	0
477	-2.955953	3.414466	0	0
478	-3.453609	5.1952	0	0
479	-1.969696	-1.951266	0	0
480	-2.983341	3.465537	0	0
481	-0.1957828	-1.985654	0	0
482	3.747508	2.071059	0	0
483	3.728949	2.041844	0	0
484	3.762919	2.068735	0	0
485	3.487584	1.741402	0	0
486	-0.7740065	-1.336753	0	0
487	-3.206045	4.296722	0	0
488	-2.956389	3.426612	0	0
489	-2.290073	-3.197867	0	0
490	-3.353468	4.833686	0	0
491	0.07881803	-1.403432	0	0
492	0.542355	-1.298108	0	0
493	1.158858	-0.8749978	0	0
494	-0.1978624	-2.069498	0	0
495	-0.1878957	-1.860881	0	0
496	1.142682	-0.8368113	0	0
497	-1.466687	-1.053473	0	0
498	-2.286689	-3.173023	0	0
499	3.697587	2.024444	0	0
500	3.487238	1.78716	0	0
501	-0.6199056	-1.398548	0	0
502	3.686922	2.015874	0	0
503	-0.1947781	-2.002046	0	0
504	-2.148961	-2.623879	0	0
505	-1.954205	-1.88413	0	0
506	3.326503	1.54536	0	0
507	3.587316	1.876366	0	0
508	-2.242206	-2.973487	0	0
509	-0.1998721	-2.160023	0	0
510	-0.193471	-1.980339	0	0
511	0.5432709	-1.320073	0	0
512	2.098106	-0.3154308	0	0
513	1.159888	-0.8816205	0	0
514	2.723152	0.7921299	0	0
515	2.178139	0.02121113	0	0
516	1.149208	-0.8580491	0	0
517	-3.208125	4.295775	0	0
518	3.587054	1.870679	0	0
519	-2.507685	1.884763	0	0
520	-2.151944	-2.656821	0	0
521	3.362171	1.588801	0	0
522	0.5477397	-1.305902	0	0
523	-1.877344	-0.2106335	0	0
524	-0.1838371	-1.686586	0	0
525	-3.213155	4.318174	0	0
526	-3.453173	5.183053	0	0
527	-1.742803	-1.199731	0	0
528	-3.21983	4.327479	0	0
529	-1.91243	-1.727332	0	0
530	-2.111983	-2.479623	0	0
531	0.876531	-1.007985	0	0
532	0.4984989	-1.262368	0	0
533	2.055503	-0.2444718	0	0
534	-0.1849734	-1.732626	0	0
535	0.5634095	-1.231816	0	0
536	1.155298	-0.8671406	0	0
537	-0.1954995	-2.014479	0	0
538	-0.1836814	-1.885857	0	0
539	2.015297	-0.2320256	0	0
540	3.493786	1.736816	0	0
541	-3.454451	5.203383	0	0
542	3.527145	1.807244	0	0
543	3.679047	1.995001	0	0
544	0.02321776	-1.541872	0	0
545	2.138939	-0.3744525	0	0
546	-2.7488	2.705002	0	0
547	-2.026164	-2.14258	0	0
548	-0.1989888	-2.099962	0	0
549	-3.20353	4.285522	0	0
550	-0.1832455	-1.898003	0	0
551	-3.221909	4.326532	0	0
552	3.099412	1.256498	0	0
553	-2.972215	3.433485	0	0
554	-1.465093	-1.044125	0	0
555	-3.297602	4.669276	0	0
556	-2.292723	-3.210871	0	0
557	-0.1940309	-1.943047	0	0
558	-3.381807	4.963564	0	0
559	3.69469	2.027276	0	0
560	-2.262709	-3.036741	0	0
561	-2.284772	-3.171859	0	0
562	2.068677	-0.291333	0	0
563	3.302033	1.511481	0	0
564	-3.024639	3.653657	0	0
565	-0.1959284	-2.033796	0	0
566	-1.983532	-2.004978	0	0
567	-1.965797	-1.939276	0	0
568	2.141739	-0.3753011	0	0
569	2.054323	-0.254069	0	0
570	-0.2004756	-2.180138	0	0
571	2.142621	-0.3637553	0	0
572	3.739676	2.049542	0	0
573	-0.1834012	-1.698732	0	0
574	-3.217314	4.31628	0	0
575	-0.1945709	-2.006324	0	0
576	-2.306103	1.188287	0	0
577	-0.1985794	-2.098104	0	0
578	0.5473607	-1.267538	0	0
