from	to	label	distance	angle
1	45	1	0.6111661	1.203584
1	49	2	1.294968	-0.3942306
1	50	3	1.261143	2.326366
2	42	4	1.019724	-0.1800361
3	4	5	1.098228	-2.686713
3	9	6	0.6367855	0.1778191
3	23	7	0.7703148	1.456296
3	34	8	0.7364233	1.705872
4	15	9	0.8405238	-1.392629
4	24	10	1.111919	1.589797
4	41	11	1.224103	-2.80355
5	19	12	0.4878586	-0.4265889
5	27	13	0.7579872	-1.287285
5	35	14	0.7648906	-0.09789466
5	36	15	0.4360698	1.6293
5	38	16	0.8184992	2.158394
5	39	17	1.13751	-2.34247
6	15	18	0.8791445	0.3359143
6	40	19	0.4043194	0.2464276
6	41	20	0.8544349	2.158552
6	49	21	0.7118269	2.928769
7	18	22	0.8999444	-3.077976
7	27	23	0.8527805	2.088426
7	29	24	0.9268501	-0.8092271
7	31	25	0.8629886	-2.036005
7	46	26	0.7734884	1.426409
8	13	27	0.9201402	0.8706574
8	16	28	0.5350487	2.264474
8	45	29	0.6713063	-1.105243
9	34	30	0.9527534	2.437058
10	11	31	0.9934184	-0.5690222
10	37	32	0.7055967	-2.211194
11	22	33	1.737745	-0.3864985
11	37	34	1.258858	-3.117341
12	16	35	0.8395977	-1.801193
12	25	36	0.9243025	0.2194717
12	48	37	0.6603747	1.572059
13	16	38	0.9795827	-2.838605
13	20	39	0.6863692	-0.1674238
13	25	40	0.7435428	1.355426
13	43	41	1.242341	0.4664697
14	39	42	1.083389	-1.200799
15	28	43	0.7295082	1.027887
16	42	44	1.222144	2.207265
16	45	45	1.198616	-1.00412
16	50	46	0.7967241	-2.156975
17	25	47	0.9172962	-2.131908
17	26	48	1.400369	0.8336317
17	39	49	1.041036	0.3493612
17	43	50	1.051502	-1.115272
17	48	51	1.426856	-2.917196
18	27	52	0.9294949	1.032974
18	31	53	0.8780592	-0.9496819
18	39	54	0.8860286	2.210762
18	43	55	1.199725	-2.62753
19	22	56	1.094586	-1.937104
19	35	57	0.3416153	0.3812263
19	36	58	0.7915557	2.205956
19	46	59	0.5849698	-1.029985
20	21	60	0.6909385	-0.7743738
20	43	61	0.8002619	0.9993224
21	24	62	0.9214824	0.3368353
21	41	63	1.241523	-1.785074
21	43	64	1.157868	1.623577
22	32	65	0.8829694	1.925794
22	34	66	1.711523	-1.287494
22	46	67	0.8668538	0.6440279
22	47	68	1.093775	-0.7828896
23	24	69	1.104104	-3.018044
23	29	70	0.8876051	0.894012
23	31	71	0.756012	2.243084
23	34	72	0.190527	-2.953876
24	31	73	0.9590647	0.8611947
24	43	74	1.261649	2.40053
25	43	75	0.9653763	-0.1745366
26	32	76	0.6317096	-0.4260419
26	36	77	0.9861113	0.616522
26	38	78	0.8986494	1.138723
26	39	79	0.6814535	-1.51672
27	35	80	0.8532208	0.8715047
27	39	81	1.009065	-3.054694
27	46	82	0.5338251	0.04568241
28	34	83	1.460295	1.320619
28	40	84	1.152984	-2.355589
29	47	85	0.468898	2.828771
30	37	86	1.294213	0.738656
30	42	87	0.5981174	-2.109572
30	44	88	1.208092	-1.951621
30	48	89	0.6106851	-0.03021345
33	41	90	1.087991	1.308162
34	47	91	0.9210045	1.242528
35	46	92	0.6287924	-1.596132
39	43	93	1.399081	-1.948189
40	49	94	1.089101	3.094084
41	45	95	1.3011	2.74122
41	49	96	0.6030417	-1.947774
42	48	97	1.0423	0.4947964
44	50	98	1.123082	-1.180006
45	1	99	0.6111661	-1.938009
49	1	100	1.294968	2.747362
50	1	101	1.261143	-0.8152263
42	2	102	1.019724	2.961557
4	3	103	1.098228	0.45488
9	3	104	0.6367855	-2.963774
23	3	105	0.7703148	-1.685297
34	3	106	0.7364233	-1.43572
15	4	107	0.8405238	1.748963
24	4	108	1.111919	-1.551795
41	4	109	1.224103	0.3380429
19	5	110	0.4878586	2.715004
27	5	111	0.7579872	1.854308
35	5	112	0.7648906	3.043698
36	5	113	0.4360698	-1.512293
38	5	114	0.8184992	-0.9831984
39	5	115	1.13751	0.7991224
15	6	116	0.8791445	-2.805678
40	6	117	0.4043194	-2.895165
41	6	118	0.8544349	-0.9830405
49	6	119	0.7118269	-0.2128241
18	7	120	0.8999444	0.06361645
27	7	121	0.8527805	-1.053167
29	7	122	0.9268501	2.332366
31	7	123	0.8629886	1.105588
46	7	124	0.7734884	-1.715183
13	8	125	0.9201402	-2.270935
16	8	126	0.5350487	-0.8771184
45	8	127	0.6713063	2.03635
34	9	128	0.9527534	-0.7045343
11	10	129	0.9934184	2.57257
37	10	130	0.7055967	0.9303992
22	11	131	1.737745	2.755094
37	11	132	1.258858	0.02425162
16	12	133	0.8395977	1.3404
25	12	134	0.9243025	-2.922121
48	12	135	0.6603747	-1.569534
16	13	136	0.9795827	0.3029874
20	13	137	0.6863692	2.974169
25	13	138	0.7435428	-1.786167
43	13	139	1.242341	-2.675123
39	14	140	1.083389	1.940794
28	15	141	0.7295082	-2.113706
42	16	142	1.222144	-0.9343281
45	16	143	1.198616	2.137473
50	16	144	0.7967241	0.9846176
25	17	145	0.9172962	1.009685
26	17	146	1.400369	-2.307961
39	17	147	1.041036	-2.792232
43	17	148	1.051502	2.026321
48	17	149	1.426856	0.2243966
27	18	150	0.9294949	-2.108619
31	18	151	0.8780592	2.191911
39	18	152	0.8860286	-0.9308306
43	18	153	1.199725	0.5140626
22	19	154	1.094586	1.204489
35	19	155	0.3416153	-2.760366
36	19	156	0.7915557	-0.9356362
46	19	157	0.5849698	2.111608
21	20	158	0.6909385	2.367219
43	20	159	0.8002619	-2.14227
24	21	160	0.9214824	-2.804757
41	21	161	1.241523	1.356519
43	21	162	1.157868	-1.518016
32	22	163	0.8829694	-1.215799
34	22	164	1.711523	1.854098
46	22	165	0.8668538	-2.497565
47	22	166	1.093775	2.358703
24	23	167	1.104104	0.1235489
29	23	168	0.8876051	-2.247581
31	23	169	0.756012	-0.8985086
34	23	170	0.190527	0.1877166
31	24	171	0.9590647	-2.280398
43	24	172	1.261649	-0.7410622
43	25	173	0.9653763	2.967056
32	26	174	0.6317096	2.715551
36	26	175	0.9861113	-2.525071
38	26	176	0.8986494	-2.00287
39	26	177	0.6814535	1.624873
35	27	178	0.8532208	-2.270088
39	27	179	1.009065	0.0868991
46	27	180	0.5338251	-3.09591
34	28	181	1.460295	-1.820974
40	28	182	1.152984	0.7860037
47	29	183	0.468898	-0.3128214
37	30	184	1.294213	-2.402937
42	30	185	0.5981174	1.032021
44	30	186	1.208092	1.189972
48	30	187	0.6106851	3.111379
41	33	188	1.087991	-1.833431
47	34	189	0.9210045	-1.899065
46	35	190	0.6287924	1.54546
43	39	191	1.399081	1.193404
49	40	192	1.089101	-0.04750915
45	41	193	1.3011	-0.4003725
49	41	194	0.6030417	1.193818
48	42	195	1.0423	-2.646796
50	44	196	1.123082	1.961587
