label	xPos	yPos	vote	north
0	0	0	0	0
1	-0.6291408	-4.978936	0	0
2	-2.852036	-4.87919	0	0
3	0.4821626	1.047981	0	0
4	-6.214881	0.5046301	0	0
5	5.753954	0.8939902	0	0
6	-4.666141	0.8904083	0	0
7	3.848495	-1.636012	0	0
8	-4.469417	-3.010904	0	0
9	1.428196	-6.141948	0	0
10	4.770238	1.048689	0	0
11	-1.868869	5.676072	0	0
12	1.70075	-3.520374	0	0
13	1.528067	-5.237861	0	0
14	-1.052422	5.594878	0	0
15	-1.90809	-5.684654	0	0
16	-5.69864	-2.198164	0	0
17	-4.515966	4.298722	0	0
18	5.30943	-2.966956	0	0
19	5.639787	1.874386	0	0
20	0.2922605	-5.470415	0	0
21	-5.975909	1.677667	0	0
22	3.467258	1.4368	0	0
23	4.536313	3.234711	0	0
24	3.636656	-3.803851	0	0
25	-3.02952	0.02526548	0	0
26	5.831092	-1.056079	0	0
27	-2.974969	4.485639	0	0
28	-2.630067	-4.980782	0	0
29	-0.5306625	5.467474	0	0
30	-4.070525	4.572843	0	0
31	3.085407	2.234586	0	0
32	4.634121	3.307608	0	0
33	-1.964882	-5.057189	0	0
34	2.848403	3.129067	0	0
35	5.896563	0.6188363	0	0
36	5.565416	-0.8858774	0	0
37	-3.79936	2.942896	0	0
38	5.870917	0.4201634	0	0
39	1.336016	3.430013	0	0
40	-1.623652	-3.69371	0	0
41	-0.2204764	-5.873262	0	0
42	-1.582436	-5.835689	0	0
43	-4.125423	3.986275	0	0
44	-4.107272	-2.635321	0	0
45	-3.530145	-4.671122	0	0
46	5.009128	3.522535	0	0
47	3.951134	2.467002	0	0
48	2.605075	-5.109474	0	0
49	-5.722805	-1.546631	0	0
50	-3.037996	-4.38333	0	0
51	3.022161	-5.789678	0	0
52	-0.7185709	5.264737	0	0
53	-0.8974047	-4.671643	0	0
54	-5.222342	0.8700329	0	0
55	4.258085	-4.877765	0	0
56	-5.690766	-2.175668	0	0
57	0.1353546	-4.722117	0	0
58	-4.667063	4.343985	0	0
59	-2.563417	-4.769922	0	0
60	5.210307	3.311275	0	0
61	5.32104	3.417693	0	0
62	3.471148	4.509597	0	0
63	3.703754	2.752564	0	0
64	-4.180289	4.228251	0	0
65	-5.339348	-2.615466	0	0
66	-2.544806	5.336645	0	0
67	5.645485	0.1277242	0	0
68	0.9884552	-6.160581	0	0
69	-0.7592771	5.087999	0	0
70	-2.164369	2.839157	0	0
71	-4.388617	3.651246	0	0
72	5.429564	-0.3857251	0	0
73	-5.922452	-2.148095	0	0
74	0.1616343	-5.828448	0	0
75	4.960588	3.233256	0	0
76	3.5512	4.335449	0	0
77	1.823524	-1.923481	0	0
78	-4.592385	-3.183502	0	0
79	-0.4621522	-4.127427	0	0
80	4.507986	2.722605	0	0
81	-6.501969	1.607037	0	0
82	2.898431	5.550916	0	0
83	-2.989218	1.85796	0	0
84	-5.30709	-2.733427	0	0
85	3.026559	-3.625259	0	0
86	-3.772149	2.352727	0	0
87	0.9242077	5.716893	0	0
88	-3.125953	5.204699	0	0
89	4.631752	-3.470287	0	0
90	3.112741	-5.612738	0	0
91	-2.632311	-2.000192	0	0
92	4.300643	-1.055819	0	0
93	4.113593	-4.346162	0	0
94	0.722712	5.527334	0	0
95	-2.050995	2.093161	0	0
96	-3.895498	3.708204	0	0
97	1.18188	-5.122582	0	0
98	5.15684	1.759636	0	0
99	-5.278805	0.5924836	0	0
100	-0.05723824	3.117766	0	0
101	-0.7786983	5.661114	0	0
102	-5.94	-0.8062245	0	0
103	-0.4719027	4.91975	0	0
104	-5.63905	0.9120767	0	0
105	3.347427	5.162866	0	0
106	4.148323	1.011316	0	0
107	-6.756164	-0.08982709	0	0
108	-4.320153	1.868542	0	0
109	-0.4026649	-4.889037	0	0
110	1.531368	-5.804715	0	0
111	-2.970667	5.30511	0	0
112	-3.960275	3.94385	0	0
113	-3.966364	3.926134	0	0
114	-1.123219	3.393175	0	0
115	-2.849891	3.566946	0	0
116	4.792379	3.103312	0	0
117	-1.399606	-1.467782	0	0
118	4.198654	-5.00497	0	0
119	-0.6197561	3.276814	0	0
120	0.6683912	-3.546384	0	0
121	0.4674716	-5.189642	0	0
122	-0.4905042	5.972082	0	0
123	-2.613681	-3.175047	0	0
124	-2.191821	5.621856	0	0
125	-3.575333	-3.852976	0	0
126	4.556968	5.104452	0	0
127	-3.901564	3.367923	0	0
128	-0.1053167	-5.495235	0	0
129	1.131293	-2.972556	0	0
130	-4.460816	4.363543	0	0
131	-5.849037	-1.277102	0	0
132	-4.451639	-2.606128	0	0
133	-0.4290423	-5.69111	0	0
134	1.818218	-5.211	0	0
135	0.1211754	5.845316	0	0
136	1.330995	4.275603	0	0
137	-4.4798	-3.527892	0	0
138	4.299422	5.014576	0	0
139	-6.48906	0.5312348	0	0
140	-2.901248	-5.282052	0	0
141	0.4706414	4.762746	0	0
142	-0.3808025	1.809062	0	0
143	-0.8531249	-5.935596	0	0
144	4.832461	4.473467	0	0
145	4.648166	-4.511898	0	0
146	5.383499	-2.253628	0	0
147	-3.391551	-1.989292	0	0
148	-5.62892	-2.29419	0	0
149	-3.08739	-5.272449	0	0
150	-2.807531	-5.194984	0	0
151	-5.064275	-1.191276	0	0
152	2.065297	-4.768068	0	0
153	1.115656	4.253783	0	0
154	-3.782096	1.543869	0	0
155	1.721702	3.281661	0	0
156	-1.845201	-5.111115	0	0
157	-1.138491	-4.982148	0	0
158	-0.8792929	4.470788	0	0
159	0.1780917	4.155822	0	0
160	-6.024744	1.057483	0	0
161	4.921987	3.764828	0	0
162	-1.241727	1.610125	0	0
163	0.3229984	2.060279	0	0
164	3.230779	5.306509	0	0
165	-5.010499	-1.134645	0	0
166	-1.229786	-5.69616	0	0
167	-3.939925	4.68146	0	0
168	-1.263895	5.143766	0	0
169	-0.1850773	5.731607	0	0
170	-3.598199	-5.258567	0	0
171	0.8436138	-6.326949	0	0
172	1.50177	-0.4625161	0	0
173	1.285943	0.8965773	0	0
174	1.900724	5.192487	0	0
175	-2.334634	4.853557	0	0
176	0.2918039	-6.295304	0	0
177	3.127542	-5.912272	0	0
178	3.450395	-5.735885	0	0
179	3.636944	5.502009	0	0
180	-4.814124	-3.401376	0	0
181	-6.12015	0.03595505	0	0
182	-3.304762	-0.1369602	0	0
183	-3.508517	4.234886	0	0
184	4.99308	2.233034	0	0
185	-1.129877	5.61367	0	0
186	2.776747	5.266124	0	0
187	3.109488	-0.5911146	0	0
188	-4.959806	-3.318954	0	0
189	-6.470214	1.267985	0	0
190	4.212272	5.217613	0	0
191	5.131343	-3.367121	0	0
192	-1.880671	5.164347	0	0
193	-1.326914	5.982776	0	0
194	1.968759	2.509575	0	0
195	3.384001	-4.581449	0	0
196	-0.6148158	3.6297	0	0
197	-2.292143	-5.155122	0	0
198	5.300289	1.231065	0	0
199	3.798588	1.003805	0	0
200	-3.413661	2.162031	0	0
201	0.03832671	0.2032679	0	0
202	1.392791	5.778344	0	0
203	-6.547616	-0.5997385	0	0
204	-5.261174	2.607173	0	0
205	3.939511	-5.248957	0	0
206	-4.686067	-2.524258	0	0
207	2.010147	-6.038314	0	0
208	-5.097508	-1.680236	0	0
209	-2.549863	-5.438534	0	0
210	-0.4777639	-3.939793	0	0
211	-1.711206	3.239115	0	0
212	-6.232165	2.200556	0	0
213	0.001133978	-6.03441	0	0
214	4.705808	-1.615449	0	0
215	0.6737267	5.546317	0	0
216	1.983419	-1.179798	0	0
217	2.144041	-0.1127395	0	0
218	-2.848644	-5.629991	0	0
219	-3.621049	-4.267037	0	0
220	-2.837956	4.868448	0	0
221	1.868909	-4.051078	0	0
222	3.800111	5.452747	0	0
223	-3.485785	4.898068	0	0
224	-1.822941	-3.728543	0	0
225	-1.394837	5.761321	0	0
226	0.769807	0.07512052	0	0
227	4.919234	2.73246	0	0
228	-3.782452	-4.889846	0	0
229	-5.088888	-2.077694	0	0
230	2.558896	-3.357018	0	0
231	2.682644	3.824043	0	0
232	-5.647637	0.02163308	0	0
233	-6.469409	-0.7577936	0	0
234	-0.2892465	-0.06068121	0	0
235	-0.06326134	-3.589683	0	0
236	-5.894863	2.32855	0	0
237	5.936832	-0.3429147	0	0
238	5.775571	1.431886	0	0
239	4.58009	-3.791296	0	0
240	3.053744	-2.723292	0	0
241	1.638699	4.27974	0	0
242	-1.177634	-4.434033	0	0
243	-5.154374	-2.239419	0	0
244	4.004454	3.948628	0	0
245	-1.017966	0.4067853	0	0
246	-4.488283	1.06608	0	0
247	-5.524382	2.007812	0	0
248	-6.308296	1.821353	0	0
249	-5.022565	-2.610141	0	0
250	2.343745	-3.202251	0	0
251	-0.02093846	5.286025	0	0
252	-4.453438	-1.557187	0	0
253	2.757306	5.858364	0	0
254	3.854274	-0.2947742	0	0
255	-6.138689	-1.734958	0	0
256	-6.194409	2.235627	0	0
257	-1.199566	-2.293901	0	0
258	-3.669458	-4.738634	0	0
259	1.777571	1.934795	0	0
260	-1.705851	-4.241462	0	0
261	-4.405035	1.896329	0	0
262	5.21726	0.1746371	0	0
263	-6.102871	-1.389527	0	0
264	-1.5794	4.330308	0	0
265	-3.840826	-2.287057	0	0
266	1.305147	-6.408081	0	0
267	-3.785267	0.08640162	0	0
268	-3.321056	-4.451184	0	0
269	3.977483	-5.286267	0	0
270	4.574061	4.453555	0	0
271	2.065093	3.891802	0	0
272	5.354537	-2.10017	0	0
273	4.530843	4.843158	0	0
274	-6.712745	-0.697772	0	0
275	0.3324867	-1.729899	0	0
276	-5.336996	3.828223	0	0
277	1.401449	-0.9055457	0	0
278	-5.93051	2.066646	0	0
279	-0.2982055	-5.922832	0	0
280	1.180305	-4.439311	0	0
281	-1.319671	2.330529	0	0
282	4.136653	2.275585	0	0
283	3.297036	5.409084	0	0
284	2.582848	-4.184401	0	0
285	5.459418	0.7880714	0	0
286	1.6772	5.789065	0	0
287	-1.201048	-2.46942	0	0
288	1.517745	5.068724	0	0
289	-5.575955	-1.767651	0	0
290	-6.286989	-1.617239	0	0
291	4.180956	-2.133608	0	0
292	-5.078343	2.176787	0	0
293	-4.547273	-0.08090591	0	0
294	-0.7274872	3.136496	0	0
295	-0.87614	-1.250589	0	0
296	4.904816	-1.880528	0	0
297	-3.021552	-5.037986	0	0
298	0.03503941	5.475956	0	0
299	-2.212029	2.696729	0	0
300	3.114293	1.947776	0	0
301	-6.642613	0.06216682	0	0
302	-4.044242	-1.747949	0	0
303	-0.8548648	-5.452989	0	0
304	-1.517465	-2.428217	0	0
305	-1.555965	-4.940255	0	0
306	-2.218633	3.821694	0	0
307	3.681667	1.445286	0	0
308	-0.8202682	1.294357	0	0
309	-5.251771	1.926952	0	0
310	-2.765967	5.137266	0	0
311	5.547131	-1.61004	0	0
312	4.584145	-4.363449	0	0
313	2.994721	5.940592	0	0
314	5.121768	-2.937231	0	0
315	2.976241	0.5737681	0	0
316	-5.172253	-2.461199	0	0
317	1.040568	5.946014	0	0
318	4.361625	4.846624	0	0
319	-0.7824351	2.866824	0	0
320	1.815367	-5.827985	0	0
321	5.110606	2.270154	0	0
322	-0.5941779	-5.556535	0	0
323	4.108734	5.21763	0	0
324	1.019883	5.279961	0	0
325	1.04715	1.683408	0	0
326	-0.9734006	4.722393	0	0
327	-1.7397	5.495605	0	0
328	4.443312	-4.268376	0	0
329	3.517655	0.5290452	0	0
330	5.033519	-3.445548	0	0
331	4.763746	4.715094	0	0
332	3.590749	5.272047	0	0
333	3.461042	5.471012	0	0
334	0.4357721	-4.716264	0	0
335	5.441149	1.538799	0	0
336	-0.375827	-5.937687	0	0
337	-2.608011	-4.73922	0	0
338	-0.687654	4.603915	0	0
339	-6.504143	0.124022	0	0
340	3.711959	-5.437957	0	0
341	2.84972	5.933797	0	0
342	-2.596982	-5.142075	0	0
343	0.3382082	5.212721	0	0
344	0.7927891	5.816122	0	0
345	3.918801	-3.798235	0	0
346	-3.052837	-0.7449488	0	0
347	-1.448059	-3.279506	0	0
348	1.782121	3.489189	0	0
349	-1.24282	-5.871927	0	0
350	4.526472	2.636432	0	0
351	5.231461	3.483915	0	0
352	2.703519	-5.834318	0	0
353	-5.668353	-0.6497546	0	0
354	1.577379	-5.347075	0	0
355	-0.08656044	-5.205747	0	0
356	-2.702133	4.495931	0	0
357	2.367057	2.609802	0	0
358	1.743043	-4.684355	0	0
359	-0.1768565	4.092338	0	0
360	-4.03156	-4.127406	0	0
361	-1.544567	-5.588572	0	0
362	4.279807	4.855051	0	0
363	-6.082474	2.719261	0	0
364	-3.935488	-0.2555377	0	0
365	3.958229	-5.436371	0	0
366	3.760686	4.851364	0	0
367	-2.097641	3.700187	0	0
368	4.768867	3.038402	0	0
369	-4.493095	3.815751	0	0
370	-6.433258	1.159317	0	0
371	5.216344	-1.312389	0	0
372	4.110587	1.82631	0	0
373	1.86874	5.963808	0	0
374	-3.151044	2.563121	0	0
375	-1.01249	3.867577	0	0
376	1.978276	-6.294543	0	0
377	-3.971534	-3.055645	0	0
378	-1.005765	-0.4657769	0	0
379	1.189263	5.333514	0	0
380	1.969559	-5.245959	0	0
381	-6.074609	-1.618141	0	0
382	-5.594394	-1.223304	0	0
383	5.384743	1.988495	0	0
384	2.12333	3.325084	0	0
385	2.343496	-6.158086	0	0
386	5.355109	-1.227961	0	0
387	-1.3344	2.555728	0	0
388	-0.8829687	-5.823808	0	0
389	1.297393	-5.753693	0	0
390	-3.881416	-4.850121	0	0
391	1.44664	-6.37736	0	0
392	3.220618	-3.115389	0	0
393	2.114447	-5.770933	0	0
394	-5.639331	-2.549373	0	0
395	4.117166	-4.616734	0	0
396	-4.603705	2.293767	0	0
397	3.106974	-3.777639	0	0
398	-5.366937	2.283086	0	0
399	1.758376	-6.054649	0	0
400	-0.6369903	-5.108908	0	0
401	-5.857315	0.5016487	0	0
402	3.718029	-3.825471	0	0
403	3.515572	5.079383	0	0
404	-6.376029	2.160896	0	0
405	-1.229908	-4.992373	0	0
406	-1.545341	-5.949124	0	0
407	4.430937	-4.730387	0	0
408	4.850012	-3.72421	0	0
409	-1.262075	4.123404	0	0
410	-4.775233	-2.112257	0	0
411	5.068283	2.616248	0	0
412	1.040859	-1.760699	0	0
413	-5.452772	-2.651005	0	0
414	-0.8735231	5.311579	0	0
415	4.285971	-1.31785	0	0
416	0.05662381	4.680056	0	0
417	1.5189	3.858444	0	0
418	3.657905	4.128789	0	0
419	-3.505171	3.887986	0	0
420	-1.103078	5.873063	0	0
421	3.933143	-0.0711317	0	0
422	-0.2382209	-3.273662	0	0
423	-2.572928	0.4490932	0	0
424	-5.550307	3.5853	0	0
425	-6.591282	0.8834733	0	0
426	-0.8487078	5.900884	0	0
427	0.679616	-6.023447	0	0
428	3.597907	-4.21577	0	0
429	-4.019562	2.345806	0	0
430	-5.467365	-2.019444	0	0
431	4.906359	1.127807	0	0
432	5.17138	2.743009	0	0
433	2.90321	0.5691706	0	0
434	1.703154	1.318539	0	0
435	-6.272734	2.405698	0	0
436	-4.823352	-3.72488	0	0
437	3.541893	3.759415	0	0
438	4.437242	-3.279392	0	0
439	-2.354342	5.477867	0	0
440	-5.741217	-1.716065	0	0
441	-2.508158	-5.558649	0	0
442	5.117158	3.983961	0	0
443	-0.01231366	-5.92851	0	0
444	3.943136	5.383321	0	0
445	3.011906	4.032765	0	0
446	3.838567	-4.531691	0	0
447	2.505984	-2.936147	0	0
448	2.330141	-5.967852	0	0
449	4.245837	-4.727374	0	0
450	4.937105	4.571038	0	0
451	0.6810499	-3.866044	0	0
452	3.301289	-4.540935	0	0
453	-0.3729025	5.871849	0	0
454	-6.361101	-1.437219	0	0
455	2.738254	5.798808	0	0
456	5.023908	-1.427596	0	0
457	-1.051827	-5.918698	0	0
458	5.443575	-2.150455	0	0
459	2.35724	6.013074	0	0
460	-3.862039	-4.806857	0	0
461	3.138567	-5.295124	0	0
462	1.950621	-3.706619	0	0
463	3.968702	3.488901	0	0
464	-3.158983	-1.252657	0	0
465	-5.643866	-2.4611	0	0
466	2.887417	-1.635638	0	0
467	2.645872	5.717647	0	0
468	2.752466	-5.973507	0	0
469	-6.168358	-0.7596086	0	0
470	-3.769094	-3.037926	0	0
471	3.302848	3.259445	0	0
472	-0.8826787	-5.630583	0	0
473	-4.79231	4.081591	0	0
474	1.227003	-6.041611	0	0
475	4.868554	1.831096	0	0
476	4.221582	4.71136	0	0
477	1.597736	5.726087	0	0
478	-5.008294	-3.334963	0	0
479	-1.733978	-5.776403	0	0
480	-0.06773724	4.821667	0	0
481	1.566854	-4.484206	0	0
482	-0.7479212	5.228975	0	0
483	4.672042	-4.502284	0	0
484	2.907352	3.328671	0	0
485	-6.137271	-1.558545	0	0
486	5.13404	0.5213446	0	0
487	2.211609	-0.01518698	0	0
488	3.088156	-5.415943	0	0
489	-4.266626	2.508991	0	0
490	2.455215	-5.660803	0	0
491	5.107164	4.093036	0	0
492	-0.7798298	-5.99315	0	0
493	5.815947	-1.653034	0	0
494	-3.620284	4.335434	0	0
495	-1.922246	4.890359	0	0
496	0.01885356	3.514367	0	0
497	0.4444973	6.030562	0	0
498	5.281662	-2.495149	0	0
499	0.425543	5.478511	0	0
500	-4.032055	4.656689	0	0
501	-2.882874	3.98024	0	0
502	5.932149	1.117067	0	0
503	-2.250528	-5.262695	0	0
504	-5.153452	-2.792523	0	0
505	-2.918554	-3.631314	0	0
506	-4.72588	2.218466	0	0
507	5.839453	0.8122483	0	0
508	4.720501	2.89669	0	0
509	4.010643	4.813744	0	0
510	-2.694928	4.961071	0	0
511	3.20712	-0.2277831	0	0
512	-0.4055096	-5.677206	0	0
513	2.843713	-5.024121	0	0
514	0.6451349	2.665016	0	0
515	4.311072	-1.618185	0	0
516	3.330113	2.292768	0	0
517	-6.454474	-1.061248	0	0
518	-3.321448	-3.480516	0	0
519	-0.7703477	-5.876853	0	0
520	4.917409	1.419953	0	0
521	-4.987439	-1.896473	0	0
522	-6.679137	-0.1724073	0	0
523	-6.522811	0.787955	0	0
524	-3.991259	4.268981	0	0
525	-3.649813	-2.80561	0	0
526	5.166125	-3.67295	0	0
527	4.059541	4.916242	0	0
528	-5.474241	-2.257116	0	0
529	3.839785	0.1437893	0	0
530	-6.352643	1.985287	0	0
531	3.677824	-0.05573893	0	0
532	0.4256308	5.887157	0	0
533	2.968369	5.724753	0	0
534	-5.417687	3.808188	0	0
535	-0.9738436	-5.414067	0	0
536	3.543008	-4.652944	0	0
537	-5.678403	3.275875	0	0
538	1.497442	5.034486	0	0
539	-6.572954	0.7788551	0	0
540	4.103553	5.215166	0	0
541	3.511798	-0.8944326	0	0
542	-1.78935	1.143398	0	0
543	-5.414593	3.871173	0	0
544	5.329915	-2.815634	0	0
545	-0.2677729	-4.640746	0	0
546	-1.649506	-5.368083	0	0
547	-6.559532	0.5623022	0	0
548	-5.392619	-2.504142	0	0
549	4.268465	-4.775131	0	0
550	3.755668	5.530874	0	0
551	4.846683	3.430629	0	0
552	2.043071	0.8097312	0	0
553	3.014474	-1.579311	0	0
554	4.29967	-3.085772	0	0
555	-1.201048	-2.46942	0	0
556	-1.304464	-3.384511	0	0
557	0.7609917	4.217612	0	0
558	-4.573295	-0.8870847	0	0
559	-3.543904	2.845206	0	0
560	-5.861483	1.63521	0	0
561	5.450197	0.3233227	0	0
562	0.6313419	-0.6265057	0	0
563	5.385761	2.387005	0	0
564	5.861306	0.751487	0	0
565	2.086923	5.818479	0	0
566	3.134882	3.150253	0	0
567	4.478524	0.9254197	0	0
568	3.930871	2.0893	0	0
569	-2.532053	2.250258	0	0
570	-4.568386	3.161211	0	0
571	-5.957651	3.025558	0	0
572	2.960738	-5.850119	0	0
573	4.610591	-0.9987305	0	0
574	5.316099	2.579221	0	0
575	-1.409272	5.243786	0	0
576	-6.437768	0.05744676	0	0
577	5.064364	-3.107716	0	0
578	-3.606045	-4.491294	0	0
579	4.370182	-3.556205	0	0
580	2.670057	5.004143	0	0
581	-6.339359	1.969222	0	0
582	4.398078	3.279486	0	0
583	-6.266264	-1.237751	0	0
584	4.868199	0.06137969	0	0
585	-5.035269	-2.568611	0	0
586	3.76924	-5.153268	0	0
587	0.9598933	-2.431404	0	0
588	-3.523384	-5.139792	0	0
589	4.827488	2.660128	0	0
590	4.669316	2.138478	0	0
591	-5.125622	2.701046	0	0
592	-2.733142	5.220764	0	0
593	5.85772	0.4781871	0	0
594	-1.758404	-4.783887	0	0
595	1.860403	5.892828	0	0
596	-4.341288	3.002615	0	0
597	-1.34131	4.783036	0	0
598	-5.863713	-2.242808	0	0
599	-1.707186	-5.260948	0	0
600	2.342434	-6.16249	0	0
601	-5.227537	2.524052	0	0
602	-1.750692	5.757315	0	0
603	-5.905339	2.858388	0	0
604	-6.014488	2.455665	0	0
605	3.658143	2.884482	0	0
606	0.7602284	-4.645798	0	0
607	4.950193	-3.868318	0	0
608	1.821575	4.178738	0	0
609	-3.341727	4.995163	0	0
610	1.027678	4.708957	0	0
611	2.61112	-3.708003	0	0
612	-2.688535	3.12446	0	0
613	-1.301239	-5.454669	0	0
614	5.196222	-3.212199	0	0
615	-2.199942	5.602361	0	0
616	5.800575	-0.8342104	0	0
617	1.93947	-1.715277	0	0
618	2.343394	-6.096238	0	0
619	-5.641007	-2.336724	0	0
620	5.029637	-0.7889505	0	0
621	4.284351	-4.457182	0	0
622	-3.764109	-1.436658	0	0
623	2.266648	-6.04482	0	0
624	-3.148382	4.526438	0	0
625	-0.5229318	2.442499	0	0
626	4.778724	3.9833	0	0
627	4.046604	4.065726	0	0
628	-6.594455	1.029168	0	0
629	-4.25021	-0.732077	0	0
630	5.313188	0.690315	0	0
631	1.724593	-2.611886	0	0
632	3.40991	5.47085	0	0
633	3.533391	-4.8551	0	0
634	5.177894	4.181042	0	0
635	0.03423055	-3.961538	0	0
636	2.233939	5.264136	0	0
637	-2.694426	-3.940103	0	0
638	2.818691	4.424858	0	0
639	2.293691	-3.637968	0	0
640	-3.461197	-5.271756	0	0
641	5.317473	-2.388067	0	0
642	-5.105256	0.8850209	0	0
643	-3.691058	3.569071	0	0
644	-1.808134	0.1099889	0	0
645	4.588117	3.08726	0	0
646	3.812504	-4.627965	0	0
647	-5.113754	-3.534556	0	0
648	5.067329	3.993286	0	0
649	-4.078309	-0.8785863	0	0
650	-4.848872	1.073546	0	0
651	4.728448	-0.9139864	0	0
652	-0.1494755	-5.726043	0	0
653	3.927853	2.102065	0	0
654	1.061988	5.870718	0	0
655	-1.122075	-2.031067	0	0
656	-5.795613	-2.322735	0	0
657	4.952272	4.6922	0	0
658	5.764102	1.138201	0	0
659	4.968886	3.859993	0	0
660	3.803593	4.150475	0	0
661	-3.794583	1.181588	0	0
662	-3.931768	-2.867718	0	0
663	3.163785	-5.622553	0	0
664	-4.121274	-4.506215	0	0
665	-1.627023	5.071382	0	0
666	5.89495	0.9447544	0	0
667	-5.711085	-2.204139	0	0
668	-2.689981	3.813497	0	0
669	-4.783799	2.703062	0	0
670	0.3916329	2.075343	0	0
671	-0.453913	5.454058	0	0
672	4.80267	-3.139604	0	0
673	0.6347986	4.341198	0	0
674	-6.11581	0.3165001	0	0
675	-6.178932	2.549323	0	0
676	3.143212	-1.351107	0	0
677	4.393816	5.194936	0	0
678	3.26666	5.883424	0	0
679	-5.214931	3.952899	0	0
680	1.942935	6.1685	0	0
681	0.6953788	-5.308554	0	0
682	5.5083	0.104675	0	0
683	2.306631	-1.856797	0	0
684	-2.736262	-4.124344	0	0
685	0.3826917	-5.889071	0	0
686	4.455721	-3.607034	0	0
687	2.613491	5.010416	0	0
688	3.723884	-5.055894	0	0
689	0.1211609	4.999981	0	0
690	2.866187	-5.153499	0	0
691	-2.49849	4.855902	0	0
692	1.772313	4.104056	0	0
693	1.319098	5.623535	0	0
694	-4.903914	3.258581	0	0
695	2.714076	1.675307	0	0
696	5.385739	-0.9765082	0	0
697	2.687079	-5.762629	0	0
698	-5.351232	1.716235	0	0
699	-2.072613	4.386893	0	0
700	-4.050342	4.738716	0	0
701	1.67448	-5.860424	0	0
702	1.904266	-5.90074	0	0
703	0.3006722	-5.016981	0	0
704	0.8844539	-4.771223	0	0
705	0.280143	-4.245255	0	0
706	-4.836643	-0.1759882	0	0
707	0.3029183	-2.35001	0	0
708	5.176073	3.083243	0	0
709	4.339951	3.177834	0	0
710	2.638877	-6.132873	0	0
711	5.033983	4.21167	0	0
712	-2.520613	-0.9418225	0	0
713	5.78884	-0.6714416	0	0
714	4.986724	2.881321	0	0
715	4.939236	-3.097923	0	0
716	3.358497	-5.769489	0	0
717	-0.0518479	4.07225	0	0
718	1.415095	-5.783082	0	0
719	-0.1992193	5.113792	0	0
720	-6.400742	1.335287	0	0
721	0.6069592	5.074676	0	0
722	4.085365	5.387771	0	0
723	2.465882	4.630907	0	0
724	4.538518	4.741006	0	0
725	3.630457	5.477888	0	0
726	4.725071	-4.108401	0	0
727	-3.233459	3.363063	0	0
728	4.957959	4.738522	0	0
729	-3.831296	-3.573409	0	0
730	3.337381	3.685193	0	0
731	3.549768	-5.596271	0	0
732	-0.8413098	2.760978	0	0
733	1.677446	-6.067387	0	0
734	-2.053584	4.51732	0	0
735	-0.08754602	-5.907395	0	0
736	5.65509	-2.408811	0	0
737	3.289303	-1.448819	0	0
738	-4.429682	4.584231	0	0
739	5.012608	-3.226316	0	0
740	4.391989	4.310608	0	0
741	1.504625	6.058033	0	0
742	2.216043	-3.922877	0	0
743	-0.5319668	-0.9501299	0	0
744	2.277578	-6.194465	0	0
745	-5.402688	1.096318	0	0
746	-5.43516	-2.696021	0	0
747	4.308226	4.02254	0	0
748	-5.882511	3.013306	0	0
749	5.93311	-0.9653488	0	0
750	2.944335	-4.86309	0	0
751	-2.280961	-4.513271	0	0
752	-3.550286	5.107673	0	0
753	4.060781	1.048541	0	0
754	3.891754	-5.326879	0	0
755	-1.87117	3.555299	0	0
756	5.177201	-2.948209	0	0
757	1.530094	-6.373709	0	0
758	-6.642892	0.03830781	0	0
759	-6.458007	0.616402	0	0
760	-5.721366	-1.388848	0	0
761	2.35032	-1.273025	0	0
762	0.3490966	-6.172294	0	0
763	1.139474	2.725856	0	0
764	0.4342103	5.919569	0	0
765	-1.547224	-4.273215	0	0
766	-6.102649	2.60659	0	0
767	-5.610064	1.567818	0	0
768	-5.179413	-0.4001072	0	0
769	5.090592	0.2048501	0	0
770	1.92618	4.759122	0	0
771	-4.530555	-1.713821	0	0
772	-5.555838	2.684916	0	0
773	0.3753248	3.239775	0	0
774	-5.254102	3.767532	0	0
775	-5.807828	2.188297	0	0
776	0.3949363	5.637795	0	0
777	-4.817756	1.242399	0	0
778	-3.831319	-2.456897	0	0
779	-0.1171268	4.559006	0	0
780	5.722733	-2.033541	0	0
781	3.326887	0.09432747	0	0
782	-5.532524	-1.728165	0	0
783	4.612245	4.818794	0	0
784	-5.927826	0.5021671	0	0
785	5.860357	-0.05229007	0	0
786	5.194865	-3.32993	0	0
787	-6.364244	1.078752	0	0
788	-6.258745	-1.110335	0	0
789	3.866563	5.427326	0	0
790	4.072239	-5.302104	0	0
791	-0.605121	-6.003204	0	0
792	-5.639249	0.5998681	0	0
793	1.246644	-4.811505	0	0
794	5.408522	2.272154	0	0
795	5.586349	-2.627879	0	0
796	-5.521688	2.92695	0	0
797	5.439228	1.883394	0	0
798	-1.352929	4.18542	0	0
799	-5.861229	-1.982703	0	0
800	-6.064801	-0.3963388	0	0
801	2.523528	-1.83382	0	0
802	-0.03367812	5.25048	0	0
803	1.404221	-3.011869	0	0
804	-0.3274171	-2.095805	0	0
805	0.02212941	-5.516154	0	0
806	5.740814	-1.667434	0	0
807	5.753863	0.3664362	0	0
808	4.053435	2.724393	0	0
809	-4.149746	2.849092	0	0
810	-2.838049	1.452024	0	0
811	2.011746	6.073374	0	0
812	-3.967734	3.905682	0	0
813	4.528843	4.500616	0	0
814	-5.378589	-3.034116	0	0
815	4.295532	-3.34937	0	0
816	5.445278	-2.445865	0	0
817	0.6484742	4.849629	0	0
818	-2.850923	5.10909	0	0
819	3.556221	4.679151	0	0
820	3.225275	-5.542451	0	0
821	-5.364222	-1.52167	0	0
822	-3.42629	4.992704	0	0
823	2.32452	4.47415	0	0
824	2.359603	4.363036	0	0
825	-5.357942	2.237617	0	0
826	4.308246	-3.950358	0	0
827	4.453529	-4.547386	0	0
828	3.876928	-4.927356	0	0
829	-3.718709	2.910323	0	0
830	-4.207627	-4.269943	0	0
831	-1.80366	4.204845	0	0
832	5.828709	-0.03959021	0	0
833	4.777197	4.502586	0	0
834	-2.073972	5.423161	0	0
835	2.369995	-5.507882	0	0
836	-1.635631	-1.919657	0	0
837	0.06363305	-1.169952	0	0
838	4.700799	5.060213	0	0
839	-5.852038	-2.068086	0	0
840	3.820591	-2.37123	0	0
841	2.424813	6.0331	0	0
842	-1.615706	-1.908799	0	0
843	1.730409	5.359242	0	0
844	-5.378823	-0.7152037	0	0
845	2.282419	4.713287	0	0
846	4.364537	2.243433	0	0
847	-1.89141	4.616899	0	0
848	-4.993456	-0.5687674	0	0
849	-5.013634	-2.421442	0	0
850	4.599041	2.47863	0	0
851	-5.116661	-0.2786601	0	0
852	3.886877	4.395991	0	0
853	4.482962	1.237865	0	0
854	-3.938417	0.9808358	0	0
855	-0.4102811	-4.753628	0	0
856	-5.722476	2.950552	0	0
857	2.738681	-0.9234896	0	0
858	-0.4920641	-5.723704	0	0
859	-5.646378	-0.9057508	0	0
860	2.439253	1.718878	0	0
861	3.234619	4.633447	0	0
862	0.7346267	3.96673	0	0
863	-4.530072	-3.107239	0	0
864	2.338318	-2.596599	0	0
865	3.7692	1.355187	0	0
866	-3.56656	4.602651	0	0
867	5.077032	2.118713	0	0
868	4.009283	3.029461	0	0
869	5.827869	1.058647	0	0
870	-6.642859	1.122064	0	0
871	1.853938	2.273532	0	0
872	1.505237	-3.564977	0	0
873	-6.082824	-1.957302	0	0
874	5.066728	3.216815	0	0
875	4.05794	-4.578029	0	0
876	-6.091862	2.094902	0	0
877	-3.573606	4.902788	0	0
878	-2.338245	-4.84023	0	0
879	-5.965371	2.849258	0	0
880	-0.4494713	6.014046	0	0
881	1.951378	-5.555546	0	0
882	3.627889	5.234643	0	0
883	-5.633071	3.757331	0	0
884	-0.2841161	0.6731815	0	0
885	-2.18114	5.354203	0	0
886	2.813806	2.28697	0	0
887	-4.183254	-3.458185	0	0
888	-3.744904	-4.867163	0	0
889	3.640982	-3.334496	0	0
890	-5.582416	3.553391	0	0
891	5.788922	-0.01599221	0	0
892	-4.904414	-3.639351	0	0
893	-3.248317	4.855905	0	0
894	-3.276182	3.7567	0	0
895	4.418675	-4.620402	0	0
896	5.675726	-0.8874473	0	0
897	2.638535	0.9338655	0	0
898	-0.6710624	6.154457	0	0
899	-6.049039	-0.4775471	0	0
900	-2.467379	-3.809422	0	0
901	-0.7383811	4.720103	0	0
902	5.531057	1.283321	0	0
903	4.422429	-0.1050835	0	0
904	-1.009691	2.797717	0	0
905	5.444131	-1.498674	0	0
906	3.451591	-2.210491	0	0
907	0.921029	3.327294	0	0
908	3.19362	-5.763255	0	0
909	-0.9667742	-5.454877	0	0
910	-5.868353	2.902462	0	0
911	-5.429372	-2.584855	0	0
912	-2.095646	-2.420957	0	0
913	-4.035808	4.476137	0	0
914	0.9227904	-5.722957	0	0
915	0.2576897	4.946463	0	0
916	-4.600057	-1.874291	0	0
917	-2.44492	-5.627364	0	0
918	4.996767	4.449327	0	0
919	-5.737715	2.694332	0	0
920	1.655474	-6.218463	0	0
921	1.509012	5.621643	0	0
922	-4.606225	-3.661569	0	0
923	5.781434	1.113807	0	0
924	2.290159	5.663117	0	0
925	-2.07142	-5.495591	0	0
926	-0.3522611	-0.742971	0	0
927	-5.115976	-1.072389	0	0
928	1.69049	4.634408	0	0
929	2.299642	-4.531433	0	0
930	-3.196991	4.292435	0	0
931	4.169423	4.513697	0	0
932	-3.762526	-4.878987	0	0
933	-6.341158	1.321039	0	0
934	-5.319423	-2.604607	0	0
935	4.565669	0.5091038	0	0
936	-6.593158	0.7441371	0	0
937	0.8750028	-4.450389	0	0
938	4.322508	3.514643	0	0
939	0.4329277	-6.021493	0	0
940	4.670181	4.883013	0	0
941	-3.55989	3.944267	0	0
942	4.169143	-4.277247	0	0
943	0.6635685	-5.998861	0	0
944	-0.2234625	-5.844647	0	0
945	-4.329668	0.8172909	0	0
946	-1.077714	4.685223	0	0
947	0.8219504	5.770425	0	0
948	-4.781694	0.5875062	0	0
949	4.711697	-3.937033	0	0
950	4.183982	1.731457	0	0
951	5.800763	-1.495756	0	0
952	2.067081	-4.402576	0	0
953	-3.883571	-3.342488	0	0
954	0.5299061	-4.354684	0	0
955	-3.861491	-4.839262	0	0
956	-3.758716	4.3083	0	0
957	2.160464	-3.075003	0	0
958	-3.446368	-0.8666603	0	0
959	5.806595	0.04398904	0	0
960	-4.175221	-2.445154	0	0
961	-6.332509	-0.4677036	0	0
962	3.686195	-5.540421	0	0
963	-3.000614	-4.90444	0	0
964	2.274611	-6.031596	0	0
965	-6.660488	1.00923	0	0
966	1.234395	-3.633928	0	0
967	-4.019569	-3.955754	0	0
968	-5.400286	2.077506	0	0
969	-4.552519	4.108078	0	0
970	-1.893699	2.615393	0	0
971	3.782084	3.673121	0	0
972	4.582814	-2.041969	0	0
973	5.80141	-1.560642	0	0
974	2.941187	-5.628647	0	0
975	-3.273049	-3.193574	0	0
976	4.002409	-3.375866	0	0
977	4.426075	0.9781294	0	0
978	-3.807189	-4.863573	0	0
979	2.382244	-5.908572	0	0
980	5.537345	-0.9888415	0	0
981	4.412082	2.530794	0	0
982	-5.021315	-3.635802	0	0
983	0.4038174	-2.894903	0	0
984	-3.922195	-3.770071	0	0
985	5.827869	1.058647	0	0
986	-5.863272	-1.698483	0	0
987	4.024484	-5.079029	0	0
988	-2.393281	4.107809	0	0
989	4.475165	-3.594642	0	0
990	-4.941208	1.511834	0	0
991	2.416605	-3.562172	0	0
992	1.127553	-5.863984	0	0
993	-5.225683	3.251936	0	0
994	3.542112	-1.91923	0	0
995	-4.289188	2.567963	0	0
996	4.615854	-2.868751	0	0
997	-4.602881	-3.158701	0	0
998	3.149139	-0.6968109	0	0
999	-5.066224	-3.096894	0	0
