from	to	label	distance	angle
1	405	1	0.46894462	0.84130535
1	470	2	0.14473724	-1.485361
2	28	3	0.74840121	0.46714458
2	78	4	0.46884421	-3.1029054
2	229	5	0.38153675	-2.5490201
3	64	6	0.56993595	-0.61480275
3	93	7	0.061058162	2.1438918
3	277	8	0.68994895	2.0335255
4	20	9	0.56088334	-1.5238932
4	48	10	0.14407834	-1.3830597
4	165	11	0.14159331	-2.5222367
4	260	12	0.24071443	0.26261896
4	289	13	0.49431384	1.5050592
4	393	14	0.73562409	-1.2620595
4	426	15	0.53578555	1.3315669
5	141	16	0.41947681	2.4440121
5	168	17	0.71961476	2.4627052
5	433	18	0.32448754	0.52026909
5	438	19	0.94393065	-0.11438536
5	467	20	0.4124	-0.068341018
6	49	21	0.47744301	-1.6947291
6	140	22	0.98729501	1.1887904
6	151	23	0.23373023	-1.7136309
6	258	24	0.62970446	1.356695
6	322	25	0.65766782	-2.1527728
6	461	26	0.43327846	-2.2352214
7	92	27	0.063276392	2.9244235
7	321	28	0.19746707	-2.5605312
8	309	29	0.25996201	-0.38994336
8	370	30	0.39128266	1.9210258
9	242	31	0.16768634	-1.9078696
9	404	32	0.18752999	0.15705987
10	215	33	1.0688008	-1.3632944
10	439	34	0.83211043	2.0715829
11	60	35	0.63734566	0.79277418
11	98	36	0.46869441	-1.7817727
11	115	37	0.44718495	-2.1472482
11	227	38	0.53083775	-2.6465466
11	386	39	0.56627095	1.3256484
12	248	40	0.21509807	-1.613921
12	425	41	0.12894752	-1.2225171
13	236	42	0.65856675	-1.9461656
13	252	43	0.6167312	-0.62264642
13	260	44	0.31034238	-2.2662032
13	263	45	0.44257311	2.325757
13	400	46	0.53155857	1.3578445
13	401	47	0.341131	0.96687676
14	63	48	0.74621444	0.4361355
14	251	49	0.39407068	0.28859033
14	384	50	0.30918782	2.136302
14	427	51	0.50528465	-2.2977663
15	170	52	0.37129308	2.003396
15	255	53	0.5545298	-1.5270614
15	297	54	0.4511957	-2.1855174
15	406	55	0.65576909	0.89727869
15	442	56	0.31953449	2.9804316
16	139	57	0.51277885	0.1172638
16	381	58	0.71701261	-0.60429016
16	486	59	0.86160353	-2.801772
17	67	60	0.89705466	-1.1770794
17	154	61	1.1763532	1.8661867
17	193	62	0.61722172	-1.0762273
17	372	63	1.205369	-1.5623614
17	398	64	1.1563476	2.029198
18	168	65	0.692984	2.7030801
18	259	66	0.4108016	1.583971
18	467	67	0.39103334	-0.49511131
18	485	68	0.8570033	-0.46153907
19	61	69	0.8484151	0.057049097
19	202	70	0.58181383	-0.13911909
19	371	71	0.10537429	2.7301926
19	373	72	0.38850822	2.8131882
19	438	73	0.60198669	3.1169229
20	165	74	0.49859681	1.8587361
20	293	75	0.40985083	-0.864695
20	393	76	0.24219747	-0.61924267
21	68	77	0.76353565	-2.448828
21	302	78	0.54867067	-0.27447646
21	309	79	0.29884566	1.5369397
22	186	80	0.60672672	-0.22054109
22	357	81	1.2777357	0.32859034
22	435	82	1.3956536	-3.0862656
23	36	83	0.50076855	-0.05535635
23	350	84	0.37633779	2.722343
23	440	85	0.4607801	-0.18195242
24	230	86	0.80731239	2.347306
24	294	87	0.55355599	-1.3218227
24	345	88	0.35689624	0.78551769
24	434	89	0.71608593	-0.72957564
25	117	90	0.87141775	2.076569
25	363	91	0.64403823	-1.5329366
26	31	92	0.61378523	2.5677623
26	153	93	0.55102232	2.7525955
26	417	94	0.5669489	-0.029884839
26	440	95	0.36671115	-1.9399692
27	111	96	0.22008872	-1.5403106
28	188	97	0.44079745	0.8300955
28	209	98	1.0218397	0.41849363
28	210	99	1.5424662	0.21882353
28	229	100	1.127951	-2.6321198
29	445	101	0.43204558	-0.033845312
29	464	102	0.59636171	1.6507331
30	96	103	0.030144911	-0.56894315
30	178	104	0.20830057	2.378526
30	312	105	0.96274179	-1.149456
30	439	106	0.15578395	-0.71271015
31	153	107	0.12434101	-1.5255945
31	199	108	0.90642211	0.30721977
31	359	109	0.68292344	-2.986798
31	434	110	0.92133175	2.9612268
31	459	111	0.57131471	-3.1089098
31	484	112	0.41512094	-0.1140006
32	98	113	0.40798764	0.70750362
32	115	114	0.38540717	1.1298863
32	122	115	0.36954229	2.8737331
32	299	116	0.085234514	-1.093548
33	128	117	0.66512455	2.6597068
33	139	118	0.070977841	0.9283791
33	342	119	0.46069068	0.92537917
33	381	120	0.42867096	-1.2790379
33	441	121	0.82621699	0.062144043
34	155	122	0.27607602	-0.30794246
34	357	123	1.4862631	-2.2939826
34	472	124	1.5717545	1.0308898
35	122	125	0.38252578	-0.47662653
35	169	126	0.37967634	-1.9538685
35	184	127	0.22708102	2.504373
35	227	128	0.66740497	0.30117369
35	296	129	1.018424	0.86007583
35	420	130	0.87841361	-2.5094651
36	185	131	0.19008555	0.50656415
36	202	132	0.13009529	-0.61345416
36	440	133	0.072747349	-2.270126
37	72	134	0.80263902	-2.1816794
37	112	135	0.64590519	-0.067203609
37	191	136	0.51111805	-2.1926929
37	330	137	0.46882463	2.4538747
37	494	138	0.63551845	1.2315208
38	63	139	0.15060253	0.97480179
38	251	140	0.22796971	-2.7903305
39	118	141	0.22357554	2.6619119
39	319	142	0.35405859	3.110923
39	416	143	0.91786437	-1.2447124
40	59	144	1.1146279	-1.6906361
40	84	145	0.94963716	-1.8399927
40	123	146	0.5610532	0.69242414
40	413	147	0.4962602	1.7604452
41	42	148	0.24149926	3.107711
41	149	149	0.77955553	-3.0505067
41	181	150	0.47889689	-2.9539994
41	290	151	0.37670371	-2.8866463
41	339	152	0.4785723	-0.17016317
42	149	153	0.54077796	-2.9948153
43	70	154	0.45101665	2.2345744
43	113	155	0.50328302	1.109974
44	50	156	0.26450744	2.1361359
44	208	157	0.89835096	-1.8937972
44	471	158	0.2713592	-1.5211366
45	166	159	0.35714169	0.87602561
45	197	160	0.66461602	0.71325715
45	255	161	0.7353046	-2.2724094
45	406	162	0.51286898	1.7468335
45	473	163	1.2537469	-0.0029960978
46	379	164	0.41648683	1.9483143
46	433	165	0.41127374	-0.53062751
46	456	166	0.41444358	-0.91515811
46	498	167	0.35124882	1.2845346
47	464	168	0.13477397	0.86182262
48	182	169	0.94357517	-1.2806319
48	236	170	0.23577981	-0.80768044
49	148	171	0.73703991	-1.3533827
49	151	172	0.24379456	1.4649849
49	157	173	0.43781413	-1.4949635
49	479	174	0.30136804	-1.1098107
50	180	175	0.65015222	-2.2743578
50	431	176	0.15740509	0.97749819
51	152	177	0.72433749	2.0041102
51	280	178	0.39878007	1.5496419
51	284	179	1.326151	-1.0703038
51	399	180	0.69185363	2.4437074
51	436	181	0.28317525	1.7225557
52	190	182	0.93026112	-2.0195717
52	225	183	0.60551178	1.3610878
52	318	184	0.19595234	-2.2976253
52	451	185	0.37740696	1.8432189
53	235	186	0.29017584	0.78034512
53	316	187	0.49154451	0.1985545
53	405	188	0.72855615	-2.6491321
53	431	189	0.35098468	-2.2656112
54	170	190	0.4514357	0.55071414
54	355	191	0.22038525	-2.4668639
54	390	192	0.64558592	0.61435209
54	480	193	0.79834337	-2.5103469
55	113	194	0.94047658	-3.1072214
55	201	195	1.2104113	1.6768414
55	216	196	0.70094504	1.8202395
55	264	197	0.70353555	-0.32580375
55	291	198	0.73651341	-2.5345569
55	450	199	0.62542321	-1.9305893
55	497	200	0.90090651	-1.0507833
56	203	201	0.097443355	-0.31334414
57	95	202	0.92677501	-1.3568909
57	150	203	0.72545488	1.0472989
57	266	204	0.10994682	-2.1621829
57	279	205	0.6427996	1.4929189
58	69	206	1.1238219	-1.3451574
58	231	207	0.70024707	-1.3960756
58	325	208	0.5584483	2.3500827
58	369	209	0.41398448	1.7587152
58	429	210	1.041713	2.0749875
59	84	211	0.22536703	2.1286686
59	123	212	1.5700365	1.2026055
59	148	213	0.36091984	-2.7392408
59	150	214	1.4791605	-1.7389128
59	388	215	0.88933639	-1.8658361
60	214	216	0.85811786	1.3676255
60	222	217	0.16374089	-2.0650825
60	317	218	0.4819699	-1.8327825
60	344	219	0.25104821	1.6208584
60	386	220	0.32424019	2.8430857
61	82	221	0.44375579	0.032861074
61	185	222	0.2144084	2.9631139
61	202	223	0.30001808	-2.6969232
61	288	224	0.98404976	0.44472494
61	343	225	0.49620058	-0.17983164
61	373	226	1.2172141	3.0783474
61	445	227	0.66314596	-3.1104085
62	214	228	0.15943665	-1.1823234
62	298	229	0.28824294	-2.2389712
62	335	230	0.8119976	1.3481476
63	184	231	0.50697843	0.025105717
63	251	232	0.36110278	-2.5443287
63	262	233	0.44400078	0.92477296
64	167	234	1.0222745	-1.4028826
64	226	235	1.2321294	1.8834922
64	397	236	0.37559847	-2.062875
64	447	237	0.29625686	0.6451203
65	228	238	1.2776727	0.25001685
65	390	239	0.61565799	-2.6459295
65	394	240	0.084100357	2.5340988
66	146	241	0.012709721	-3.1337524
66	314	242	0.46750615	1.0288035
67	106	243	0.84873696	-1.4168871
67	193	244	0.28971239	1.748336
67	362	245	0.52980687	-1.0886363
67	372	246	0.50357714	-2.2958611
68	74	247	0.44054487	1.8298551
68	110	248	0.44268256	-2.3066174
68	287	249	0.49383797	-0.74438659
69	225	250	1.2202062	-1.3153941
69	231	251	0.42597593	1.8801998
69	439	252	0.57046669	1.9296711
70	71	253	0.90306476	-2.7829132
70	113	254	0.51068729	0.18817362
70	195	255	0.91895971	-1.9970945
70	396	256	1.0014688	1.6678926
71	162	257	0.96765814	3.039727
71	195	258	0.69776701	-0.84025299
72	88	259	0.58684661	-2.8973072
72	191	260	0.2916063	0.97921822
72	310	261	0.38155859	-2.924883
72	384	262	0.71607642	0.071834061
73	249	263	0.76491506	-1.7894163
73	355	264	0.45970377	1.0775051
74	110	265	0.77618716	-1.8104917
74	309	266	0.79671224	0.46951408
74	473	267	0.62146239	-2.5593958
74	486	268	0.57632906	1.9014433
75	220	269	0.81218701	1.7052585
75	298	270	1.0118738	-1.7919426
75	383	271	0.098310982	-0.13002382
76	215	272	0.40932414	2.3790804
76	220	273	0.37531975	3.0005392
76	238	274	0.25197199	-2.1397834
77	230	275	0.7420036	-1.3175595
77	234	276	0.94056908	-1.0478673
77	261	277	0.91298168	2.3350578
77	469	278	1.137047	1.6348867
78	125	279	0.81753868	-2.5056753
78	316	280	0.26062076	2.934274
78	390	281	0.28057561	1.6401869
79	95	282	0.21722106	-0.50469407
79	247	283	0.71507763	2.041619
79	266	284	0.71258542	1.6662169
79	389	285	0.088925152	-3.1070468
80	87	286	0.89033273	-2.8282381
80	126	287	0.65858075	0.34119229
80	144	288	0.96120486	0.67221544
80	282	289	0.25402269	0.52675658
80	329	290	0.76121481	-2.7630649
81	233	291	0.37603764	2.3290111
81	274	292	0.20198495	2.6953708
81	346	293	0.6314066	-0.60270856
82	124	294	0.27418551	-2.7275394
82	185	295	0.65493992	3.105727
82	343	296	0.11257905	-1.1626602
82	415	297	0.30568757	0.09988304
83	346	298	0.86059109	2.2250764
83	354	299	0.56242568	1.9883916
83	369	300	1.0461243	-1.307741
84	148	301	0.39478527	-2.1400552
84	157	302	0.34219041	-2.9967377
84	479	303	0.26506146	2.6833689
85	90	304	0.49608544	2.082287
85	178	305	0.39391709	-1.6340046
85	226	306	0.43822882	-1.9194473
85	284	307	0.69762523	2.160562
86	95	308	1.5834817	2.1152716
86	356	309	0.74624932	2.3976126
86	379	310	0.70544555	-0.87343973
86	476	311	0.52928437	0.50738244
86	487	312	0.62067206	-1.2462315
87	244	313	0.1398182	-0.049102446
87	273	314	0.53897565	-2.8518541
87	321	315	0.32304914	0.21717038
87	326	316	0.89928346	-3.0816283
87	329	317	0.1398182	-0.049102446
87	421	318	0.84657997	2.7667265
87	443	319	0.69089415	0.27043688
88	136	320	0.51996301	-1.001961
88	199	321	0.31886373	3.1124305
88	310	322	0.20570229	0.29545182
88	338	323	0.8263537	1.9017047
89	168	324	1.1242312	-0.9021115
89	269	325	0.42177957	1.9160844
89	315	326	0.24442383	1.6159972
89	340	327	0.49809248	2.1775884
89	483	328	0.77553042	-0.9301688
90	284	329	0.20673083	2.3493232
91	160	330	0.21532051	-2.9504067
91	212	331	0.47515844	-1.27463
91	334	332	0.33869712	-1.1613593
92	169	333	0.2967497	0.86926079
92	321	334	0.15985853	-2.2731302
92	420	335	0.37998413	2.9835372
92	492	336	0.1558289	0.73090982
93	172	337	0.49737529	-1.2523205
93	277	338	0.62929821	2.0228386
94	298	339	0.35095252	1.6158165
94	344	340	0.16475366	-1.3413708
94	432	341	0.27850334	2.0579395
94	460	342	0.29346991	-0.97117255
95	100	343	0.22627123	-2.6396795
95	266	344	0.85427902	1.8776333
95	272	345	0.52928437	0.50738244
95	356	346	0.89136562	-1.2617367
95	389	347	0.29705803	2.7912233
96	127	348	0.15578395	-0.71271015
97	385	349	0.61309473	-1.181257
97	391	350	1.1339398	1.4296372
97	430	351	0.86166625	-1.5560827
97	475	352	0.57596683	2.3080997
98	299	353	0.43542139	-2.2423305
98	317	354	0.61363489	0.81548395
98	341	355	0.71824835	-2.376163
99	165	356	0.55773605	1.8860863
99	247	357	0.41719082	1.0450319
99	293	358	0.34994685	-0.83613667
100	269	359	0.8652561	-1.2185817
100	462	360	0.18049042	2.8781738
101	311	361	0.33069505	0.30442853
101	415	362	0.28482207	-2.9549456
102	156	363	0.60512423	0.86053108
102	305	364	0.53163551	0.53923192
102	337	365	0.15289051	-2.3144281
102	444	366	0.44720645	-1.6843471
103	111	367	1.0349939	-1.7369052
103	118	368	0.76389021	2.0227737
103	146	369	0.26840687	0.33690899
103	167	370	0.76253821	1.7136571
103	192	371	0.20104588	0.70188897
103	271	372	0.54376038	-1.2743476
103	416	373	0.32665678	-1.063333
104	278	374	0.42583263	-1.639879
104	304	375	0.44787116	-1.0525061
104	380	376	0.26035513	0.81970766
105	415	377	0.15386301	-1.4300924
106	161	378	0.44385268	-1.4465909
106	362	379	0.3869546	1.2675431
106	372	380	0.65469543	2.3586558
106	472	381	0.8952642	-1.9461885
107	206	382	0.41992679	-1.2003962
107	219	383	0.27083735	-0.12194934
107	289	384	0.59972555	-1.4196068
108	177	385	0.86620164	0.5411582
108	308	386	1.0001585	-1.3063189
108	363	387	1.064536	2.950399
109	154	388	1.2769104	-0.99764318
109	171	389	0.5826847	2.4442302
109	224	390	0.6928824	-0.72625388
109	274	391	0.73479136	1.6823825
109	361	392	1.0315104	2.514005
109	398	393	1.273708	-1.1475
110	121	394	0.73369561	-1.4256018
110	287	395	0.66037773	-0.0097427553
110	376	396	1.1027849	-2.4382348
110	473	397	0.53110322	2.2528675
111	271	398	0.59966036	0.9881021
111	296	399	1.0782805	-2.0369578
111	386	400	0.74141576	-1.4452154
111	457	401	0.37908476	-2.5395701
112	239	402	0.63195576	0.58735211
112	384	403	0.68498893	-2.1775871
112	494	404	0.77489355	2.1636311
113	291	405	0.5124637	-0.85834886
113	365	406	0.70094504	1.8202395
113	396	407	1.0819932	2.1572188
114	175	408	0.29478609	-2.2796678
114	204	409	0.65173537	2.4505859
114	230	410	0.53874135	1.1415119
114	259	411	0.96556034	-0.74046508
115	122	412	0.57805511	-2.6929213
115	227	413	0.25486808	2.6391582
116	222	414	0.39032283	1.3146009
116	317	415	0.076403497	0.82653605
116	323	416	0.42792076	-2.2723605
116	481	417	0.44095254	1.418037
117	121	418	0.52312959	-2.2120499
117	257	419	0.61476609	0.17642795
118	167	420	0.23498785	0.29173413
118	172	421	1.0246792	1.8564441
118	319	422	0.18088334	-2.6059478
118	397	423	0.75458045	1.7348599
118	495	424	0.36472178	2.915629
119	130	425	0.69290635	2.6268373
119	409	426	0.60645729	1.4333589
119	459	427	0.59354718	-2.5477618
119	484	428	0.6096347	-0.6330548
120	292	429	0.085815524	-0.16834973
120	293	430	0.371447	2.271464
120	412	431	0.32871458	-1.1711466
120	423	432	0.55988763	-0.53155768
120	462	433	0.15855354	2.4567537
121	147	434	0.83151026	-2.8979815
121	250	435	0.040757921	1.4346088
121	257	436	1.0587066	0.52115183
121	287	437	0.90822285	0.91449145
121	363	438	1.2451465	-0.91477447
121	376	439	0.94730613	3.1281713
121	378	440	1.4305968	-1.3203968
122	299	441	0.43190347	-0.41342544
122	496	442	0.24943432	-0.50296275
123	208	443	0.30984703	2.1954593
123	265	444	1.087732	1.2091383
123	471	445	0.84044751	1.4306349
124	185	446	0.42510668	2.8214149
124	198	447	0.4823316	0.35110837
124	417	448	0.32171512	1.311535
124	440	449	0.61670555	-3.1187265
125	265	450	0.2688586	-1.4563362
125	431	451	0.34951248	2.6250391
125	471	452	0.51048054	-2.0530473
126	144	453	0.40039415	1.2362355
126	253	454	0.92034123	1.1056027
126	341	455	0.32326391	-2.3494269
127	439	456	0.030144911	2.5726495
128	149	457	0.1074169	-0.46026758
128	228	458	1.0867821	-2.7573612
129	322	459	1.1800623	1.3946462
129	437	460	0.19278799	-1.379511
129	466	461	0.78052511	1.2987185
130	205	462	0.88027082	1.7859794
130	211	463	0.63892924	1.3624199
130	345	464	0.55990995	2.6978085
130	409	465	0.73366823	0.36168004
130	459	466	0.68236498	-1.4071319
131	188	467	1.075476	-2.9527452
131	209	468	0.43480782	-2.881207
131	303	469	0.37278331	0.59533503
132	268	470	0.62442457	-2.4239817
132	377	471	0.62804613	1.5624952
132	400	472	0.92892371	-1.746673
132	428	473	0.39990556	-0.43407631
132	444	474	0.6036975	1.1299904
133	137	475	0.30614253	-0.34731238
133	274	476	0.47670069	-0.74018788
133	339	477	0.34871811	1.718346
133	353	478	0.59589196	-3.0627339
134	275	479	1.0255695	0.069249525
134	385	480	0.64783251	3.0911439
134	430	481	0.90580114	-2.8484523
135	158	482	0.62298866	-1.6055633
135	220	483	0.82917871	1.2539135
136	198	484	0.32209728	-1.6024388
136	199	485	0.74747551	2.4999365
136	311	486	0.71458587	-0.27647356
136	417	487	0.41970466	-2.7065995
137	233	488	0.03374467	-1.9426524
137	248	489	0.56679013	-0.7386344
137	274	490	0.22655592	-1.2839231
137	339	491	0.5627859	2.2175402
137	441	492	0.36751536	2.3933571
137	482	493	0.096842201	-2.058425
138	446	494	0.51441049	0.17227843
138	468	495	0.52566701	-0.45118952
138	476	496	0.5322127	2.4398615
138	498	497	0.53034469	-1.8838588
140	258	498	0.38125704	-2.2324521
140	413	499	0.38837913	-1.3004565
140	470	500	0.38685551	1.6694387
140	480	501	0.83458563	1.0020059
141	168	502	0.30031361	2.4888171
141	433	503	0.61266073	-0.17745526
141	483	504	0.64717197	2.3881526
141	487	505	0.46794606	1.92045
142	173	506	0.051270705	1.9479142
142	281	507	0.66758448	1.9568958
142	319	508	0.74649663	-0.59998422
142	392	509	0.68350046	-0.94912324
142	495	510	0.48422174	-0.53639646
143	247	511	0.68260542	-1.6832358
143	266	512	0.63235243	-1.2823336
143	279	513	0.3172482	0.40808476
143	349	514	0.65593263	1.3059397
143	410	515	0.38177081	-2.1686098
143	426	516	0.2361109	2.7329299
143	437	517	0.73199474	1.7248963
144	174	518	0.67590743	1.4262614
144	282	519	0.71081902	-2.4175551
145	191	520	0.73653047	-0.9096207
145	217	521	0.14341567	2.3390601
145	330	522	0.40952457	0.3274116
146	183	523	0.091991597	1.1511113
146	192	524	0.10791836	2.7510858
146	200	525	0.6894159	-1.4666905
146	238	526	0.43556411	0.92712556
146	241	527	0.20433037	0.39009936
146	271	528	0.61605573	-1.7247518
147	232	529	0.734325	-3.0274204
147	256	530	0.28318786	2.8605955
147	376	531	0.25526931	2.1525238
147	391	532	1.1054597	-2.7875949
148	157	533	0.30982827	1.9889536
148	349	534	0.8697257	-1.9818877
148	388	535	0.71337477	-1.4675841
149	181	536	0.30638203	-0.060102965
149	228	537	1.1608994	-2.8265948
149	342	538	0.7777264	0.13864506
150	272	539	1.3107927	-1.3424856
150	279	540	0.31290665	3.101467
150	388	541	0.60749952	1.5890654
151	479	542	0.52366395	-1.362462
152	242	543	0.38549768	2.5334751
152	399	544	0.31039964	-2.3861679
152	404	545	0.41479396	1.7543435
153	350	546	0.52415675	-2.4982932
154	224	547	0.63706627	1.8480954
154	325	548	0.5345123	-0.70022656
154	429	549	0.34321779	0.51941709
155	307	550	0.48097822	-0.48521029
155	357	551	1.6174839	-2.450802
155	375	552	0.64431997	-0.030721945
155	403	553	0.56268954	-0.36654794
155	472	554	1.5320317	1.2071776
156	305	555	0.19577167	-1.2505119
156	336	556	1.1657394	0.63329953
156	337	557	0.75794681	-2.287791
157	479	558	0.1948065	1.0264099
158	298	559	0.41650766	-1.1583461
158	332	560	1.037511	1.4547288
158	432	561	0.48888548	-1.4634372
158	478	562	0.4383605	-2.0492998
159	447	563	0.14530016	-2.0690246
160	334	564	0.43893046	-0.66193523
160	347	565	0.54905787	-0.54773014
160	425	566	0.4439474	-0.66063467
160	441	567	0.47278014	2.5452085
161	362	568	0.81199336	1.4961356
161	451	569	0.26196272	-0.051473017
161	472	570	0.54855084	-2.3442533
162	276	571	0.45707733	-2.9089922
162	453	572	1.2564868	1.9098275
163	230	573	1.1025785	2.1577771
163	259	574	0.25447169	-2.071533
163	294	575	0.21482911	-1.1308272
163	359	576	0.82693057	-0.51287262
163	434	577	0.50725551	-0.26977652
164	186	578	0.6170647	-2.8797108
164	357	579	0.38589507	1.515526
164	421	580	0.86224241	-2.0772322
165	293	581	0.88885446	-1.0945008
165	410	582	0.31134563	0.66998381
165	426	583	0.64958454	1.188632
166	197	584	0.31751404	0.52995684
167	194	585	0.13517912	0.35898772
167	397	586	0.76122103	2.046044
168	175	587	0.61317501	2.0498331
169	313	588	0.2381688	-1.5717307
169	420	589	0.59082054	-2.8552688
169	477	590	0.48291997	-0.34922956
169	492	591	0.14402215	-2.1225568
170	390	592	0.19716537	0.76048061
170	406	593	0.59132489	0.30129736
170	442	594	0.32742312	-2.0804298
171	361	595	0.45207248	2.6039873
172	277	596	1.1241964	1.9638866
172	397	597	0.29046398	-0.96460843
172	424	598	0.67165621	2.4361436
172	474	599	0.31330209	-3.0894938
173	281	600	0.61631601	1.9576429
173	367	601	0.62577464	-2.7366109
174	253	602	0.29030318	-0.8841464
174	286	603	0.078605695	-2.1241191
174	307	604	0.80504836	2.0518742
175	204	605	0.71048839	2.0228189
176	189	606	0.63662068	0.32315186
176	305	607	1.0843473	-2.6255943
176	336	608	0.34685709	1.759671
176	380	609	0.21095041	-1.0281449
177	277	610	0.77367294	-0.6415211
177	295	611	1.2552298	2.152203
177	424	612	1.1945287	-1.1025396
177	448	613	0.63037016	0.64873071
178	226	614	0.12622763	-2.9926431
179	190	615	0.31080165	2.1983316
179	351	616	0.57811457	1.4887034
179	478	617	0.42055989	-1.8090172
180	382	618	0.30834766	-1.588355
180	405	619	0.55894686	1.4066366
180	470	620	0.21665358	2.8724063
181	290	621	0.10612032	-0.053647994
182	292	622	0.34296399	-0.37231444
182	364	623	0.46508729	1.8087414
183	314	624	0.38347818	0.97124637
184	237	625	0.52684507	1.578998
184	262	626	0.41737172	2.1820376
185	202	627	0.17751036	-1.9146369
185	440	628	0.2593457	-2.5347606
186	288	629	0.88589589	-2.291295
186	357	630	0.82353289	0.72329662
186	421	631	0.62027936	-1.2801016
187	196	632	0.43480497	-2.5306191
187	392	633	0.89225581	1.4451118
187	402	634	0.2022615	-2.7548818
187	407	635	0.3201419	0.29009368
189	232	636	0.4206366	-0.2742275
189	255	637	0.78452559	1.8655199
189	336	638	0.68298795	2.9373531
189	376	639	1.0109083	0.18205804
189	380	640	0.6255419	-2.4830513
189	391	641	0.42481192	-1.3391014
190	351	642	0.3977483	0.95453617
190	375	643	0.6745666	-1.94034
190	478	644	0.66549696	-1.4453788
191	310	645	0.62572654	-2.5971439
191	330	646	0.71593316	1.6610013
192	194	647	0.68597593	1.7696746
192	348	648	0.15994814	0.37248582
193	362	649	0.81085052	-1.1960062
195	217	650	0.64629039	-1.2254667
195	338	651	0.92409391	-1.8221469
196	254	652	0.40003308	-0.97398579
196	264	653	0.55161946	2.7531656
196	402	654	0.24182847	0.7980646
196	408	655	0.10932905	-0.21500488
197	452	656	0.96463225	0.70765248
198	311	657	0.7090829	0.17990314
198	415	658	0.10530933	-0.24065232
199	338	659	0.77385741	1.5058239
199	484	660	0.55421721	-2.5231153
200	214	661	0.42187823	-1.3804477
200	241	662	0.77235115	1.4182844
200	271	663	0.183056	2.7079629
201	216	664	0.52628164	-1.6562551
201	308	665	0.86074729	1.1816496
201	489	666	1.1066528	2.2567586
203	360	667	0.34484409	-1.4084911
203	458	668	0.17008009	-0.84636288
203	461	669	0.66302731	1.2588924
204	423	670	0.58205361	1.7680936
205	211	671	0.39704891	-0.6329398
205	276	672	0.95014073	1.421636
205	345	673	0.69627844	-2.0446298
206	289	674	0.21066798	-1.8679399
206	426	675	0.17721765	-1.3846188
207	278	676	0.73923233	0.356064
207	428	677	1.0678752	-2.1160075
208	382	678	0.39164161	2.3767656
209	210	679	0.57765196	-0.13967106
210	353	680	0.93977758	0.16729485
210	361	681	1.1455181	-0.21339283
211	276	682	1.1880053	1.7219931
211	409	683	0.6637296	-0.58317816
212	280	684	0.12041358	-1.9155216
212	334	685	0.14382044	1.5975322
212	436	686	0.24964524	-1.9479462
213	249	687	0.39416454	0.36896689
213	455	688	0.39397693	-2.2107637
213	493	689	1.1672039	-2.1289349
214	271	690	0.54930295	2.0350092
215	220	691	0.24208211	-1.8884378
215	225	692	0.12674842	2.6389828
215	238	693	0.52029521	-1.257756
215	312	694	1.0566307	1.9022218
215	419	695	0.019575433	-0.91368054
216	365	696	0.94047658	-3.1072214
217	330	697	0.488264	0.058541753
217	338	698	0.53251471	-2.572577
217	395	699	0.88730159	0.68048196
218	290	700	0.90158547	-2.9413911
218	339	701	0.17199376	-1.8499399
219	263	702	0.43801402	-1.7613267
219	360	703	0.69843226	1.3732982
219	437	704	0.098942193	1.3641603
220	225	705	0.29318128	1.6920577
220	270	706	0.098310982	-0.13002382
220	332	707	0.41224309	-1.9690748
221	261	708	0.21964107	-0.72615902
222	317	709	0.32482191	-1.7164697
222	344	710	0.40020899	1.4073636
223	312	711	0.068983827	2.6816404
223	419	712	1.0269757	-1.2804963
223	447	713	0.12198096	2.8061538
224	346	714	0.75226343	1.4341235
224	429	715	0.64715061	-0.75262595
225	332	716	0.68244232	-1.7541325
225	366	717	0.13310642	2.1997949
226	284	718	1.0198658	1.8066179
226	448	719	0.80226179	2.2630658
227	296	720	0.574512	1.5237216
227	386	721	1.0039506	0.92458754
228	394	722	1.334218	-2.9392608
228	486	723	0.37094793	-0.54160546
229	265	724	0.95807855	-2.5202867
230	423	725	0.97612372	2.6082645
231	325	726	1.2023666	2.0126839
231	362	727	0.99196505	-1.5613963
232	376	728	0.65986791	0.46676233
232	391	729	0.42919387	-2.3690791
233	248	730	0.55558267	-0.68190634
233	274	731	0.2009361	-1.1809447
234	345	732	0.58047266	-0.40174745
235	316	733	0.29577313	-0.37083927
236	246	734	0.81621334	-0.62865052
236	260	735	0.3768497	1.4574971
236	364	736	0.28176507	-1.5801069
237	239	737	0.53381653	2.5006926
237	262	738	0.2992572	-2.4750328
237	414	739	0.66980563	1.1107571
238	241	740	0.28022336	-1.8321936
238	314	741	0.052737035	1.7140295
238	335	742	0.50891677	-1.553161
238	419	743	0.50191058	1.8706799
239	262	744	0.53976741	-1.2057704
239	497	745	0.75369407	1.5306043
240	254	746	0.12867472	1.2284064
240	328	747	0.42351264	-3.0276701
240	414	748	0.42649306	-2.1019664
240	457	749	0.5216309	-0.21134729
242	381	750	0.78702553	-2.9519126
242	399	751	0.44239278	-1.364951
242	404	752	0.30514606	0.66204414
242	441	753	0.32154764	1.7953177
243	301	754	0.49476315	-1.8574458
243	337	755	0.46981253	0.53679008
243	360	756	0.65407337	-1.816622
243	377	757	0.20442149	-0.046530339
243	455	758	1.1641589	1.069737
243	458	759	0.43367689	-1.8086556
243	493	760	0.38922404	1.1006656
244	282	761	1.0131468	0.41556515
244	488	762	0.44933551	0.39307854
245	449	763	0.36026387	1.9866276
245	491	764	0.41759883	0.063154748
246	261	765	0.29905406	0.89442041
246	292	766	0.44485328	-2.123923
246	423	767	0.668448	-1.322416
247	266	768	0.26641436	0.27393115
247	389	769	0.6822777	-1.2183774
247	410	770	0.38820036	1.9350147
248	346	771	0.44667741	-0.67976903
248	425	772	0.10778253	1.0537289
248	482	773	0.55078389	2.5741089
249	336	774	0.67972403	0.032739141
249	455	775	0.75724454	-2.4917634
252	261	776	0.51070065	-1.3638498
252	352	777	0.5704358	1.3608144
252	401	778	0.71035696	2.0181313
252	469	779	0.66433778	-0.036385357
253	286	780	0.27500954	2.531182
253	323	781	0.49219947	-1.6302794
254	328	782	0.49390882	-2.7916166
254	408	783	0.32941794	1.9371752
254	457	784	0.52068697	-0.45887328
255	297	785	0.33954853	2.5639794
255	336	786	0.75442381	-2.1949723
256	376	787	0.18850349	0.79639163
257	287	788	0.41170754	2.6552413
257	295	789	0.96515876	-0.23091942
257	302	790	0.94909527	1.1491
260	289	791	0.47491583	2.0054604
261	423	792	0.8814476	-1.5967471
261	469	793	0.7339416	0.70503212
263	268	794	0.70943331	1.4183571
263	289	795	0.16121536	-2.2051686
264	367	796	1.2825381	1.5813883
264	408	797	0.65957843	-0.3598213
264	497	798	0.59812223	-1.9454312
265	471	799	0.32529524	-2.5360434
266	279	800	0.74053833	1.4199208
267	352	801	0.81698065	-3.0491173
267	449	802	0.3536075	0.64762707
268	301	803	0.58846382	1.3453393
269	315	804	0.20166647	-0.85908596
269	356	805	0.18547903	0.39787699
270	383	806	0.81218701	-1.4363342
272	476	807	1.5834817	-1.026321
273	326	808	0.39408021	2.8847862
274	353	809	0.98504468	2.8591259
274	361	810	0.76335509	-2.9777319
275	378	811	0.96349847	1.0790308
275	396	812	1.1345623	-1.1826369
275	463	813	0.12615239	0.10840811
275	490	814	0.37974571	0.018294393
276	491	815	1.2582551	1.9135954
277	424	816	0.60834819	-1.7038893
277	448	817	0.85197915	1.7092048
278	380	818	0.64904053	1.2460803
278	465	819	0.85493129	-1.5405139
279	349	820	0.52104643	1.8021874
279	388	821	0.666917	1.1016045
280	334	822	0.25972559	1.4284446
280	436	823	0.12935388	-1.9781292
281	308	824	0.80693154	2.9855697
281	367	825	0.88624326	-1.9677584
281	424	826	0.52114612	1.1286578
281	474	827	0.42189167	0.045598932
282	488	828	0.56401534	-2.7081136
283	331	829	0.59701401	-2.4576828
283	418	830	0.49532904	-0.18759729
283	446	831	0.37548422	1.4011267
283	468	832	0.060477029	1.0580088
284	448	833	0.46355124	-2.2026401
285	306	834	0.39347142	-0.35630992
285	433	835	0.088617852	-0.28439302
285	456	836	0.14623142	-1.6872398
285	500	837	0.32779163	-0.11503337
286	307	838	0.84791539	1.9721048
286	324	839	0.30800451	1.0703661
286	481	840	0.5512261	0.20778171
287	302	841	1.0098477	0.73010683
288	421	842	0.76560502	0.093493295
290	303	843	0.49467952	-2.869411
291	395	844	0.66947337	-2.0492162
291	494	845	0.8247416	-1.4939608
292	393	846	0.61221882	2.2673789
292	423	847	0.48063849	-0.59503277
293	393	848	0.18454831	1.952327
293	462	849	0.21757717	-1.0047889
294	434	850	0.40179205	0.14782312
295	320	851	0.85287974	1.1689158
296	327	852	0.24265508	3.1199651
297	336	853	0.8127741	-1.7644867
297	442	854	0.42348092	1.701458
298	344	855	0.51380173	-1.4669461
298	432	856	0.15506604	-2.4021892
299	477	857	0.45579557	-2.7631916
299	496	858	0.18481908	2.8491414
300	315	859	0.55074384	2.1697006
300	356	860	0.7315895	1.9505572
300	483	861	0.4425912	-1.1909505
300	487	862	0.63081948	-0.71626112
301	360	863	0.16099377	-1.6908669
302	309	864	0.68446829	2.4292241
302	320	865	0.93477177	-0.32888583
302	381	866	0.51199241	1.5966926
302	399	867	0.87990258	0.26111878
304	380	868	0.58104019	1.6469369
304	391	869	0.77554645	0.78596599
304	465	870	0.91839009	-1.818739
304	475	871	0.14758257	-1.5617932
306	373	872	0.60832451	-0.076019843
306	433	873	0.30514909	2.764414
306	445	874	1.1674159	-0.12349877
306	500	875	0.10856231	1.979375
307	403	876	0.10238704	0.22317
308	367	877	1.0465567	-1.1215647
309	370	878	0.59823375	2.2476529
309	381	879	0.50885508	0.12696428
311	415	880	0.61445601	-2.8916608
311	420	881	1.1636799	0.20707433
311	427	882	0.23792534	0.91021573
312	439	883	0.82421918	1.9121023
312	499	884	0.092887215	0.66151593
313	321	885	0.31462035	-2.7826201
313	411	886	0.090005171	-3.0842606
313	477	887	0.4598117	0.15927236
313	492	888	0.13787863	2.1482946
314	348	889	0.36426013	-2.1674971
314	419	890	0.44989453	1.8889686
315	356	891	0.22798579	1.3976585
316	431	892	0.79603044	-2.66303
317	323	893	0.50426518	-2.2788276
318	375	894	1.4183406	-1.9439345
318	451	895	0.51072621	1.5146432
318	472	896	0.62992964	2.9322481
319	392	897	0.25599887	-2.5901269
319	407	898	0.92805917	-1.5957232
319	495	899	0.26504565	2.4252535
320	358	900	0.65977316	-0.58893016
320	399	901	0.53020766	1.6360911
321	411	902	0.23023688	0.4753737
321	492	903	0.31494122	0.80056545
322	360	904	0.76492155	-1.640661
322	466	905	0.40999907	-1.5635808
323	341	906	0.82943836	-2.3982317
324	333	907	0.54947687	0.51300673
324	368	908	0.39485156	1.3344587
324	403	909	0.65407566	2.1891217
324	481	910	0.42171194	-0.38026022
325	429	911	0.52658581	1.7827718
326	343	912	1.0752035	-2.9358019
326	421	913	0.38009404	1.2775335
327	457	914	0.8512102	1.0617881
328	408	915	0.58917297	0.94320844
328	414	916	0.37953834	-1.0010485
328	497	917	0.5134262	2.8400001
330	494	918	0.64824516	0.4840859
331	456	919	0.51100459	-1.5521728
331	468	920	0.65368199	0.71772535
331	498	921	0.2112221	2.3207772
331	500	922	0.53539315	-0.85302859
332	351	923	0.46883139	-1.9541254
333	368	924	0.40281718	2.8541662
333	432	925	0.35420282	2.0333738
333	460	926	0.21999948	-0.893229
333	481	927	0.43502638	-1.7725078
334	422	928	0.44917086	-0.72607154
337	377	929	0.31967951	-2.2448689
337	444	930	0.33597635	-1.4128979
337	493	931	0.25122161	2.7027417
338	409	932	0.91975709	-2.9974119
339	441	933	0.21096837	-1.2336807
340	374	934	0.34804942	2.0250573
340	412	935	0.45103653	1.7508725
341	443	936	0.58033937	-3.0030986
341	477	937	0.17692947	-3.0758226
342	441	938	0.63250633	-0.52443448
345	434	939	0.78211052	-1.2026406
346	347	940	0.40155536	2.0242632
346	422	941	0.087330746	1.1274192
346	425	942	0.47616696	2.2365582
346	429	943	1.2438733	-1.2688863
347	422	944	0.35369873	-0.92318856
350	359	945	0.42334961	2.2350636
350	438	946	0.27859217	-2.5286411
350	440	947	0.83129263	-0.28857673
350	485	948	0.43128102	-2.4454938
352	401	949	0.43409998	2.9502544
352	428	950	1.0678677	1.5541281
353	361	951	0.44324765	-1.1205937
354	422	952	0.35776102	2.3769941
355	442	953	0.40670393	0.21832683
358	399	954	1.0687277	2.1480376
358	448	955	1.1297802	-1.2933429
359	434	956	0.35617257	2.2788094
360	437	957	0.59949488	-1.7667864
360	458	958	0.22043731	1.3092973
360	466	959	0.35753651	1.4125136
362	366	960	0.59977448	-0.94700885
362	451	961	0.84740426	-1.3312605
363	378	962	0.56874619	-2.3633007
363	489	963	1.1423359	-1.3240245
365	396	964	0.48011247	2.6609744
366	451	965	0.36802813	-1.9884793
368	403	966	0.49460866	2.8353828
368	432	967	0.30530224	0.72643855
369	429	968	0.66092526	2.2710591
369	439	969	0.97638793	-1.4388986
370	486	970	0.59396409	-2.6474291
371	438	971	0.50595792	-3.087631
372	387	972	1.0606457	1.8804515
372	472	973	1.3018268	-1.4662602
373	433	974	0.90428142	2.9653083
373	438	975	0.25881256	-2.7006574
374	412	976	0.14944615	1.0685646
375	403	977	0.21718423	-2.1490559
375	478	978	0.32838254	-0.09528218
377	444	979	0.26536406	-0.31429237
378	489	980	0.98478976	-0.80290305
378	490	981	0.84573337	-1.6599085
379	433	982	0.78274217	-0.86411943
379	454	983	0.38719222	0.60338883
379	498	984	0.25764309	-0.19611213
380	391	985	0.59307324	-0.051705171
382	413	986	0.398127	-1.7261928
385	430	987	0.36761886	-2.2128739
387	398	988	1.2480061	1.7306566
389	462	989	0.18868896	-2.0899531
390	394	990	0.58260405	0.62487649
391	475	991	0.88529577	-2.2364771
394	406	992	0.30547278	-1.7374495
396	490	993	1.0582751	1.6178081
400	401	994	0.2522477	-1.242316
401	428	995	1.0805859	1.1473921
405	431	996	0.42392651	0.17747342
405	470	997	0.57790148	-2.1170145
407	416	998	0.67272127	0.070543932
407	457	999	0.90297626	-1.5389688
410	426	1000	0.4093899	1.5751768
412	423	1001	0.35524147	0.053558188
412	462	1002	0.47470556	2.1271888
414	457	1003	0.77063919	0.34179555
418	435	1004	0.78985745	0.30042174
418	446	1005	0.62690316	2.3119252
418	464	1006	0.34585891	-1.2010694
424	474	1007	0.49347123	-1.15689
426	437	1008	0.63807866	1.4065787
428	444	1009	0.72189042	1.7171004
430	449	1010	0.98853814	-2.5516666
430	453	1011	0.77177398	-1.3211675
430	491	1012	0.89162538	-1.8657156
432	460	1013	0.57106954	-1.0259397
433	456	1014	0.15781117	-2.2739717
433	487	1015	0.93955314	2.5191476
434	459	1016	0.38250947	-0.5016727
435	446	1017	1.1997232	2.9497629
438	467	1018	0.53230629	2.9915399
438	485	1019	0.15538363	-2.2960321
441	482	1020	0.40346895	-0.98228575
446	468	1021	0.31918151	-1.6766785
446	476	1022	0.94829502	2.868921
447	499	1023	0.13528591	0.3589917
449	465	1024	1.1123457	1.3947181
449	469	1025	1.0302551	-2.1345189
449	491	1026	0.63883491	-0.4945373
450	494	1027	0.73146872	-2.0257513
450	497	1028	0.6961432	-0.28607056
452	486	1029	0.39313102	-0.47229487
453	491	1030	0.46197999	-2.9116888
454	476	1031	0.65572482	2.061916
454	498	1032	0.27789039	-1.8110225
455	493	1033	0.77521444	-2.0873826
460	481	1034	0.33997577	-2.2943181
465	475	1035	0.77655877	1.2745386
467	485	1036	0.46637504	-0.43339191
468	498	1037	0.69341226	-2.7332326
483	487	1038	0.31171853	-0.010049351
489	490	1039	0.7710446	-2.9669894
405	1	1040	0.46894462	-2.3002873
470	1	1041	0.14473724	1.6562317
28	2	1042	0.74840121	-2.6744481
78	2	1043	0.46884421	0.038687291
229	2	1044	0.38153675	0.59257254
64	3	1045	0.56993595	2.5267899
93	3	1046	0.061058162	-0.99770084
277	3	1047	0.68994895	-1.1080672
20	4	1048	0.56088334	1.6176995
48	4	1049	0.14407834	1.758533
165	4	1050	0.14159331	0.61935595
260	4	1051	0.24071443	-2.8789737
289	4	1052	0.49431384	-1.6365334
393	4	1053	0.73562409	1.8795331
426	4	1054	0.53578555	-1.8100257
141	5	1055	0.41947681	-0.69758052
168	5	1056	0.71961476	-0.67888744
433	5	1057	0.32448754	-2.6213236
438	5	1058	0.94393065	3.0272073
467	5	1059	0.4124	3.0732516
49	6	1060	0.47744301	1.4468635
140	6	1061	0.98729501	-1.9528023
151	6	1062	0.23373023	1.4279618
258	6	1063	0.62970446	-1.7848976
322	6	1064	0.65766782	0.98881982
461	6	1065	0.43327846	0.90637127
92	7	1066	0.063276392	-0.2171692
321	7	1067	0.19746707	0.58106144
309	8	1068	0.25996201	2.7516493
370	8	1069	0.39128266	-1.2205668
242	9	1070	0.16768634	1.2337231
404	9	1071	0.18752999	-2.9845328
215	10	1072	1.0688008	1.7782982
439	10	1073	0.83211043	-1.0700097
60	11	1074	0.63734566	-2.3488185
98	11	1075	0.46869441	1.3598199
115	11	1076	0.44718495	0.99434441
227	11	1077	0.53083775	0.49504607
386	11	1078	0.56627095	-1.8159442
248	12	1079	0.21509807	1.5276717
425	12	1080	0.12894752	1.9190755
236	13	1081	0.65856675	1.195427
252	13	1082	0.6167312	2.5189462
260	13	1083	0.31034238	0.87538948
263	13	1084	0.44257311	-0.8158357
400	13	1085	0.53155857	-1.7837481
401	13	1086	0.341131	-2.1747159
63	14	1087	0.74621444	-2.7054571
251	14	1088	0.39407068	-2.8530023
384	14	1089	0.30918782	-1.0052906
427	14	1090	0.50528465	0.84382631
170	15	1091	0.37129308	-1.1381967
255	15	1092	0.5545298	1.6145312
297	15	1093	0.4511957	0.95607522
406	15	1094	0.65576909	-2.244314
442	15	1095	0.31953449	-0.16116101
139	16	1096	0.51277885	-3.0243289
381	16	1097	0.71701261	2.5373025
486	16	1098	0.86160353	0.33982061
67	17	1099	0.89705466	1.9645133
154	17	1100	1.1763532	-1.2754059
193	17	1101	0.61722172	2.0653653
372	17	1102	1.205369	1.5792313
398	17	1103	1.1563476	-1.1123946
168	18	1104	0.692984	-0.43851256
259	18	1105	0.4108016	-1.5576217
467	18	1106	0.39103334	2.6464813
485	18	1107	0.8570033	2.6800536
61	19	1108	0.8484151	-3.0845436
202	19	1109	0.58181383	3.0024736
371	19	1110	0.10537429	-0.41140008
373	19	1111	0.38850822	-0.32840446
438	19	1112	0.60198669	-0.024669739
165	20	1113	0.49859681	-1.2828565
293	20	1114	0.40985083	2.2768977
393	20	1115	0.24219747	2.52235
68	21	1116	0.76353565	0.69276467
302	21	1117	0.54867067	2.8671162
309	21	1118	0.29884566	-1.6046529
186	22	1119	0.60672672	2.9210516
357	22	1120	1.2777357	-2.8130023
435	22	1121	1.3956536	0.055327077
36	23	1122	0.50076855	3.0862363
350	23	1123	0.37633779	-0.41924965
440	23	1124	0.4607801	2.9596402
230	24	1125	0.80731239	-0.79428666
294	24	1126	0.55355599	1.81977
345	24	1127	0.35689624	-2.356075
434	24	1128	0.71608593	2.412017
117	25	1129	0.87141775	-1.0650237
363	25	1130	0.64403823	1.608656
31	26	1131	0.61378523	-0.57383038
153	26	1132	0.55102232	-0.38899712
417	26	1133	0.5669489	3.1117078
440	26	1134	0.36671115	1.2016234
111	27	1135	0.22008872	1.6012821
188	28	1136	0.44079745	-2.3114972
209	28	1137	1.0218397	-2.723099
210	28	1138	1.5424662	-2.9227691
229	28	1139	1.127951	0.50947288
445	29	1140	0.43204558	3.1077473
464	29	1141	0.59636171	-1.4908596
96	30	1142	0.030144911	2.5726495
178	30	1143	0.20830057	-0.76306662
312	30	1144	0.96274179	1.9921367
439	30	1145	0.15578395	2.4288825
153	31	1146	0.12434101	1.6159982
199	31	1147	0.90642211	-2.8343729
359	31	1148	0.68292344	0.15479469
434	31	1149	0.92133175	-0.18036581
459	31	1150	0.57131471	0.032682814
484	31	1151	0.41512094	3.0275921
98	32	1152	0.40798764	-2.434089
115	32	1153	0.38540717	-2.0117064
122	32	1154	0.36954229	-0.26785953
299	32	1155	0.085234514	2.0480447
128	33	1156	0.66512455	-0.4818859
139	33	1157	0.070977841	-2.2132136
342	33	1158	0.46069068	-2.2162135
381	33	1159	0.42867096	1.8625547
441	33	1160	0.82621699	-3.0794486
155	34	1161	0.27607602	2.8336502
357	34	1162	1.4862631	0.84761009
472	34	1163	1.5717545	-2.1107029
122	35	1164	0.38252578	2.6649661
169	35	1165	0.37967634	1.1877241
184	35	1166	0.22708102	-0.63721962
227	35	1167	0.66740497	-2.840419
296	35	1168	1.018424	-2.2815168
420	35	1169	0.87841361	0.6321276
185	36	1170	0.19008555	-2.6350285
202	36	1171	0.13009529	2.5281385
440	36	1172	0.072747349	0.87146667
72	37	1173	0.80263902	0.95991325
112	37	1174	0.64590519	3.074389
191	37	1175	0.51111805	0.94889972
330	37	1176	0.46882463	-0.68771799
494	37	1177	0.63551845	-1.9100718
63	38	1178	0.15060253	-2.1667909
251	38	1179	0.22796971	0.35126213
118	39	1180	0.22357554	-0.4796808
319	39	1181	0.35405859	-0.03066965
416	39	1182	0.91786437	1.8968802
59	40	1183	1.1146279	1.4509566
84	40	1184	0.94963716	1.3015999
123	40	1185	0.5610532	-2.4491685
413	40	1186	0.4962602	-1.3811475
42	41	1187	0.24149926	-0.033881703
149	41	1188	0.77955553	0.091085986
181	41	1189	0.47889689	0.18759322
290	41	1190	0.37670371	0.25494638
339	41	1191	0.4785723	2.9714295
149	42	1192	0.54077796	0.14677738
70	43	1193	0.45101665	-0.90701821
113	43	1194	0.50328302	-2.0316187
50	44	1195	0.26450744	-1.0054568
208	44	1196	0.89835096	1.2477955
471	44	1197	0.2713592	1.6204561
166	45	1198	0.35714169	-2.265567
197	45	1199	0.66461602	-2.4283355
255	45	1200	0.7353046	0.86918321
406	45	1201	0.51286898	-1.3947592
473	45	1202	1.2537469	3.1385966
379	46	1203	0.41648683	-1.1932784
433	46	1204	0.41127374	2.6109651
456	46	1205	0.41444358	2.2264345
498	46	1206	0.35124882	-1.8570581
464	47	1207	0.13477397	-2.27977
182	48	1208	0.94357517	1.8609607
236	48	1209	0.23577981	2.3339122
148	49	1210	0.73703991	1.7882099
151	49	1211	0.24379456	-1.6766078
157	49	1212	0.43781413	1.6466292
479	49	1213	0.30136804	2.0317819
180	50	1214	0.65015222	0.86723484
431	50	1215	0.15740509	-2.1640945
152	51	1216	0.72433749	-1.1374824
280	51	1217	0.39878007	-1.5919508
284	51	1218	1.326151	2.0712888
399	51	1219	0.69185363	-0.6978853
436	51	1220	0.28317525	-1.419037
190	52	1221	0.93026112	1.1220209
225	52	1222	0.60551178	-1.7805049
318	52	1223	0.19595234	0.84396731
451	52	1224	0.37740696	-1.2983738
235	53	1225	0.29017584	-2.3612475
316	53	1226	0.49154451	-2.9430382
405	53	1227	0.72855615	0.49246053
431	53	1228	0.35098468	0.87598142
170	54	1229	0.4514357	-2.5908785
355	54	1230	0.22038525	0.67472879
390	54	1231	0.64558592	-2.5272406
480	54	1232	0.79834337	0.63124579
113	55	1233	0.94047658	0.034371297
201	55	1234	1.2104113	-1.4647513
216	55	1235	0.70094504	-1.3213531
264	55	1236	0.70353555	2.8157889
291	55	1237	0.73651341	0.60703574
450	55	1238	0.62542321	1.2110034
497	55	1239	0.90090651	2.0908093
203	56	1240	0.097443355	2.8282485
95	57	1241	0.92677501	1.7847018
150	57	1242	0.72545488	-2.0942937
266	57	1243	0.10994682	0.97940971
279	57	1244	0.6427996	-1.6486737
69	58	1245	1.1238219	1.7964353
231	58	1246	0.70024707	1.745517
325	58	1247	0.5584483	-0.79150996
369	58	1248	0.41398448	-1.3828775
429	58	1249	1.041713	-1.0666051
84	59	1250	0.22536703	-1.0129241
123	59	1251	1.5700365	-1.9389872
148	59	1252	0.36091984	0.40235186
150	59	1253	1.4791605	1.4026798
388	59	1254	0.88933639	1.2757565
214	60	1255	0.85811786	-1.7739672
222	60	1256	0.16374089	1.0765101
317	60	1257	0.4819699	1.3088101
344	60	1258	0.25104821	-1.5207342
386	60	1259	0.32424019	-0.298507
82	61	1260	0.44375579	-3.1087316
185	61	1261	0.2144084	-0.17847874
202	61	1262	0.30001808	0.44466948
288	61	1263	0.98404976	-2.6968677
343	61	1264	0.49620058	2.961761
373	61	1265	1.2172141	-0.063245271
445	61	1266	0.66314596	0.031184152
214	62	1267	0.15943665	1.9592693
298	62	1268	0.28824294	0.90262148
335	62	1269	0.8119976	-1.793445
184	63	1270	0.50697843	-3.1164869
251	63	1271	0.36110278	0.59726397
262	63	1272	0.44400078	-2.2168197
167	64	1273	1.0222745	1.7387101
226	64	1274	1.2321294	-1.2581005
397	64	1275	0.37559847	1.0787176
447	64	1276	0.29625686	-2.4964724
228	65	1277	1.2776727	-2.8915758
390	65	1278	0.61565799	0.49566314
394	65	1279	0.084100357	-0.60749389
146	66	1280	0.012709721	0.0078402992
314	66	1281	0.46750615	-2.1127892
106	67	1282	0.84873696	1.7247056
193	67	1283	0.28971239	-1.3932567
362	67	1284	0.52980687	2.0529564
372	67	1285	0.50357714	0.84573158
74	68	1286	0.44054487	-1.3117375
110	68	1287	0.44268256	0.83497527
287	68	1288	0.49383797	2.3972061
225	69	1289	1.2202062	1.8261986
231	69	1290	0.42597593	-1.2613929
439	69	1291	0.57046669	-1.2119215
71	70	1292	0.90306476	0.35867945
113	70	1293	0.51068729	-2.953419
195	70	1294	0.91895971	1.1444981
396	70	1295	1.0014688	-1.4737
162	71	1296	0.96765814	-0.10186561
195	71	1297	0.69776701	2.3013397
88	72	1298	0.58684661	0.24428544
191	72	1299	0.2916063	-2.1623744
310	72	1300	0.38155859	0.21670965
384	72	1301	0.71607642	-3.0697586
249	73	1302	0.76491506	1.3521763
355	73	1303	0.45970377	-2.0640876
110	74	1304	0.77618716	1.331101
309	74	1305	0.79671224	-2.6720786
473	74	1306	0.62146239	0.58219686
486	74	1307	0.57632906	-1.2401493
220	75	1308	0.81218701	-1.4363342
298	75	1309	1.0118738	1.3496501
383	75	1310	0.098310982	3.0115688
215	76	1311	0.40932414	-0.76251229
220	76	1312	0.37531975	-0.1410535
238	76	1313	0.25197199	1.0018092
230	77	1314	0.7420036	1.8240331
234	77	1315	0.94056908	2.0937254
261	77	1316	0.91298168	-0.8065348
469	77	1317	1.137047	-1.5067059
125	78	1318	0.81753868	0.63591732
316	78	1319	0.26062076	-0.20731868
390	78	1320	0.28057561	-1.5014057
95	79	1321	0.21722106	2.6368986
247	79	1322	0.71507763	-1.0999737
266	79	1323	0.71258542	-1.4753758
389	79	1324	0.088925152	0.03454581
87	80	1325	0.89033273	0.31335451
126	80	1326	0.65858075	-2.8004004
144	80	1327	0.96120486	-2.4693772
282	80	1328	0.25402269	-2.6148361
329	80	1329	0.76121481	0.37852773
233	81	1330	0.37603764	-0.81258151
274	81	1331	0.20198495	-0.44622185
346	81	1332	0.6314066	2.5388841
124	82	1333	0.27418551	0.41405329
185	82	1334	0.65493992	-0.035865683
343	82	1335	0.11257905	1.9789325
415	82	1336	0.30568757	-3.0417096
346	83	1337	0.86059109	-0.91651624
354	83	1338	0.56242568	-1.153201
369	83	1339	1.0461243	1.8338516
148	84	1340	0.39478527	1.0015374
157	84	1341	0.34219041	0.14485494
479	84	1342	0.26506146	-0.45822377
90	85	1343	0.49608544	-1.0593056
178	85	1344	0.39391709	1.507588
226	85	1345	0.43822882	1.2221454
284	85	1346	0.69762523	-0.98103065
95	86	1347	1.5834817	-1.026321
356	86	1348	0.74624932	-0.74398008
379	86	1349	0.70544555	2.2681529
476	86	1350	0.52928437	-2.6342102
487	86	1351	0.62067206	1.8953611
244	87	1352	0.1398182	3.0924902
273	87	1353	0.53897565	0.28973859
321	87	1354	0.32304914	-2.9244223
326	87	1355	0.89928346	0.059964368
329	87	1356	0.1398182	3.0924902
421	87	1357	0.84657997	-0.37486618
443	87	1358	0.69089415	-2.8711558
136	88	1359	0.51996301	2.1396316
199	88	1360	0.31886373	-0.0291622
310	88	1361	0.20570229	-2.8461408
338	88	1362	0.8263537	-1.239888
168	89	1363	1.1242312	2.2394811
269	89	1364	0.42177957	-1.2255082
315	89	1365	0.24442383	-1.5255955
340	89	1366	0.49809248	-0.96400427
483	89	1367	0.77553042	2.2114239
284	90	1368	0.20673083	-0.7922695
160	91	1369	0.21532051	0.19118598
212	91	1370	0.47515844	1.8669626
334	91	1371	0.33869712	1.9802333
169	92	1372	0.2967497	-2.2723319
321	92	1373	0.15985853	0.86846249
420	92	1374	0.37998413	-0.15805542
492	92	1375	0.1558289	-2.4106828
172	93	1376	0.49737529	1.8892722
277	93	1377	0.62929821	-1.118754
298	94	1378	0.35095252	-1.5257762
344	94	1379	0.16475366	1.8002219
432	94	1380	0.27850334	-1.0836531
460	94	1381	0.29346991	2.1704201
100	95	1382	0.22627123	0.50191315
266	95	1383	0.85427902	-1.2639593
272	95	1384	0.52928437	-2.6342102
356	95	1385	0.89136562	1.879856
389	95	1386	0.29705803	-0.3503694
127	96	1387	0.15578395	2.4288825
385	97	1388	0.61309473	1.9603356
391	97	1389	1.1339398	-1.7119554
430	97	1390	0.86166625	1.58551
475	97	1391	0.57596683	-0.83349294
299	98	1392	0.43542139	0.8992622
317	98	1393	0.61363489	-2.3261087
341	98	1394	0.71824835	0.76542966
165	99	1395	0.55773605	-1.2555064
247	99	1396	0.41719082	-2.0965608
293	99	1397	0.34994685	2.305456
269	100	1398	0.8652561	1.9230109
462	100	1399	0.18049042	-0.26341884
311	101	1400	0.33069505	-2.8371641
415	101	1401	0.28482207	0.18664705
156	102	1402	0.60512423	-2.2810616
305	102	1403	0.53163551	-2.6023607
337	102	1404	0.15289051	0.82716456
444	102	1405	0.44720645	1.4572455
111	103	1406	1.0349939	1.4046875
118	103	1407	0.76389021	-1.1188189
146	103	1408	0.26840687	-2.8046837
167	103	1409	0.76253821	-1.4279356
192	103	1410	0.20104588	-2.4397037
271	103	1411	0.54376038	1.867245
416	103	1412	0.32665678	2.0782596
278	104	1413	0.42583263	1.5017137
304	104	1414	0.44787116	2.0890865
380	104	1415	0.26035513	-2.321885
415	105	1416	0.15386301	1.7115002
161	106	1417	0.44385268	1.6950017
362	106	1418	0.3869546	-1.8740496
372	106	1419	0.65469543	-0.78293688
472	106	1420	0.8952642	1.1954041
206	107	1421	0.41992679	1.9411965
219	107	1422	0.27083735	3.0196433
289	107	1423	0.59972555	1.7219858
177	108	1424	0.86620164	-2.6004345
308	108	1425	1.0001585	1.8352737
363	108	1426	1.064536	-0.19119368
154	109	1427	1.2769104	2.1439495
171	109	1428	0.5826847	-0.69736244
224	109	1429	0.6928824	2.4153388
274	109	1430	0.73479136	-1.4592102
361	109	1431	1.0315104	-0.6275877
398	109	1432	1.273708	1.9940927
121	110	1433	0.73369561	1.7159908
287	110	1434	0.66037773	3.1318499
376	110	1435	1.1027849	0.70335787
473	110	1436	0.53110322	-0.88872516
271	111	1437	0.59966036	-2.1534906
296	111	1438	1.0782805	1.1046348
386	111	1439	0.74141576	1.6963772
457	111	1440	0.37908476	0.60202252
239	112	1441	0.63195576	-2.5542405
384	112	1442	0.68498893	0.96400552
494	112	1443	0.77489355	-0.97796157
291	113	1444	0.5124637	2.2832438
365	113	1445	0.70094504	-1.3213531
396	113	1446	1.0819932	-0.98437382
175	114	1447	0.29478609	0.86192484
204	114	1448	0.65173537	-0.69100673
230	114	1449	0.53874135	-2.0000808
259	114	1450	0.96556034	2.4011276
122	115	1451	0.57805511	0.44867136
227	115	1452	0.25486808	-0.50243449
222	116	1453	0.39032283	-1.8269917
317	116	1454	0.076403497	-2.3150566
323	116	1455	0.42792076	0.86923217
481	116	1456	0.44095254	-1.7235557
121	117	1457	0.52312959	0.92954279
257	117	1458	0.61476609	-2.9651647
167	118	1459	0.23498785	-2.8498585
172	118	1460	1.0246792	-1.2851486
319	118	1461	0.18088334	0.53564481
397	118	1462	0.75458045	-1.4067328
495	118	1463	0.36472178	-0.22596367
130	119	1464	0.69290635	-0.51475533
409	119	1465	0.60645729	-1.7082337
459	119	1466	0.59354718	0.59383082
484	119	1467	0.6096347	2.5085379
292	120	1468	0.085815524	2.9732429
293	120	1469	0.371447	-0.87012867
412	120	1470	0.32871458	1.9704461
423	120	1471	0.55988763	2.610035
462	120	1472	0.15855354	-0.68483895
147	121	1473	0.83151026	0.24361115
250	121	1474	0.040757921	-1.7069839
257	121	1475	1.0587066	-2.6204408
287	121	1476	0.90822285	-2.2271012
363	121	1477	1.2451465	2.2268182
376	121	1478	0.94730613	-0.013421339
378	121	1479	1.4305968	1.8211959
299	122	1480	0.43190347	2.7281672
496	122	1481	0.24943432	2.6386299
208	123	1482	0.30984703	-0.94613339
265	123	1483	1.087732	-1.9324544
471	123	1484	0.84044751	-1.7109577
185	124	1485	0.42510668	-0.32017777
198	124	1486	0.4823316	-2.7904843
417	124	1487	0.32171512	-1.8300576
440	124	1488	0.61670555	0.022866168
265	125	1489	0.2688586	1.6852564
431	125	1490	0.34951248	-0.51655351
471	125	1491	0.51048054	1.0885453
144	126	1492	0.40039415	-1.9053572
253	126	1493	0.92034123	-2.03599
341	126	1494	0.32326391	0.79216577
439	127	1495	0.030144911	-0.56894315
149	128	1496	0.1074169	2.6813251
228	128	1497	1.0867821	0.38423145
322	129	1498	1.1800623	-1.7469465
437	129	1499	0.19278799	1.7620817
466	129	1500	0.78052511	-1.8428741
205	130	1501	0.88027082	-1.3556132
211	130	1502	0.63892924	-1.7791728
345	130	1503	0.55990995	-0.44378417
409	130	1504	0.73366823	-2.7799126
459	130	1505	0.68236498	1.7344608
188	131	1506	1.075476	0.18884744
209	131	1507	0.43480782	0.26038564
303	131	1508	0.37278331	-2.5462576
268	132	1509	0.62442457	0.71761091
377	132	1510	0.62804613	-1.5790974
400	132	1511	0.92892371	1.3949197
428	132	1512	0.39990556	2.7075163
444	132	1513	0.6036975	-2.0116023
137	133	1514	0.30614253	2.7942803
274	133	1515	0.47670069	2.4014048
339	133	1516	0.34871811	-1.4232467
353	133	1517	0.59589196	0.078858726
275	134	1518	1.0255695	-3.0723431
385	134	1519	0.64783251	-0.050448741
430	134	1520	0.90580114	0.29314034
158	135	1521	0.62298866	1.5360293
220	135	1522	0.82917871	-1.8876792
198	136	1523	0.32209728	1.5391538
199	136	1524	0.74747551	-0.64165619
311	136	1525	0.71458587	2.8651191
417	136	1526	0.41970466	0.43499316
233	137	1527	0.03374467	1.1989403
248	137	1528	0.56679013	2.4029583
274	137	1529	0.22655592	1.8576695
339	137	1530	0.5627859	-0.92405241
441	137	1531	0.36751536	-0.74823551
482	137	1532	0.096842201	1.0831677
446	138	1533	0.51441049	-2.9693142
468	138	1534	0.52566701	2.6904031
476	138	1535	0.5322127	-0.70173113
498	138	1536	0.53034469	1.2577338
258	140	1537	0.38125704	0.90914059
413	140	1538	0.38837913	1.8411362
470	140	1539	0.38685551	-1.472154
480	140	1540	0.83458563	-2.1395867
168	141	1541	0.30031361	-0.65277556
433	141	1542	0.61266073	2.9641374
483	141	1543	0.64717197	-0.75344002
487	141	1544	0.46794606	-1.2211427
173	142	1545	0.051270705	-1.1936785
281	142	1546	0.66758448	-1.1846969
319	142	1547	0.74649663	2.5416084
392	142	1548	0.68350046	2.1924694
495	142	1549	0.48422174	2.6051962
247	143	1550	0.68260542	1.4583568
266	143	1551	0.63235243	1.8592591
279	143	1552	0.3172482	-2.7335079
349	143	1553	0.65593263	-1.835653
410	143	1554	0.38177081	0.97298281
426	143	1555	0.2361109	-0.40866274
437	143	1556	0.73199474	-1.4166964
174	144	1557	0.67590743	-1.7153312
282	144	1558	0.71081902	0.72403759
191	145	1559	0.73653047	2.231972
217	145	1560	0.14341567	-0.80253251
330	145	1561	0.40952457	-2.814181
183	146	1562	0.091991597	-1.9904813
192	146	1563	0.10791836	-0.39050688
200	146	1564	0.6894159	1.6749021
238	146	1565	0.43556411	-2.2144671
241	146	1566	0.20433037	-2.7514933
271	146	1567	0.61605573	1.4168408
232	147	1568	0.734325	0.11417227
256	147	1569	0.28318786	-0.28099713
376	147	1570	0.25526931	-0.98906886
391	147	1571	1.1054597	0.35399773
157	148	1572	0.30982827	-1.1526391
349	148	1573	0.8697257	1.1597049
388	148	1574	0.71337477	1.6740085
181	149	1575	0.30638203	3.0814897
228	149	1576	1.1608994	0.31499788
342	149	1577	0.7777264	-3.0029476
272	150	1578	1.3107927	1.7991071
279	150	1579	0.31290665	-0.040125621
388	150	1580	0.60749952	-1.5525273
479	151	1581	0.52366395	1.7791307
242	152	1582	0.38549768	-0.60811751
399	152	1583	0.31039964	0.75542479
404	152	1584	0.41479396	-1.3872491
350	153	1585	0.52415675	0.64329946
224	154	1586	0.63706627	-1.2934973
325	154	1587	0.5345123	2.4413661
429	154	1588	0.34321779	-2.6221756
307	155	1589	0.48097822	2.6563824
357	155	1590	1.6174839	0.69079066
375	155	1591	0.64431997	3.1108707
403	155	1592	0.56268954	2.7750447
472	155	1593	1.5320317	-1.9344151
305	156	1594	0.19577167	1.8910808
336	156	1595	1.1657394	-2.5082931
337	156	1596	0.75794681	0.8538017
479	157	1597	0.1948065	-2.1151827
298	158	1598	0.41650766	1.9832465
332	158	1599	1.037511	-1.6868638
432	158	1600	0.48888548	1.6781554
478	158	1601	0.4383605	1.0922928
447	159	1602	0.14530016	1.0725681
334	160	1603	0.43893046	2.4796574
347	160	1604	0.54905787	2.5938625
425	160	1605	0.4439474	2.480958
441	160	1606	0.47278014	-0.5963841
362	161	1607	0.81199336	-1.645457
451	161	1608	0.26196272	3.0901196
472	161	1609	0.54855084	0.7973394
276	162	1610	0.45707733	0.23260048
453	162	1611	1.2564868	-1.2317651
230	163	1612	1.1025785	-0.9838156
259	163	1613	0.25447169	1.0700596
294	163	1614	0.21482911	2.0107655
359	163	1615	0.82693057	2.62872
434	163	1616	0.50725551	2.8718161
186	164	1617	0.6170647	0.26188188
357	164	1618	0.38589507	-1.6260666
421	164	1619	0.86224241	1.0643605
293	165	1620	0.88885446	2.0470919
410	165	1621	0.31134563	-2.4716088
426	165	1622	0.64958454	-1.9529607
197	166	1623	0.31751404	-2.6116358
194	167	1624	0.13517912	-2.7826049
397	167	1625	0.76122103	-1.0955486
175	168	1626	0.61317501	-1.0917596
313	169	1627	0.2381688	1.5698619
420	169	1628	0.59082054	0.28632386
477	169	1629	0.48291997	2.7923631
492	169	1630	0.14402215	1.0190358
390	170	1631	0.19716537	-2.381112
406	170	1632	0.59132489	-2.8402953
442	170	1633	0.32742312	1.0611629
361	171	1634	0.45207248	-0.53760531
277	172	1635	1.1241964	-1.1777061
397	172	1636	0.29046398	2.1769842
424	172	1637	0.67165621	-0.70544907
474	172	1638	0.31330209	0.05209882
281	173	1639	0.61631601	-1.1839497
367	173	1640	0.62577464	0.40498177
253	174	1641	0.29030318	2.2574462
286	174	1642	0.078605695	1.0174735
307	174	1643	0.80504836	-1.0897185
204	175	1644	0.71048839	-1.1187737
189	176	1645	0.63662068	-2.8184408
305	176	1646	1.0843473	0.51599837
336	176	1647	0.34685709	-1.3819217
380	176	1648	0.21095041	2.1134478
277	177	1649	0.77367294	2.5000716
295	177	1650	1.2552298	-0.98938963
424	177	1651	1.1945287	2.039053
448	177	1652	0.63037016	-2.4928619
226	178	1653	0.12622763	0.14894951
190	179	1654	0.31080165	-0.94326104
351	179	1655	0.57811457	-1.6528893
478	179	1656	0.42055989	1.3325754
382	180	1657	0.30834766	1.5532377
405	180	1658	0.55894686	-1.7349561
470	180	1659	0.21665358	-0.26918632
290	181	1660	0.10612032	3.0879447
292	182	1661	0.34296399	2.7692782
364	182	1662	0.46508729	-1.3328513
314	183	1663	0.38347818	-2.1703463
237	184	1664	0.52684507	-1.5625947
262	184	1665	0.41737172	-0.95955503
202	185	1666	0.17751036	1.2269558
440	185	1667	0.2593457	0.60683203
288	186	1668	0.88589589	0.85029767
357	186	1669	0.82353289	-2.418296
421	186	1670	0.62027936	1.8614911
196	187	1671	0.43480497	0.61097356
392	187	1672	0.89225581	-1.6964808
402	187	1673	0.2022615	0.38671082
407	187	1674	0.3201419	-2.851499
232	189	1675	0.4206366	2.8673652
255	189	1676	0.78452559	-1.2760727
336	189	1677	0.68298795	-0.20423955
376	189	1678	1.0109083	-2.9595346
380	189	1679	0.6255419	0.65854136
391	189	1680	0.42481192	1.8024913
351	190	1681	0.3977483	-2.1870565
375	190	1682	0.6745666	1.2012527
478	190	1683	0.66549696	1.6962139
310	191	1684	0.62572654	0.54444874
330	191	1685	0.71593316	-1.4805913
194	192	1686	0.68597593	-1.371918
348	192	1687	0.15994814	-2.7691068
362	193	1688	0.81085052	1.9455865
217	195	1689	0.64629039	1.916126
338	195	1690	0.92409391	1.3194457
254	196	1691	0.40003308	2.1676069
264	196	1692	0.55161946	-0.38842709
402	196	1693	0.24182847	-2.3435281
408	196	1694	0.10932905	2.9265878
452	197	1695	0.96463225	-2.4339402
311	198	1696	0.7090829	-2.9616895
415	198	1697	0.10530933	2.9009403
338	199	1698	0.77385741	-1.6357687
484	199	1699	0.55421721	0.61847733
214	200	1700	0.42187823	1.7611449
241	200	1701	0.77235115	-1.7233083
271	200	1702	0.183056	-0.43362973
216	201	1703	0.52628164	1.4853375
308	201	1704	0.86074729	-1.9599431
489	201	1705	1.1066528	-0.88483404
360	203	1706	0.34484409	1.7331015
458	203	1707	0.17008009	2.2952298
461	203	1708	0.66302731	-1.8827003
423	204	1709	0.58205361	-1.3734991
211	205	1710	0.39704891	2.5086529
276	205	1711	0.95014073	-1.7199567
345	205	1712	0.69627844	1.0969629
289	206	1713	0.21066798	1.2736528
426	206	1714	0.17721765	1.7569739
278	207	1715	0.73923233	-2.7855287
428	207	1716	1.0678752	1.0255852
382	208	1717	0.39164161	-0.76482703
210	209	1718	0.57765196	3.0019216
353	210	1719	0.93977758	-2.9742978
361	210	1720	1.1455181	2.9281998
276	211	1721	1.1880053	-1.4195995
409	211	1722	0.6637296	2.5584145
280	212	1723	0.12041358	1.2260711
334	212	1724	0.14382044	-1.5440605
436	212	1725	0.24964524	1.1936464
249	213	1726	0.39416454	-2.7726258
455	213	1727	0.39397693	0.93082895
493	213	1728	1.1672039	1.0126578
271	214	1729	0.54930295	-1.1065835
220	215	1730	0.24208211	1.2531549
225	215	1731	0.12674842	-0.50260987
238	215	1732	0.52029521	1.8838366
312	215	1733	1.0566307	-1.2393708
419	215	1734	0.019575433	2.2279121
365	216	1735	0.94047658	0.034371297
330	217	1736	0.488264	-3.0830509
338	217	1737	0.53251471	0.56901563
395	217	1738	0.88730159	-2.4611107
290	218	1739	0.90158547	0.20020155
339	218	1740	0.17199376	1.2916528
263	219	1741	0.43801402	1.380266
360	219	1742	0.69843226	-1.7682945
437	219	1743	0.098942193	-1.7774323
225	220	1744	0.29318128	-1.449535
270	220	1745	0.098310982	3.0115688
332	220	1746	0.41224309	1.1725178
261	221	1747	0.21964107	2.4154336
317	222	1748	0.32482191	1.425123
344	222	1749	0.40020899	-1.7342291
312	223	1750	0.068983827	-0.45995224
419	223	1751	1.0269757	1.8610963
447	223	1752	0.12198096	-0.33543882
346	224	1753	0.75226343	-1.7074691
429	224	1754	0.64715061	2.3889667
332	225	1755	0.68244232	1.3874601
366	225	1756	0.13310642	-0.94179778
284	226	1757	1.0198658	-1.3349747
448	226	1758	0.80226179	-0.87852687
296	227	1759	0.574512	-1.6178711
386	227	1760	1.0039506	-2.2170051
394	228	1761	1.334218	0.20233187
486	228	1762	0.37094793	2.5999872
265	229	1763	0.95807855	0.62130598
423	230	1764	0.97612372	-0.53332816
325	231	1765	1.2023666	-1.1289087
362	231	1766	0.99196505	1.5801963
376	232	1767	0.65986791	-2.6748303
391	232	1768	0.42919387	0.7725136
248	233	1769	0.55558267	2.4596863
274	233	1770	0.2009361	1.960648
345	234	1771	0.58047266	2.7398452
316	235	1772	0.29577313	2.7707534
246	236	1773	0.81621334	2.5129421
260	236	1774	0.3768497	-1.6840956
364	236	1775	0.28176507	1.5614858
239	237	1776	0.53381653	-0.64090006
262	237	1777	0.2992572	0.6665599
414	237	1778	0.66980563	-2.0308355
241	238	1779	0.28022336	1.3093991
314	238	1780	0.052737035	-1.4275631
335	238	1781	0.50891677	1.5884316
419	238	1782	0.50191058	-1.2709127
262	239	1783	0.53976741	1.9358223
497	239	1784	0.75369407	-1.6109884
254	240	1785	0.12867472	-1.9131863
328	240	1786	0.42351264	0.11392258
414	240	1787	0.42649306	1.0396262
457	240	1788	0.5216309	2.9302454
381	242	1789	0.78702553	0.1896801
399	242	1790	0.44239278	1.7766416
404	242	1791	0.30514606	-2.4795485
441	242	1792	0.32154764	-1.3462749
301	243	1793	0.49476315	1.2841469
337	243	1794	0.46981253	-2.6048026
360	243	1795	0.65407337	1.3249706
377	243	1796	0.20442149	3.0950623
455	243	1797	1.1641589	-2.0718556
458	243	1798	0.43367689	1.3329371
493	243	1799	0.38922404	-2.040927
282	244	1800	1.0131468	-2.7260275
488	244	1801	0.44933551	-2.7485141
449	245	1802	0.36026387	-1.154965
491	245	1803	0.41759883	-3.0784379
261	246	1804	0.29905406	-2.2471722
292	246	1805	0.44485328	1.0176696
423	246	1806	0.668448	1.8191766
266	247	1807	0.26641436	-2.8676615
389	247	1808	0.6822777	1.9232152
410	247	1809	0.38820036	-1.2065779
346	248	1810	0.44667741	2.4618236
425	248	1811	0.10778253	-2.0878637
482	248	1812	0.55078389	-0.56748376
336	249	1813	0.67972403	-3.1088535
455	249	1814	0.75724454	0.64982923
261	252	1815	0.51070065	1.7777428
352	252	1816	0.5704358	-1.7807782
401	252	1817	0.71035696	-1.1234614
469	252	1818	0.66433778	3.1052073
286	253	1819	0.27500954	-0.61041069
323	253	1820	0.49219947	1.5113133
328	254	1821	0.49390882	0.34997607
408	254	1822	0.32941794	-1.2044175
457	254	1823	0.52068697	2.6827194
297	255	1824	0.33954853	-0.5776132
336	255	1825	0.75442381	0.94662034
376	256	1826	0.18850349	-2.345201
287	257	1827	0.41170754	-0.48635134
295	257	1828	0.96515876	2.9106732
302	257	1829	0.94909527	-1.9924927
289	260	1830	0.47491583	-1.1361323
423	261	1831	0.8814476	1.5448455
469	261	1832	0.7339416	-2.4365605
268	263	1833	0.70943331	-1.7232356
289	263	1834	0.16121536	0.93642409
367	264	1835	1.2825381	-1.5602044
408	264	1836	0.65957843	2.7817714
497	264	1837	0.59812223	1.1961615
471	265	1838	0.32529524	0.60554928
279	266	1839	0.74053833	-1.7216719
352	267	1840	0.81698065	0.092475369
449	267	1841	0.3536075	-2.4939656
301	268	1842	0.58846382	-1.7962533
315	269	1843	0.20166647	2.2825067
356	269	1844	0.18547903	-2.7437157
383	270	1845	0.81218701	1.7052585
476	272	1846	1.5834817	2.1152716
326	273	1847	0.39408021	-0.25680642
353	274	1848	0.98504468	-0.28246674
361	274	1849	0.76335509	0.16386076
378	275	1850	0.96349847	-2.0625619
396	275	1851	1.1345623	1.9589557
463	275	1852	0.12615239	-3.0331845
490	275	1853	0.37974571	-3.1232983
491	276	1854	1.2582551	-1.2279973
424	277	1855	0.60834819	1.4377034
448	277	1856	0.85197915	-1.4323879
380	278	1857	0.64904053	-1.8955124
465	278	1858	0.85493129	1.6010788
349	279	1859	0.52104643	-1.3394052
388	279	1860	0.666917	-2.0399882
334	280	1861	0.25972559	-1.713148
436	280	1862	0.12935388	1.1634635
308	281	1863	0.80693154	-0.15602292
367	281	1864	0.88624326	1.1738343
424	281	1865	0.52114612	-2.0129348
474	281	1866	0.42189167	-3.0959937
488	282	1867	0.56401534	0.43347906
331	283	1868	0.59701401	0.68390986
418	283	1869	0.49532904	2.9539954
446	283	1870	0.37548422	-1.740466
468	283	1871	0.060477029	-2.0835838
448	284	1872	0.46355124	0.93895256
306	285	1873	0.39347142	2.7852827
433	285	1874	0.088617852	2.8571996
456	285	1875	0.14623142	1.4543528
500	285	1876	0.32779163	3.0265593
307	286	1877	0.84791539	-1.1694879
324	286	1878	0.30800451	-2.0712265
481	286	1879	0.5512261	-2.9338109
302	287	1880	1.0098477	-2.4114858
421	288	1881	0.76560502	-3.0480994
303	290	1882	0.49467952	0.27218162
395	291	1883	0.66947337	1.0923765
494	291	1884	0.8247416	1.6476319
393	292	1885	0.61221882	-0.87421378
423	292	1886	0.48063849	2.5465599
393	293	1887	0.18454831	-1.1892657
462	293	1888	0.21757717	2.1368037
434	294	1889	0.40179205	-2.9937695
320	295	1890	0.85287974	-1.9726769
327	296	1891	0.24265508	-0.021627561
336	297	1892	0.8127741	1.3771059
442	297	1893	0.42348092	-1.4401346
344	298	1894	0.51380173	1.6746465
432	298	1895	0.15506604	0.73940347
477	299	1896	0.45579557	0.3784011
496	299	1897	0.18481908	-0.29245121
315	300	1898	0.55074384	-0.97189208
356	300	1899	0.7315895	-1.1910355
483	300	1900	0.4425912	1.9506422
487	300	1901	0.63081948	2.4253315
360	301	1902	0.16099377	1.4507257
309	302	1903	0.68446829	-0.71236856
320	302	1904	0.93477177	2.8127068
381	302	1905	0.51199241	-1.5449
399	302	1906	0.87990258	-2.8804739
380	304	1907	0.58104019	-1.4946558
391	304	1908	0.77554645	-2.3556267
465	304	1909	0.91839009	1.3228536
475	304	1910	0.14758257	1.5797995
373	306	1911	0.60832451	3.0655728
433	306	1912	0.30514909	-0.3771787
445	306	1913	1.1674159	3.0180939
500	306	1914	0.10856231	-1.1622177
403	307	1915	0.10238704	-2.9184227
367	308	1916	1.0465567	2.0200279
370	309	1917	0.59823375	-0.89393973
381	309	1918	0.50885508	-3.0146284
415	311	1919	0.61445601	0.24993182
420	311	1920	1.1636799	-2.9345183
427	311	1921	0.23792534	-2.2313769
439	312	1922	0.82421918	-1.2294904
499	312	1923	0.092887215	-2.4800767
321	313	1924	0.31462035	0.35897252
411	313	1925	0.090005171	0.057332074
477	313	1926	0.4598117	-2.9823203
492	313	1927	0.13787863	-0.99329802
348	314	1928	0.36426013	0.97409557
419	314	1929	0.44989453	-1.252624
356	315	1930	0.22798579	-1.7439342
431	316	1931	0.79603044	0.47856266
323	317	1932	0.50426518	0.86276501
375	318	1933	1.4183406	1.1976582
451	318	1934	0.51072621	-1.6269495
472	318	1935	0.62992964	-0.20934452
392	319	1936	0.25599887	0.55146578
407	319	1937	0.92805917	1.5458695
495	319	1938	0.26504565	-0.71633915
358	320	1939	0.65977316	2.5526625
399	320	1940	0.53020766	-1.5055016
411	321	1941	0.23023688	-2.666219
492	321	1942	0.31494122	-2.3410272
360	322	1943	0.76492155	1.5009317
466	322	1944	0.40999907	1.5780119
341	323	1945	0.82943836	0.74336098
333	324	1946	0.54947687	-2.6285859
368	324	1947	0.39485156	-1.8071339
403	324	1948	0.65407566	-0.95247094
481	324	1949	0.42171194	2.7613324
429	325	1950	0.52658581	-1.3588209
343	326	1951	1.0752035	0.2057908
421	326	1952	0.38009404	-1.8640591
457	327	1953	0.8512102	-2.0798045
408	328	1954	0.58917297	-2.1983842
414	328	1955	0.37953834	2.1405441
497	328	1956	0.5134262	-0.30159253
494	330	1957	0.64824516	-2.6575068
456	331	1958	0.51100459	1.5894199
468	331	1959	0.65368199	-2.4238673
498	331	1960	0.2112221	-0.8208154
500	331	1961	0.53539315	2.2885641
351	332	1962	0.46883139	1.1874672
368	333	1963	0.40281718	-0.28742646
432	333	1964	0.35420282	-1.1082189
460	333	1965	0.21999948	2.2483637
481	333	1966	0.43502638	1.3690848
422	334	1967	0.44917086	2.4155211
377	337	1968	0.31967951	0.89672377
444	337	1969	0.33597635	1.7286948
493	337	1970	0.25122161	-0.43885097
409	338	1971	0.91975709	0.14418073
441	339	1972	0.21096837	1.907912
374	340	1973	0.34804942	-1.1165353
412	340	1974	0.45103653	-1.3907201
443	341	1975	0.58033937	0.13849401
477	341	1976	0.17692947	0.06577009
441	342	1977	0.63250633	2.6171582
434	345	1978	0.78211052	1.938952
347	346	1979	0.40155536	-1.1173295
422	346	1980	0.087330746	-2.0141734
425	346	1981	0.47616696	-0.90503445
429	346	1982	1.2438733	1.8727064
422	347	1983	0.35369873	2.2184041
359	350	1984	0.42334961	-0.90652904
438	350	1985	0.27859217	0.61295151
440	350	1986	0.83129263	2.8530159
485	350	1987	0.43128102	0.6960989
401	352	1988	0.43409998	-0.19133821
428	352	1989	1.0678677	-1.5874645
361	353	1990	0.44324765	2.020999
422	354	1991	0.35776102	-0.76459855
442	355	1992	0.40670393	-2.9232658
399	358	1993	1.0687277	-0.99355508
448	358	1994	1.1297802	1.8482497
434	359	1995	0.35617257	-0.86278324
437	360	1996	0.59949488	1.3748063
458	360	1997	0.22043731	-1.8322953
466	360	1998	0.35753651	-1.729079
366	362	1999	0.59977448	2.1945838
451	362	2000	0.84740426	1.8103321
378	363	2001	0.56874619	0.77829191
489	363	2002	1.1423359	1.8175681
396	365	2003	0.48011247	-0.48061822
451	366	2004	0.36802813	1.1531134
403	368	2005	0.49460866	-0.30620984
432	368	2006	0.30530224	-2.4151541
429	369	2007	0.66092526	-0.87053357
439	369	2008	0.97638793	1.7026941
486	370	2009	0.59396409	0.4941636
438	371	2010	0.50595792	0.053961682
387	372	2011	1.0606457	-1.2611412
472	372	2012	1.3018268	1.6753324
433	373	2013	0.90428142	-0.17628435
438	373	2014	0.25881256	0.44093527
412	374	2015	0.14944615	-2.0730281
403	375	2016	0.21718423	0.99253678
478	375	2017	0.32838254	3.0463105
444	377	2018	0.26536406	2.8273003
489	378	2019	0.98478976	2.3386896
490	378	2020	0.84573337	1.4816842
433	379	2021	0.78274217	2.2774732
454	379	2022	0.38719222	-2.5382038
498	379	2023	0.25764309	2.9454805
391	380	2024	0.59307324	3.0898875
413	382	2025	0.398127	1.4153998
430	385	2026	0.36761886	0.92871878
398	387	2027	1.2480061	-1.4109361
462	389	2028	0.18868896	1.0516395
394	390	2029	0.58260405	-2.5167162
475	391	2030	0.88529577	0.90511554
406	394	2031	0.30547278	1.4041431
490	396	2032	1.0582751	-1.5237846
401	400	2033	0.2522477	1.8992767
428	401	2034	1.0805859	-1.9942006
431	405	2035	0.42392651	-2.9641192
470	405	2036	0.57790148	1.0245781
416	407	2037	0.67272127	-3.0710487
457	407	2038	0.90297626	1.6026239
426	410	2039	0.4093899	-1.5664158
423	412	2040	0.35524147	-3.0880345
462	412	2041	0.47470556	-1.0144039
457	414	2042	0.77063919	-2.7997971
435	418	2043	0.78985745	-2.8411709
446	418	2044	0.62690316	-0.8296675
464	418	2045	0.34585891	1.9405232
474	424	2046	0.49347123	1.9847027
437	426	2047	0.63807866	-1.735014
444	428	2048	0.72189042	-1.4244922
449	430	2049	0.98853814	0.58992605
453	430	2050	0.77177398	1.8204252
491	430	2051	0.89162538	1.2758771
460	432	2052	0.57106954	2.115653
456	433	2053	0.15781117	0.86762097
487	433	2054	0.93955314	-0.62244507
459	434	2055	0.38250947	2.63992
446	435	2056	1.1997232	-0.1918298
467	438	2057	0.53230629	-0.1500528
485	438	2058	0.15538363	0.84556058
482	441	2059	0.40346895	2.1593069
468	446	2060	0.31918151	1.4649142
476	446	2061	0.94829502	-0.27267163
499	447	2062	0.13528591	-2.782601
465	449	2063	1.1123457	-1.7468746
469	449	2064	1.0302551	1.0070738
491	449	2065	0.63883491	2.6470554
494	450	2066	0.73146872	1.1158414
497	450	2067	0.6961432	2.8555221
486	452	2068	0.39313102	2.6692978
491	453	2069	0.46197999	0.22990382
476	454	2070	0.65572482	-1.0796767
498	454	2071	0.27789039	1.3305701
493	455	2072	0.77521444	1.0542101
481	460	2073	0.33997577	0.84727459
475	465	2074	0.77655877	-1.867054
485	467	2075	0.46637504	2.7082007
498	468	2076	0.69341226	0.40836004
487	483	2077	0.31171853	3.1315433
490	489	2078	0.7710446	0.17460321
