from	to	label	distance	angle
1	65	1	0.48244701	2.2121852
1	142	2	0.67276649	2.0825207
1	238	3	0.67532611	-1.0456334
1	314	4	0.57787683	-0.67641566
1	338	5	0.64395355	2.2561505
1	388	6	0.29840742	-2.8627849
1	409	7	0.58041418	-1.4191724
2	33	8	0.82881794	0.52744845
2	121	9	0.57866602	0.26201942
2	137	10	0.14831401	2.6895171
2	192	11	0.72446085	-3.0032354
2	332	12	0.72243453	-2.8902399
3	132	13	0.54851883	0.8580643
3	208	14	1.2058009	1.7964132
3	361	15	0.50644443	-1.0417658
3	439	16	1.2040368	-1.6369254
4	50	17	0.68253897	3.0035235
4	65	18	0.17683265	1.3179824
4	450	19	0.56817822	-0.77747201
5	13	20	0.56169997	-2.4066974
5	22	21	1.3425738	1.8274083
5	73	22	0.88020766	-1.4030724
5	149	23	0.81438715	2.7824335
5	416	24	0.90067877	2.139254
5	432	25	1.5163599	-0.79956894
6	128	26	0.43790181	1.3904575
6	433	27	0.37386323	0.35265949
6	454	28	0.31316642	2.2066377
7	67	29	0.7156332	-1.2625283
7	94	30	0.61412652	2.7345567
7	195	31	0.64865954	1.2796683
8	89	32	0.16645707	2.3134081
8	104	33	0.47249983	1.777354
8	258	34	0.54416509	-1.2831111
8	296	35	0.45934815	-1.930403
8	435	36	0.54653293	0.6029244
9	52	37	0.58931634	0.2439398
9	116	38	0.54563076	2.3342573
10	67	39	0.56181425	1.1251517
10	260	40	0.5869721	-2.73775
10	377	41	0.095340343	2.5449728
10	419	42	0.24303241	-1.0017324
11	13	43	0.48806394	-0.19829268
11	24	44	0.4872201	2.5479018
11	31	45	0.70937818	-1.0587232
11	149	46	0.58207732	1.3406165
11	374	47	0.36391976	-2.6051645
11	445	48	0.49309665	2.1384531
12	231	49	0.63483842	2.7890266
12	242	50	0.7243073	-1.5771268
12	352	51	0.34017018	1.6272616
12	493	52	0.60293952	0.11399971
13	31	53	0.53839898	-1.8164145
13	73	54	0.74768147	-0.71683971
13	149	55	0.74760003	2.0515074
14	116	56	0.83308692	-0.73033588
14	147	57	0.3339477	0.078189983
14	227	58	0.58066859	-2.321113
14	252	59	0.24034398	-2.2894555
14	256	60	0.8023107	1.9899099
14	269	61	0.87113198	-0.41353364
14	301	62	0.9727373	2.4334056
15	53	63	0.32016674	-0.78946361
15	96	64	0.52263698	0.49636275
15	206	65	0.65378568	1.3037166
15	240	66	0.63006124	-2.6155461
15	448	67	0.39021895	2.6119629
15	465	68	0.45916853	-1.87279
16	35	69	0.39509318	-1.1915294
16	108	70	0.54731356	0.50727457
16	297	71	0.55586993	-3.0684904
17	197	72	0.48208042	1.5567498
17	222	73	0.69383234	-0.15060692
17	499	74	0.72790802	-2.6660953
18	43	75	0.55554376	0.62290724
18	103	76	0.66057697	-1.9617385
18	152	77	0.39744937	0.28050551
18	159	78	0.18658949	-1.3012785
19	67	79	0.50890886	0.86192769
19	260	80	0.57137565	-2.4794533
19	377	81	0.067843805	-1.419079
20	273	82	0.38565905	-1.0299462
21	146	83	0.32182229	-1.8549798
21	169	84	0.60958621	1.7550889
21	191	85	0.54938403	1.2821963
21	249	86	0.31896912	3.1270251
21	295	87	0.48220624	-1.4599854
21	345	88	0.5424541	-2.2574509
22	125	89	0.52076603	2.63797
22	416	90	0.55849443	-1.831788
22	477	91	1.37984	1.5919124
23	173	92	0.51487035	1.0113647
23	264	93	0.55741938	-1.1010132
23	303	94	0.20301629	0.56887703
23	305	95	0.4700395	1.9228325
24	230	96	0.6345908	1.6507059
24	374	97	0.46750179	-1.3747974
24	385	98	0.25797946	2.6595318
24	445	99	0.19937877	0.80124394
25	143	100	0.68215864	0.71647903
25	189	101	0.51264704	-2.935446
25	200	102	0.141414	1.4716836
25	479	103	0.33863811	2.6263735
25	494	104	0.41723645	-2.7321201
26	50	105	0.49959741	-1.7551473
26	340	106	0.41869096	2.7069779
27	123	107	0.59840464	-0.52976458
27	132	108	1.0208425	1.8963188
27	188	109	0.51226164	-2.285541
27	226	110	0.8911556	-1.4337953
27	361	111	0.44468033	2.8799545
27	472	112	0.4512868	0.57031771
28	107	113	0.45390934	-0.054391501
28	265	114	0.51655776	1.1818432
28	387	115	0.54084537	-3.0154224
28	399	116	0.5065112	-1.3540015
28	426	117	0.75261742	-0.74037735
28	449	118	0.76905444	2.3472488
29	97	119	0.38465647	0.42662927
29	182	120	0.42942171	1.6429759
29	422	121	0.29670052	-1.6540088
29	453	122	0.39024847	3.0333924
30	266	123	0.61418191	-2.0642586
30	271	124	0.10711708	-0.03948039
30	290	125	0.38195369	-2.1170902
30	298	126	0.44041054	-0.88305375
30	365	127	0.75349393	0.86393766
31	73	128	0.69527326	0.044614982
31	256	129	0.77857232	-0.7951529
31	301	130	0.66933111	-1.3710591
31	303	131	0.49305743	-2.7713751
31	374	132	0.78935506	2.5618758
32	231	133	0.54269108	0.93604703
32	242	134	1.0441001	-0.50650838
32	286	135	0.6600112	2.5318096
32	358	136	0.45723573	-0.81250562
32	364	137	0.89805938	-2.8875666
32	456	138	0.48899002	1.8022126
33	95	139	0.83179515	0.71946186
33	121	140	0.31010923	-2.1026312
33	189	141	0.48325947	0.015376792
33	278	142	0.54567645	2.4176371
34	114	143	0.93766397	1.9307009
34	208	144	1.4290093	-0.98718054
34	222	145	1.4489423	2.6128808
34	373	146	0.74040311	0.77753127
34	498	147	0.92063083	-0.64120109
35	102	148	0.51217818	-0.011511286
35	184	149	0.45531908	-2.7013162
35	311	150	0.25366244	-1.8035939
36	47	151	0.70831772	2.5239382
36	204	152	0.72590135	-1.3565349
36	225	153	0.37625069	-3.0198352
36	310	154	0.87621077	0.71323808
36	496	155	0.55034541	-2.1116283
37	122	156	0.69908635	0.89607957
37	170	157	0.45847729	-1.6278862
37	174	158	0.2069071	-2.4476864
37	219	159	0.65948521	1.5321559
37	237	160	0.82565315	-1.6681273
37	251	161	0.18881974	2.2733676
38	153	162	0.60935098	-0.38918829
38	190	163	0.41314987	1.6130964
38	235	164	0.57040173	2.6804731
38	431	165	0.58873311	-2.2711572
38	459	166	0.44823968	0.54969464
39	281	167	0.33222567	1.7500604
39	400	168	0.40214718	-2.1369049
40	115	169	0.41509936	-0.87835564
40	154	170	0.86332249	-2.0894211
40	300	171	0.21311961	2.8250941
40	322	172	0.81049422	1.0274785
40	495	173	0.39831806	0.61829887
41	46	174	0.46016643	1.0070713
41	405	175	0.37826871	3.0060374
41	440	176	0.33118719	-2.0883105
41	451	177	0.3807861	-0.92178882
42	110	178	0.5657338	2.5571579
42	213	179	0.18612193	-2.2032997
42	215	180	0.34040165	1.797442
42	386	181	0.70243296	-1.2801767
43	152	182	0.22500741	-1.8838265
43	159	183	0.64435456	-2.2435456
43	359	184	0.57716051	0.43767129
43	418	185	0.26899248	0.054948034
43	425	186	0.60348821	0.55935287
44	124	187	0.91607089	0.66095088
44	128	188	0.56802585	-1.9734022
44	209	189	0.55595486	-1.1126087
44	269	190	0.79533421	-2.8696317
44	437	191	0.77119836	-0.29874713
44	484	192	0.87819992	2.4450349
45	80	193	0.41844235	-0.67579125
45	173	194	0.63319031	-2.2415857
45	246	195	0.61854591	0.5398507
45	289	196	0.96170664	-1.1872
45	317	197	0.6969175	2.3310895
45	380	198	0.86812707	1.7888594
46	321	199	0.61636319	0.56007346
46	360	200	0.71763009	-0.66169501
46	379	201	0.75518169	2.8790039
46	451	202	0.69251022	-1.5935258
46	457	203	0.77463278	1.6784843
47	54	204	0.60264603	-1.647003
47	162	205	0.83996509	-2.8598301
47	225	206	0.4994558	-1.1500841
47	254	207	0.77204687	0.81465241
47	360	208	0.80989444	1.8834355
48	190	209	0.40482374	-2.6001448
48	203	210	0.54553159	-0.40050902
48	228	211	0.53176231	2.6233558
48	398	212	0.43319215	1.3124771
48	459	213	0.39082226	-1.4353886
49	130	214	0.38343115	-2.395255
49	193	215	0.56203365	-1.6978671
49	244	216	0.38011429	0.58031889
49	366	217	0.45655859	0.69484369
50	129	218	0.67773995	2.6777053
50	403	219	0.68551834	-2.0169791
50	410	220	0.23405587	-1.4861239
51	55	221	0.67332901	-0.56773149
51	76	222	0.43059049	0.38647668
51	373	223	0.77919739	2.3231452
51	498	224	0.5959172	-2.1423241
52	91	225	0.51949118	0.0080474327
52	393	226	0.5248373	2.247342
52	423	227	0.47591124	-0.62879964
52	483	228	0.41091563	1.4514892
53	96	229	0.53063462	1.1139037
53	216	230	0.47156413	0.96910215
53	335	231	0.11267646	-1.9153237
53	397	232	0.60516795	-2.28323
53	465	233	0.41907683	-2.6137453
54	225	234	0.28888682	0.52580314
54	343	235	0.49113063	-2.7303721
54	447	236	0.39322659	-1.5504605
54	496	237	0.44114735	-0.69088497
55	76	238	0.550885	1.8823513
55	214	239	0.60598588	0.48938398
55	218	240	0.80607932	1.3583224
55	415	241	0.76387328	-2.0417738
55	490	242	0.93110059	-1.3447426
56	253	243	0.51916247	1.5700148
56	436	244	0.3435627	-2.8289795
56	467	245	0.44537987	-0.64878428
57	70	246	0.86303292	-0.21214095
57	84	247	0.73534613	-2.9827878
57	247	248	0.8700695	3.0548175
57	315	249	0.87468749	0.21067329
57	334	250	0.53053555	-2.2762601
57	396	251	0.49945337	-0.53666668
57	424	252	0.52306367	2.7327699
57	456	253	0.35729565	0.90106846
58	240	254	0.50202455	-0.056520607
58	288	255	0.38587974	-1.8722884
58	313	256	0.48068725	0.69162975
58	330	257	0.58073906	-2.982433
58	485	258	0.45457312	2.190748
59	85	259	0.69252628	-1.6903063
59	188	260	0.55537399	1.583015
59	226	261	0.45457082	0.13108761
59	439	262	0.5251252	2.5495434
60	66	263	0.21727701	-0.91942956
60	356	264	0.42883389	0.45557677
60	401	265	0.2890623	-2.3077912
60	443	266	0.44520756	2.3537146
61	97	267	0.465823	2.2985585
61	183	268	0.26533929	-0.5938763
61	292	269	0.31984247	1.1938577
62	207	270	0.74017623	-1.4829596
62	217	271	0.82021818	-1.2865939
62	237	272	0.91681713	1.67968
62	280	273	0.60549974	1.3140829
62	368	274	0.12721171	-2.1086401
63	69	275	0.5001697	-2.0795209
63	212	276	0.31682525	-1.2129309
64	171	277	0.7627322	2.1666997
64	292	278	0.28011721	-2.8990281
64	363	279	0.34937439	-1.3375552
64	479	280	0.57744946	-0.58399473
65	142	281	0.20413448	1.7719647
65	450	282	0.67435378	-1.0064217
65	475	283	0.85095574	2.4738473
66	356	284	0.4414235	0.95944286
66	401	285	0.32859856	-3.0157049
67	267	286	0.5579713	-0.96412472
67	270	287	0.47542611	-0.025646831
67	377	288	0.55552935	-2.1869342
67	411	289	0.79160935	1.0124348
68	209	290	0.45139163	2.6249437
68	332	291	0.47195287	-0.65245012
68	336	292	0.51219034	0.23998252
68	433	293	0.59752921	-2.9688718
68	437	294	0.50434566	1.3739244
69	150	295	0.44559304	0.24937606
69	212	296	0.38125641	0.37622465
69	491	297	0.75325568	-1.8271533
69	493	298	0.59827426	-3.0948462
70	241	299	0.3624905	-0.77108754
70	315	300	0.36481414	1.538822
70	396	301	0.42093869	-2.9657379
70	428	302	0.9273065	-0.40634373
71	123	303	0.60942911	1.5989542
71	226	304	0.41283323	3.0718373
71	492	305	0.61122405	-1.5888876
72	79	306	0.27526916	2.0264216
72	96	307	0.44501287	-2.8029435
72	146	308	0.44453285	1.2891775
72	216	309	0.45284027	-2.5952033
72	295	310	0.37044321	0.7655285
73	256	311	0.6056154	-1.8201358
73	432	312	0.93607528	-0.23664804
73	497	313	0.76923076	-0.96300055
74	92	314	0.44009738	2.3445792
74	136	315	0.66691665	-1.4740584
74	210	316	0.48209093	1.7212838
74	307	317	0.36719243	-2.3873575
74	405	318	0.43383848	1.1069506
74	440	319	0.40800891	0.12053491
75	248	320	0.91058191	0.81971901
75	299	321	0.58880111	-2.4399992
75	354	322	0.48659094	-1.9156313
75	435	323	0.50944536	2.8139901
75	477	324	0.62149085	-1.2059502
76	77	325	0.52791255	2.3608402
76	218	326	0.42930168	0.66110901
77	239	327	0.29938187	1.3234495
77	373	328	0.55738117	3.0787086
78	234	329	0.4710787	-2.76803
78	351	330	0.42487385	2.1108019
79	146	331	0.30364671	0.63384292
79	216	332	0.55084877	-2.074303
79	276	333	0.40358318	3.0272434
79	492	334	0.64567956	1.6646833
80	198	335	0.26765644	0.077946171
80	246	336	0.61456277	1.2322508
80	289	337	0.6309598	-1.5177531
81	106	338	0.64174423	-0.24677084
81	229	339	0.37414283	0.19064721
81	252	340	0.59274165	-2.0858575
81	255	341	0.71372988	-0.77516221
81	289	342	0.93304192	2.2823821
81	436	343	0.44407222	1.3222514
81	489	344	0.42460416	3.0870621
82	237	345	0.47747357	-1.0795126
82	251	346	0.57491042	1.2459781
82	329	347	0.33095077	-1.5997621
82	362	348	0.33440459	-0.18595979
83	85	349	0.59422447	1.2562691
83	157	350	0.71017847	-0.79316869
83	177	351	0.77187076	2.9139569
84	247	352	0.23778777	2.2039805
84	334	353	0.47825115	-0.64524162
84	366	354	0.69887993	-3.0839557
84	461	355	0.47939963	-2.2632075
85	177	356	1.0141474	-2.7459202
85	226	357	0.91780086	0.95084574
85	276	358	0.76950683	-0.68976504
86	273	359	0.60468678	1.1761785
86	279	360	0.49478044	2.8319778
86	308	361	0.31322781	-2.4920322
86	375	362	0.66855034	-1.7069409
86	417	363	0.49401522	0.3480333
87	108	364	0.28944304	-2.623147
87	400	365	0.16088924	0.32736371
88	246	366	0.65419943	-1.121988
88	339	367	0.47192255	2.0246696
88	380	368	0.43863003	-3.0048797
88	455	369	0.54739654	0.95738684
89	104	370	0.34018641	1.5247619
89	251	371	0.70510206	-1.8351539
89	266	372	0.15209283	1.3483118
89	271	373	0.80960913	1.0086596
89	296	374	0.55477173	-1.6593932
90	173	375	0.66996791	1.8384529
90	282	376	0.66488891	-1.8001427
90	289	377	0.62833675	0.40971394
90	473	378	0.18496129	-0.35608516
91	192	379	0.53793175	-0.50729754
91	401	380	0.64737234	1.5204765
91	423	381	0.31436691	-2.0132146
92	176	382	0.3011076	-2.2161232
92	199	383	0.36532322	1.6432445
92	210	384	0.28557928	0.60255983
92	441	385	0.2713438	2.7664532
93	280	386	0.67958483	-3.0484963
93	285	387	0.60692173	-1.9027349
93	339	388	0.45227256	-0.58332381
93	371	389	0.91985652	1.3819834
93	380	390	0.74819686	-1.3691371
93	469	391	0.5648961	0.63048915
94	102	392	0.49199283	3.0018708
94	140	393	0.85641863	-2.7058077
94	195	394	0.84010191	0.46702191
94	471	395	0.42316115	2.1313999
95	189	396	0.55915302	-1.8283797
95	200	397	0.47585921	-0.66879478
95	288	398	0.68148196	0.64853802
95	293	399	0.76909925	2.8153056
95	330	400	0.69320953	1.4488786
95	333	401	0.65335974	0.13601827
96	206	402	0.47758142	2.2155338
96	216	403	0.093417449	-1.2117117
96	345	404	0.54718634	1.0130365
97	171	405	0.70266339	1.1742083
97	182	406	0.46658789	2.5267786
97	292	407	0.43055495	-0.11738685
97	422	408	0.58939752	-2.2600603
98	105	409	0.48758399	3.064673
98	113	410	0.62791573	0.69960208
98	221	411	0.68024527	-2.4728125
98	323	412	0.58390737	2.0503175
98	378	413	0.54470291	-1.5610137
98	452	414	0.66411074	0.019604051
99	119	415	0.50133325	-0.072780839
99	193	416	0.67052625	2.7286529
99	261	417	0.77168953	-2.3502737
99	273	418	0.79878496	-1.5366572
99	309	419	0.68007802	0.48776333
99	461	420	0.81494759	1.3235564
100	159	421	0.42047294	-2.089526
100	322	422	0.42609412	-1.0974178
100	418	423	0.48652091	0.3211423
101	120	424	0.8829288	2.1703167
101	181	425	0.44112384	1.4677895
101	277	426	0.58444496	-0.56182921
101	349	427	0.52956927	-1.047031
101	446	428	0.696354	0.31504778
101	467	429	0.8434717	-2.3112141
102	140	430	0.51821979	-2.1627979
102	156	431	0.43482365	1.1870236
102	471	432	0.39086625	0.83546982
103	159	433	0.52583593	0.96040757
103	365	434	0.93259716	-1.937106
103	427	435	0.46455742	0.0051012261
104	271	436	0.54046691	0.69281426
105	119	437	0.32640415	-3.1227434
105	221	438	0.46169642	-1.6739986
105	309	439	0.41557704	2.1445851
106	229	440	0.34179359	2.4126618
106	255	441	0.36071528	-1.8879117
106	408	442	0.69438902	-0.17320884
106	467	443	0.45610198	1.1918432
107	178	444	0.48207043	-0.48759762
107	263	445	0.37683729	0.44542791
107	265	446	0.56470036	2.0439849
107	426	447	0.4937397	-1.3619771
108	400	448	0.44844622	0.45025472
109	138	449	0.26375184	2.8437694
109	220	450	0.62901391	-1.9607668
109	462	451	0.60006768	1.840756
109	468	452	0.14950325	1.7419962
110	150	453	0.3856382	2.2701761
110	194	454	0.45446628	-0.91996168
110	211	455	0.39424348	-3.1279142
110	212	456	0.4601024	2.3565913
110	215	457	0.3958277	0.049447988
110	223	458	0.40832275	-2.953942
110	474	459	0.33232962	-2.2578851
111	238	460	0.59014087	1.5349738
111	409	461	0.64279816	1.9363416
111	462	462	0.56377811	-1.0742934
111	486	463	0.73595224	-2.0654095
112	284	464	0.28455499	0.70235039
112	402	465	0.54797741	-0.95539771
112	428	466	0.53316475	-3.0396204
113	337	467	0.46527722	-0.55671447
113	346	468	0.49366366	1.1681651
113	421	469	0.45334606	2.5658273
113	480	470	0.41277991	-0.076520951
114	222	471	0.93248265	-2.9836029
114	242	472	0.91600077	2.3345672
114	373	473	0.92964839	-0.39551598
114	491	474	0.84264478	1.1073563
115	248	475	0.84809815	-1.6079466
115	414	476	0.53981389	0.69154558
115	495	477	0.55359711	1.4629841
116	252	478	0.86436286	2.69301
116	255	479	0.39188734	1.5121874
116	269	480	0.27143519	0.86000793
116	454	481	0.53629953	-0.55389078
116	482	482	0.93584823	-0.51938956
117	282	483	0.46252764	1.0248417
117	319	484	0.33344756	0.37737918
118	151	485	0.48249013	2.8815532
118	179	486	0.41697958	-2.0815152
118	196	487	0.82789998	1.6360504
118	351	488	0.63732991	-1.4715388
118	462	489	0.16611928	0.51078538
118	468	490	0.44774295	-0.89669399
119	221	491	0.53198523	-1.0192065
119	309	492	0.36919143	1.2943587
120	136	493	0.99323394	2.2004681
120	162	494	0.76722542	1.3421471
120	181	495	0.61614991	-0.49034925
120	253	496	0.70583834	-2.2174744
120	343	497	0.51828244	0.36209409
120	442	498	0.61453855	-2.4442303
121	137	499	0.69754131	-3.0192819
121	183	500	0.40270127	1.0622005
121	189	501	0.69689134	0.40518541
121	434	502	0.38127888	-0.035511399
122	219	503	0.42649236	2.8732254
122	272	504	0.59173773	-1.7850473
122	298	505	0.66842361	1.2201999
122	326	506	0.74190771	0.2723568
123	169	507	0.8275461	-1.2129927
123	226	508	0.70188699	-2.1679613
123	304	509	0.99174846	1.2685919
123	472	510	0.5628484	1.8157874
124	171	511	1.5083918	0.1700386
124	182	512	0.84320079	-0.14728711
124	432	513	1.6940436	2.7321652
124	437	514	0.78944996	-1.553208
124	453	515	0.69828528	-0.81865046
125	259	516	0.58118498	-2.2003798
125	331	517	0.73324269	1.5608128
125	416	518	0.85021675	-1.1950587
125	476	519	0.73366496	2.0114754
126	198	520	0.54366603	2.2108857
126	253	521	0.50576906	0.26765539
126	289	522	0.59803919	-2.7740832
126	436	523	0.51660856	-1.2550031
126	442	524	0.53555193	0.60007423
127	179	525	0.34891243	1.229039
127	232	526	0.41547004	-2.3304206
127	243	527	0.51908899	3.1117559
127	351	528	0.38831623	0.15073401
128	209	529	0.46908834	0.051179067
128	269	530	0.62521618	2.6247094
128	433	531	0.40639666	-0.83650253
129	327	532	0.51661898	-2.0901888
129	340	533	0.4834374	0.85310677
129	402	534	0.72791867	2.8537307
130	193	535	0.36404435	-0.95497845
130	202	536	0.52579933	1.3027075
130	312	537	0.68433803	-1.9082319
131	158	538	0.36799962	-0.82488976
131	164	539	0.69783294	2.33753
131	279	540	0.73545967	0.52539837
131	291	541	0.77796885	1.3024119
131	372	542	1.0398296	-1.5141602
131	390	543	0.63298333	-2.9220092
132	208	544	0.98635134	2.2615534
132	361	545	0.85842038	-1.6911648
132	415	546	0.87095094	1.7260456
132	490	547	0.76065541	0.98485218
132	500	548	0.60246694	-0.12731585
133	179	549	0.59410575	-0.15980398
133	243	550	0.41074929	-1.6910072
133	367	551	0.56690662	3.1384744
133	470	552	0.51551065	2.2597364
134	168	553	0.6800774	0.011395513
134	175	554	0.74866581	1.356926
134	254	555	0.8679916	-2.2524555
134	342	556	0.63503125	-0.88702449
134	406	557	0.6865172	2.3822297
135	320	558	0.64606617	-0.19729866
135	403	559	0.74468461	3.1059231
136	162	560	0.76082269	-0.073005818
136	246	561	0.87583103	-2.5271002
136	307	562	0.52942331	2.2486752
136	455	563	0.86684445	2.4807463
136	488	564	0.53142353	0.59527715
137	332	565	0.61683189	-2.7340777
137	336	566	0.47308559	2.7880101
137	422	567	0.47855422	1.6046246
138	220	568	0.65931151	-1.551056
138	462	569	0.50933634	1.3889582
138	486	570	0.63102494	2.5557538
139	221	571	0.62450985	1.7940406
139	328	572	0.3279949	-2.8158515
139	357	573	0.64377936	-1.1354474
140	184	574	0.67937791	2.7775821
140	263	575	0.7216738	-1.4219836
140	265	576	0.6163941	-2.4908352
140	311	577	0.33911054	2.5500306
141	286	578	0.44109476	-1.9355792
141	456	579	0.41520519	-0.85792747
142	338	580	0.11772056	-2.2967348
142	475	581	0.7074587	2.6612439
143	172	582	0.80944161	0.644092
143	200	583	0.58724555	-2.590932
143	318	584	0.42242274	0.71669599
143	397	585	0.75684879	0.51170244
143	479	586	0.85656149	-2.8071739
144	322	587	0.17513751	2.4690522
144	353	588	0.59516328	1.0427974
144	414	589	0.57365733	-1.3514979
144	495	590	0.42276298	-2.1500847
145	193	591	0.41920258	1.1556053
145	261	592	0.49667929	-1.0645696
145	312	593	0.270032	3.0115727
145	347	594	0.3079227	-2.0961198
146	492	595	0.55454198	2.1535912
147	269	596	0.59791418	-0.68039326
147	497	597	0.6659691	1.6771699
148	233	598	0.3617309	0.26766656
148	395	599	0.31313245	-3.1361999
148	419	600	0.37735841	2.6587982
149	230	601	0.67782389	2.6188604
149	259	602	0.87874181	2.0137565
149	416	603	0.54823691	1.0399373
149	445	604	0.42559409	-2.7789841
150	211	605	0.33406934	-2.0229449
150	212	606	0.082879963	2.7698404
151	470	607	0.65182533	3.1344702
152	359	608	0.74894487	0.65915716
152	427	609	0.73802705	-1.801951
153	203	610	0.69379458	1.1741595
153	281	611	0.85459259	-0.76260377
153	355	612	0.8061674	-0.066767103
153	431	613	0.96829382	-2.9135108
153	459	614	0.49955079	1.9427939
154	248	615	0.78203295	-0.56273215
154	268	616	0.36575139	2.3725873
154	271	617	0.71153966	-2.5082142
154	300	618	0.84668312	1.3013283
154	435	619	1.0197955	-2.019421
155	227	620	0.30039007	-0.15785307
155	252	621	0.56938445	0.35257681
155	319	622	0.50606696	2.6274411
155	481	623	0.20121102	2.2147033
156	400	624	0.43504825	1.4303203
156	471	625	0.15073791	-0.85076981
157	172	626	0.72676849	-1.9378489
157	216	627	0.41770126	0.1270275
157	276	628	0.64499927	1.1231704
157	335	629	0.45521528	-1.3281967
158	279	630	0.74694645	1.0268999
158	372	631	0.79124512	-1.8144372
159	300	632	0.67782288	-1.8995231
159	322	633	0.40296147	-0.034944167
160	245	634	0.49544105	-1.7817935
160	258	635	0.76993109	1.5808388
160	259	636	0.77369108	-1.2784708
160	362	637	0.33850504	2.7568727
160	476	638	0.46651942	0.99959338
161	274	639	0.71381202	2.0975279
161	330	640	0.57275216	-1.4082254
161	384	641	0.18326569	1.4310137
161	485	642	0.41502741	-0.25124399
162	343	643	0.64366006	-1.0669196
162	451	644	0.75319451	1.6028945
162	488	645	0.47599658	2.3046184
163	247	646	0.73793361	0.11448726
163	359	647	0.60833528	-2.6349297
163	366	648	0.22979811	-0.69779132
163	369	649	0.41440896	0.11733627
163	425	650	0.58586015	-2.7573991
164	262	651	0.67685862	-2.5562839
164	291	652	0.73348173	0.3442629
164	365	653	0.66309823	-3.1314247
164	390	654	0.65423821	-1.7765079
164	427	655	0.87688706	1.41563
165	322	656	1.1592599	-2.5802839
165	353	657	0.58437082	-2.7702258
165	364	658	1.1370522	0.024767475
165	369	659	0.68799364	0.79120581
165	382	660	0.82244244	0.4496781
165	418	661	0.71894349	-3.024124
165	425	662	0.52041051	2.702574
166	230	663	0.79009481	-1.0169902
166	329	664	0.45623354	2.1474571
166	362	665	0.6575547	1.4343037
167	180	666	0.36378897	3.0205998
167	324	667	0.48766057	-0.83745724
167	341	668	0.35257742	-1.7923605
167	428	669	0.40848346	1.9037604
168	175	670	0.89193741	2.1947785
168	184	671	0.83130499	-0.40622715
168	236	672	0.78194579	1.3753223
168	297	673	0.51222308	0.38418342
168	342	674	0.57253098	-2.0795435
168	449	675	0.89012618	-1.3748652
169	191	676	0.27772493	-0.26448337
169	492	677	0.52790013	-2.1382084
170	174	678	0.35149713	1.9585373
170	237	679	0.36800954	-1.7182683
170	272	680	0.54276265	0.90079134
170	280	681	0.71795999	-1.2895198
171	177	682	1.8107793	0.70695832
171	182	683	0.75463932	-2.6154289
171	292	684	0.71579562	-1.350848
172	335	685	0.43925306	0.56848017
172	397	686	0.11613701	-1.4617481
173	217	687	0.84061366	2.2753709
173	289	688	0.8511542	-0.4836742
173	305	689	0.43534507	3.1304948
173	460	690	0.50206878	2.0676689
174	272	691	0.48047702	0.20970913
175	236	692	0.67439696	0.064093784
175	406	693	0.70602313	-2.7660255
175	413	694	0.77768742	2.7381098
175	430	695	1.0767747	1.3790572
176	307	696	0.39360059	-0.97444705
176	441	697	0.34738717	1.7777165
176	455	698	0.24424974	-2.1381988
177	407	699	0.40486703	-1.0232657
177	439	700	1.4901358	1.1691022
178	260	701	0.61582531	-0.32939313
178	263	702	0.39758376	1.788369
178	426	703	0.41328854	-2.4700014
179	351	704	0.38000716	-0.79180908
180	241	705	0.58362977	2.2447207
180	341	706	0.48051784	-0.93936901
180	383	707	0.62120052	-1.748856
180	420	708	0.47182907	1.7067931
181	343	709	0.47740279	1.6944294
181	446	710	0.65580525	-0.34697898
183	292	711	0.45742497	1.7960803
183	363	712	0.30455544	0.60505815
183	422	713	0.90556065	3.0958092
183	434	714	0.4094196	-1.1021052
183	479	715	0.67997291	0.29049949
183	494	716	0.58011913	-0.24054505
184	265	717	0.63200785	-1.3402105
184	297	718	0.59521012	2.0773334
184	311	719	0.35729501	-0.14822853
184	394	720	0.34050493	-1.3046574
185	199	721	0.44081343	-0.70249413
185	348	722	0.37790388	1.9273642
185	372	723	0.85762949	1.1073859
185	429	724	0.45095597	-2.8123311
185	441	725	0.56074177	-1.3725948
185	469	726	0.66530086	-2.2021943
186	207	727	0.08458554	-0.30694002
186	368	728	0.60454171	1.6527144
186	374	729	0.65130855	-0.7256586
186	385	730	0.22222077	0.71639014
187	306	731	0.32344815	-2.7140889
187	321	732	0.45990493	-1.7255678
187	413	733	0.79322678	0.35966656
187	457	734	0.67644784	-3.1242896
188	361	735	0.5106028	1.7555459
188	439	736	0.50279171	-2.5928124
189	200	737	0.57129727	0.44448445
189	434	738	0.38779625	-2.3036221
189	494	739	0.13384875	-0.47470414
190	228	740	0.48585599	1.8098012
190	235	741	0.51833741	-2.8298577
190	459	742	0.4377707	-0.42025585
191	249	743	0.70597989	-2.3093816
191	438	744	0.88047988	1.2154353
191	478	745	0.20585589	-2.3166363
192	332	746	0.081727868	-1.3511848
192	423	747	0.60520189	-3.1039715
193	312	748	0.5588723	-2.4681083
194	211	749	0.7583856	2.6527054
194	215	750	0.39957497	1.2657555
194	283	751	0.33484521	-2.7392722
194	386	752	0.73961777	-1.0029551
194	475	753	0.64829787	-0.70250583
195	232	754	0.6056514	0.31386802
195	243	755	0.60959903	0.97255867
195	367	756	0.92977149	1.759408
195	411	757	0.77593426	-0.95160346
196	238	758	0.34397709	1.7123256
196	314	759	0.56668038	1.4584282
196	320	760	0.55911439	2.167334
196	450	761	0.80579058	1.9724908
196	462	762	0.77102545	-1.3098757
197	222	763	0.89714848	-0.71197495
197	358	764	0.54107473	0.82298517
197	364	765	0.95832645	2.5890525
198	246	766	0.56234835	1.6825933
199	210	767	0.33092774	-0.6585263
199	379	768	0.48464787	0.52454526
199	441	769	0.34825955	-2.2771007
201	280	770	0.5530244	1.885794
201	285	771	0.307901	0.049380668
201	317	772	0.60691028	-0.9302549
202	359	773	0.23798602	-2.6990405
202	366	774	0.49504412	0.092312278
203	327	775	0.67937831	1.4565892
203	355	776	0.87687554	-0.91264512
203	398	777	0.7431275	2.1259738
203	403	778	0.67501323	0.30358974
203	459	779	0.48229486	-2.7712728
204	205	780	0.43918658	-1.3952512
204	302	781	0.82578565	-0.2557855
204	446	782	0.6672587	-2.5457317
204	496	783	0.49797606	2.6444284
205	392	784	0.68097745	-0.42723668
205	446	785	0.6316334	3.0497061
206	249	786	0.78655713	0.69999437
206	260	787	0.84522188	2.3402552
206	345	788	0.5825178	0.14218383
206	448	789	0.66878775	-2.4364649
207	217	790	0.17245662	-0.29410844
207	250	791	0.61050503	-1.3019666
207	305	792	0.73841486	-1.1903388
207	368	793	0.64140439	1.7750494
208	415	794	0.50382393	0.20027879
208	498	795	0.64370992	1.6480429
209	433	796	0.38018255	-2.1129358
209	437	797	0.56123837	0.5052005
210	379	798	0.47235603	1.2302706
210	405	799	0.28073288	-0.32125637
211	283	800	0.60669505	-0.93260282
211	325	801	0.4409951	2.7236102
211	493	802	0.89830825	2.9596167
212	223	803	0.40845862	-1.7571654
213	386	804	0.60851972	-1.0337704
213	474	805	0.60830008	2.7972911
214	218	806	0.62147414	2.1982766
214	224	807	0.58901742	-0.78205856
214	350	808	0.37689357	-0.006873425
214	464	809	0.3181687	1.1670366
216	276	810	0.54554418	1.8211618
216	335	811	0.5812421	-2.1231652
218	239	812	0.75427274	2.5853823
218	344	813	0.44992007	1.092084
218	386	814	0.83930103	1.8202159
218	388	815	0.56024898	0.039938156
218	464	816	0.53318666	-0.40585464
219	266	817	0.32183577	1.3505644
219	290	818	0.5531095	1.2720409
220	304	819	0.6020003	3.019259
220	376	820	0.30589587	0.95014252
220	438	821	0.89606325	-1.6025375
221	273	822	0.81248468	-2.7517534
221	378	823	0.55286856	-0.22417673
222	242	824	0.85782421	1.2292576
222	499	825	1.3526817	-2.9713894
223	474	826	0.26250322	-0.75950301
223	491	827	0.66272611	-2.3589354
224	350	828	0.41454714	1.6698666
224	409	829	0.47383757	1.2451388
224	486	830	0.79978621	-1.5307507
225	496	831	0.43552814	-1.3623689
226	492	832	0.75504152	-1.0112583
228	235	833	0.73575113	-2.1108904
228	324	834	0.54253528	1.1665909
228	341	835	0.55114004	1.9237745
228	383	836	0.65385099	2.6758269
228	398	837	0.59331573	0.26502821
229	436	838	0.44259378	2.1934707
229	467	839	0.46684885	0.43346134
230	245	840	0.72134145	1.7323954
230	259	841	0.50188175	1.1376295
230	385	842	0.5429458	-1.9046668
230	445	843	0.52473593	-1.2015447
231	275	844	0.29821037	1.3848035
231	456	845	0.43570168	3.0520336
232	234	846	0.48336169	-0.37438057
232	243	847	0.39305843	2.2045059
233	249	848	0.17067543	-2.8638091
233	267	849	0.41849771	2.2222384
234	351	850	0.57975282	1.1813006
234	376	851	0.52581315	0.70427935
234	411	852	0.86233701	-2.3016415
235	383	853	0.94731315	1.7898599
235	430	854	0.95190996	-2.3835978
235	431	855	0.71610885	-1.3862714
236	297	856	0.65957598	-1.0590306
236	431	857	1.0275257	1.2181718
237	251	858	0.96675255	1.6140237
237	280	859	0.41266867	-0.90971182
237	329	860	0.25156035	2.7749087
237	368	861	1.0212207	-1.5370454
238	409	862	0.2511319	3.0995085
239	287	863	0.65901157	2.6539761
239	373	864	0.67935063	-2.7564232
239	386	865	0.60011677	0.76382708
240	288	866	0.70348962	-2.6369803
240	313	867	0.35964337	1.9436052
240	318	868	0.46323464	-1.4987312
240	448	869	0.55408085	1.1857389
240	465	870	0.42615204	-0.29040314
241	346	871	0.35249603	-2.9982013
241	396	872	0.69775401	2.8821811
241	420	873	0.30046649	0.038072249
241	428	874	0.60269637	-0.19012034
242	358	875	0.62350869	2.8578322
242	491	876	1.0144358	0.091010178
243	367	877	0.66006899	2.4722511
244	366	878	0.090096846	1.1979157
244	461	879	0.49004062	-0.52315895
245	259	880	0.41532844	-0.66540578
245	362	881	0.6465483	1.9015965
247	366	882	0.60338138	-2.7470147
247	424	883	0.40890981	0.33005978
248	477	884	1.3086942	-1.8811377
248	487	885	1.4001072	0.60319816
249	267	886	0.39003218	1.8026348
249	345	887	0.42489828	-1.6295627
249	395	888	0.50040554	-3.0403891
249	478	889	0.50013165	0.83519707
250	303	890	0.61816085	-0.766771
250	305	891	0.14823118	-0.71369889
250	374	892	0.30469459	0.63977541
251	266	893	0.85708522	1.3138672
252	481	894	0.65612314	-3.0871576
252	489	895	0.55491065	1.8109667
253	442	896	0.1747675	1.8357939
254	310	897	0.81453643	-0.51130558
254	360	898	0.80636849	2.8794373
255	393	899	0.64169523	-0.37298396
256	301	900	0.42432147	-2.9033299
256	497	901	0.59040605	-0.075581238
257	487	902	0.68114123	-2.7228938
257	499	903	0.69983426	0.16739263
258	296	904	0.32911751	2.8588027
258	299	905	0.43662514	0.71954844
258	362	906	0.71197764	-2.0151013
258	435	907	0.88274037	1.2291275
258	476	908	0.458291	-0.96766691
260	263	909	0.88994242	2.420701
260	294	910	0.770454	-2.1191664
260	377	911	0.54147638	0.55259649
260	395	912	0.70808863	-0.21483961
260	419	913	0.67121197	0.038628709
260	426	914	0.90810515	-3.0777227
261	273	915	0.62190354	-0.41269264
261	279	916	0.67042437	-1.7720831
261	291	917	0.62775975	-2.6870018
261	347	918	0.4294669	2.7397194
262	298	919	0.62726201	-2.0852668
262	365	920	0.38027191	1.833828
262	391	921	0.4237434	-1.5020004
263	265	922	0.68753637	2.6238209
264	282	923	0.36322268	-1.441214
264	301	924	0.52712771	0.24677855
264	303	925	0.61181963	1.7040683
264	319	926	0.6432828	-1.3882789
265	394	927	0.29196908	1.7599156
265	449	928	0.73819696	3.0457096
266	271	929	0.6681295	0.93274647
267	270	930	0.47307417	1.2321727
267	419	931	0.49846734	-2.6086089
268	271	932	0.74351797	-2.0018963
268	300	933	0.74428837	0.85532574
268	365	934	0.1216297	-0.94110091
269	454	935	0.56196271	-1.0512199
270	411	936	0.68585495	1.6523577
270	478	937	0.52809284	-1.0383759
271	365	938	0.69232731	0.98576337
271	435	939	0.51474539	-1.3130462
272	371	940	0.72686431	-0.20573519
273	279	941	0.81317661	-2.6167597
273	328	942	0.7067339	-0.61057476
273	417	943	0.45351545	-1.0339993
274	302	944	0.79019024	-2.7997615
274	384	945	0.58092514	-0.84776593
274	387	946	0.88619218	1.9680617
274	399	947	0.49410399	0.91159676
274	426	948	0.83901727	0.46674815
274	466	949	0.68554535	-2.2351768
275	352	950	0.549286	-0.31974378
275	456	951	0.55116784	-2.6624506
276	492	952	0.68704979	1.0524155
277	349	953	0.2728676	-2.5717064
277	389	954	0.51232264	-0.37551048
277	443	955	0.54062662	-1.545579
277	446	956	0.55309296	1.2631695
278	293	957	0.53035968	0.95592716
278	463	958	0.69394125	2.865393
279	291	959	0.57464539	2.4161861
279	308	960	0.40613161	-0.99301603
281	355	961	0.56804926	1.2363375
281	367	962	0.73697903	-0.38571362
281	400	963	0.68443374	-1.8014254
282	481	964	0.5307711	-0.74637108
283	284	965	0.69836748	2.7767238
283	340	966	0.51424925	-0.45187616
283	402	967	0.67237203	-2.5372114
283	475	968	0.85292117	-0.34415402
284	325	969	0.43188679	1.8332926
284	402	970	0.63900966	-1.4150359
284	493	971	0.71526257	2.547025
285	317	972	0.50482702	-1.461269
285	380	973	0.38237854	-0.4295435
286	382	974	0.77442014	-2.7794925
286	456	975	0.43995351	0.22457284
287	373	976	0.56599011	-1.6545932
287	491	977	0.76132514	2.3382002
288	330	978	0.53565461	2.5993391
288	333	979	0.33942668	-1.2587508
289	436	980	0.7698012	-0.36696375
289	473	981	0.51134259	-2.4784643
289	489	982	0.7081586	-1.3059964
290	298	983	0.4782074	-0.029142737
291	312	984	0.74710119	1.4965454
291	347	985	0.47464148	1.2073053
292	363	986	0.44576144	-0.65809357
293	381	987	0.5167839	1.5964416
293	404	988	0.71809458	2.7588036
294	313	989	0.57915502	-1.3243663
294	426	990	0.78362616	2.2704499
294	448	991	0.61443893	-0.67318062
294	485	992	0.70097206	-2.3509444
295	345	993	0.4016809	2.992338
296	362	994	0.7347553	-1.5571648
298	326	995	0.6469583	-0.72327978
298	391	996	0.35959651	0.35005678
299	354	997	0.29569628	-0.26663733
299	435	998	0.54493647	1.6306856
299	476	999	0.66869889	-1.6733153
300	322	1000	0.88318101	0.79012785
301	303	1001	0.76100635	2.4630936
302	392	1002	0.5159505	-1.7706898
302	466	1003	0.42318545	-0.70689012
303	305	1004	0.47020413	2.3580978
303	374	1005	0.64293579	1.8883236
304	486	1006	0.93645524	1.5080865
304	500	1007	0.59391582	2.7139331
306	321	1008	0.39054121	-0.9616886
306	457	1009	0.40113717	2.831521
307	455	1010	0.37210048	2.8141214
308	375	1011	0.49883058	-1.2470244
309	323	1012	0.46148696	0.28909185
309	334	1013	0.62280401	1.0922063
310	342	1014	0.62711018	1.1820261
310	387	1015	0.80427202	-0.5341516
310	449	1016	0.72032255	0.29182971
312	347	1017	0.32201593	-1.2111487
312	427	1018	0.62326747	-2.9376313
313	448	1019	0.38325634	0.48468529
315	352	1020	0.41718433	0.442526
315	456	1021	0.64096248	2.9893533
315	493	1022	0.99950124	-0.092572022
316	357	1023	0.53428211	-0.50743258
316	417	1024	0.5185171	2.6720671
317	380	1025	0.45042082	0.864128
317	460	1026	0.58009531	-1.8370782
318	333	1027	0.58088339	-2.7880464
318	397	1028	0.35387678	0.26625478
318	465	1029	0.50615855	0.7365594
319	481	1030	0.33172073	-0.2683792
320	450	1031	0.27910379	1.5741882
321	360	1032	0.76965114	-1.5136188
321	406	1033	0.88807707	0.19179375
321	457	1034	0.75003764	2.5102343
322	418	1035	0.59614098	1.1056649
322	495	1036	0.47243069	-1.7720388
323	334	1037	0.44905682	1.9244432
323	421	1038	0.39279103	0.34572292
324	341	1039	0.40431498	3.0962025
324	398	1040	0.49696146	-0.76288199
324	402	1041	0.52513858	0.74280079
325	493	1042	0.4807268	-3.1073923
326	371	1043	0.93518908	-1.7090025
326	372	1044	0.95057541	-0.20396282
326	390	1045	0.75201854	1.2259425
326	391	1046	0.57081675	1.8316143
327	398	1047	0.47112621	-3.049262
327	402	1048	0.79004763	2.1638308
327	403	1049	0.73827804	-0.69566381
328	357	1050	0.75380944	-0.68817773
328	417	1051	0.34746321	3.0970588
329	362	1052	0.43214338	0.67185817
330	381	1053	0.82948147	3.0509688
330	485	1054	0.55599072	0.9808778
331	354	1055	0.51871856	1.506336
331	476	1056	0.32775035	-2.9275007
331	477	1057	0.57631284	0.75515024
332	412	1058	0.64844828	-3.018984
332	458	1059	0.59690359	-2.8742616
334	396	1060	0.78737057	0.18979692
334	461	1061	0.69294271	-3.0238769
335	397	1062	0.50167105	-2.3640992
336	422	1063	0.53081249	0.63407211
336	437	1064	0.54600067	2.3898696
337	383	1065	0.51155091	-0.66834919
337	452	1066	0.25664889	-2.5390521
338	386	1067	0.67962462	2.8270087
339	380	1068	0.53478361	-2.0104604
339	455	1069	0.52255476	0.044905452
339	469	1070	0.58745087	1.4362424
340	475	1071	0.34609746	-0.18371695
341	383	1072	0.4527008	-2.6252196
342	449	1073	0.586201	-0.68985287
343	447	1074	0.49867042	-0.40574389
344	386	1075	0.58577415	2.3567238
344	388	1076	0.51614259	-0.81886229
346	396	1077	0.39821193	2.5278151
346	444	1078	0.43106038	1.8539478
346	480	1079	0.53247385	-1.1487123
348	371	1080	0.63186337	-2.6092817
348	372	1081	0.66038744	0.67571764
349	443	1082	0.46245416	-1.0165879
350	409	1083	0.19601083	0.18688443
350	464	1084	0.38803811	2.2772224
351	376	1085	0.26640298	-0.82604032
351	468	1086	0.35731107	0.92050213
352	493	1087	0.67502888	-0.41318286
354	477	1088	0.40524158	-0.30744902
355	367	1089	0.95326485	-1.0231238
355	403	1090	0.90197623	1.4509958
355	470	1091	0.84586385	-0.51643551
356	389	1092	0.53446374	2.0284109
356	404	1093	0.58825346	0.47558581
356	463	1094	0.32469927	-0.84498576
357	413	1095	0.87481654	-1.5765047
357	430	1096	0.92368127	-0.13366757
359	366	1097	0.723207	0.20546525
359	425	1098	0.076446062	1.718392
360	451	1099	0.63389001	-2.7338183
361	439	1100	0.83446191	-1.9841181
363	479	1101	0.40157289	0.053642517
364	382	1102	0.5150693	2.4478716
366	461	1103	0.51134848	-0.69826118
367	470	1104	0.4627698	1.027626
368	385	1105	0.50555909	-1.1270224
369	382	1106	0.28885485	-0.47384005
369	424	1107	0.72810265	0.23327707
370	378	1108	0.70788349	2.1846568
370	430	1109	0.72148891	-1.0186876
371	429	1110	0.30731559	-0.62280058
371	469	1111	0.63710103	-1.1093975
372	379	1112	0.89091922	-1.1393494
372	457	1113	1.0454003	-0.22689137
374	385	1114	0.66062046	2.0758166
375	457	1115	0.83129887	-1.4977274
376	468	1116	0.48158892	1.4964788
379	405	1117	0.54481282	-1.3700957
381	392	1118	0.58006134	2.5224489
381	404	1119	0.69852983	-2.7780338
381	466	1120	0.56950075	1.6554525
383	452	1121	0.6364956	2.8686936
383	480	1122	0.65609074	2.1977863
384	485	1123	0.4719688	-0.64741729
386	475	1124	0.2264915	1.1281129
387	449	1125	0.61670873	1.5746409
388	409	1126	0.61805327	-0.91974995
389	404	1127	0.78765087	-0.27005748
389	443	1128	0.58194662	-2.4907819
389	446	1129	0.77899171	1.9788874
390	391	1130	0.43075457	-2.7704358
392	404	1131	0.61223813	-1.8700363
392	466	1132	0.48296635	0.49830952
393	408	1133	0.49830578	1.1601939
393	483	1134	0.37751335	-0.003290275
396	444	1135	0.27590031	0.73268767
397	465	1136	0.24916514	1.4357487
398	402	1137	0.69912759	1.5313402
399	426	1138	0.44683212	-0.029177918
400	471	1139	0.5454451	-1.500182
401	408	1140	0.71495047	2.8355728
401	443	1141	0.54300803	1.7931716
401	463	1142	0.81079771	0.19846925
401	483	1143	0.55862263	-2.6920751
402	428	1144	0.93356493	2.7068767
403	410	1145	0.49797822	0.88435514
404	463	1146	0.59739228	-2.1114101
405	440	1147	0.39922471	-1.0140728
406	413	1148	0.56732454	1.6739632
408	443	1149	0.64386906	0.50986625
408	467	1150	0.74886524	2.3296094
408	483	1151	0.49171387	-1.1990607
412	433	1152	0.41436046	2.4534804
412	458	1153	0.10368002	-0.85701241
412	482	1154	0.54039499	2.7553513
414	487	1155	0.80998081	-0.51297573
414	495	1156	0.41156746	2.6170272
415	490	1157	0.59979812	-0.3876019
415	498	1158	0.76720235	2.3579177
418	425	1159	0.39028292	0.89893467
422	437	1160	0.82855507	3.0710577
422	453	1161	0.49609573	2.3925332
423	458	1162	0.21973734	-1.3558125
423	482	1163	0.52590641	3.0133411
424	456	1164	0.70545972	0.10250027
429	469	1165	0.39269536	-1.4840516
430	431	1166	0.82417408	-0.06015155
432	484	1167	0.69140068	-1.3413564
432	497	1168	0.62555549	-2.4225958
433	454	1169	0.55070398	2.9166503
436	467	1170	0.70111584	-0.23528644
440	451	1171	0.39429762	-0.039440958
440	488	1172	0.42660677	-1.3356768
441	455	1173	0.54922884	-1.6800773
446	447	1174	0.5451719	1.9809986
446	496	1175	0.62261543	1.3857166
447	496	1176	0.35038373	0.32547287
451	488	1177	0.49623826	-2.2064263
454	482	1178	0.40029555	-0.47315895
455	469	1179	0.71314322	2.2414593
458	482	1180	0.63454157	2.6811723
462	468	1181	0.45153361	-1.2681845
472	500	1182	0.65615869	1.7372865
474	491	1183	0.71977494	-2.7320873
479	494	1184	0.34441755	-1.8293639
484	497	1185	0.6801415	2.7473125
486	490	1186	0.77638338	3.1132849
487	499	1187	1.3700899	0.2913359
490	500	1188	0.73197952	-1.3266236
65	1	1189	0.48244701	-0.9294075
142	1	1190	0.67276649	-1.0590719
238	1	1191	0.67532611	2.0959592
314	1	1192	0.57787683	2.465177
338	1	1193	0.64395355	-0.88544215
388	1	1194	0.29840742	0.27880776
409	1	1195	0.58041418	1.7224203
33	2	1196	0.82881794	-2.6141442
121	2	1197	0.57866602	-2.8795732
137	2	1198	0.14831401	-0.45207551
192	2	1199	0.72446085	0.13835725
332	2	1200	0.72243453	0.25135271
132	3	1201	0.54851883	-2.2835284
208	3	1202	1.2058009	-1.3451795
361	3	1203	0.50644443	2.0998268
439	3	1204	1.2040368	1.5046673
50	4	1205	0.68253897	-0.13806915
65	4	1206	0.17683265	-1.8236103
450	4	1207	0.56817822	2.3641206
13	5	1208	0.56169997	0.73489529
22	5	1209	1.3425738	-1.3141844
73	5	1210	0.88020766	1.7385203
149	5	1211	0.81438715	-0.35915916
416	5	1212	0.90067877	-1.0023387
432	5	1213	1.5163599	2.3420237
128	6	1214	0.43790181	-1.7511351
433	6	1215	0.37386323	-2.7889332
454	6	1216	0.31316642	-0.93495497
67	7	1217	0.7156332	1.8790644
94	7	1218	0.61412652	-0.40703599
195	7	1219	0.64865954	-1.8619243
89	8	1220	0.16645707	-0.82818452
104	8	1221	0.47249983	-1.3642387
258	8	1222	0.54416509	1.8584815
296	8	1223	0.45934815	1.2111897
435	8	1224	0.54653293	-2.5386682
52	9	1225	0.58931634	-2.8976528
116	9	1226	0.54563076	-0.80733539
67	10	1227	0.56181425	-2.0164409
260	10	1228	0.5869721	0.40384269
377	10	1229	0.095340343	-0.59661981
419	10	1230	0.24303241	2.1398602
13	11	1231	0.48806394	2.9433
24	11	1232	0.4872201	-0.59369084
31	11	1233	0.70937818	2.0828695
149	11	1234	0.58207732	-1.8009761
374	11	1235	0.36391976	0.53642819
445	11	1236	0.49309665	-1.0031395
231	12	1237	0.63483842	-0.35256609
242	12	1238	0.7243073	1.5644659
352	12	1239	0.34017018	-1.514331
493	12	1240	0.60293952	-3.0275929
31	13	1241	0.53839898	1.3251781
73	13	1242	0.74768147	2.4247529
149	13	1243	0.74760003	-1.0900853
116	14	1244	0.83308692	2.4112568
147	14	1245	0.3339477	-3.0634027
227	14	1246	0.58066859	0.8204797
252	14	1247	0.24034398	0.85213714
256	14	1248	0.8023107	-1.1516828
269	14	1249	0.87113198	2.728059
301	14	1250	0.9727373	-0.70818701
53	15	1251	0.32016674	2.352129
96	15	1252	0.52263698	-2.6452299
206	15	1253	0.65378568	-1.8378761
240	15	1254	0.63006124	0.52604657
448	15	1255	0.39021895	-0.52962973
465	15	1256	0.45916853	1.2688027
35	16	1257	0.39509318	1.9500633
108	16	1258	0.54731356	-2.6343181
297	16	1259	0.55586993	0.073102299
197	17	1260	0.48208042	-1.5848429
222	17	1261	0.69383234	2.9909857
499	17	1262	0.72790802	0.4754974
43	18	1263	0.55554376	-2.5186854
103	18	1264	0.66057697	1.1798541
152	18	1265	0.39744937	-2.8610871
159	18	1266	0.18658949	1.8403142
67	19	1267	0.50890886	-2.279665
260	19	1268	0.57137565	0.66213937
377	19	1269	0.067843805	1.7225137
273	20	1270	0.38565905	2.1116464
146	21	1271	0.32182229	1.2866128
169	21	1272	0.60958621	-1.3865037
191	21	1273	0.54938403	-1.8593963
249	21	1274	0.31896912	-0.014567533
295	21	1275	0.48220624	1.6816073
345	21	1276	0.5424541	0.88414177
125	22	1277	0.52076603	-0.50362263
416	22	1278	0.55849443	1.3098046
477	22	1279	1.37984	-1.5496803
173	23	1280	0.51487035	-2.1302279
264	23	1281	0.55741938	2.0405794
303	23	1282	0.20301629	-2.5727156
305	23	1283	0.4700395	-1.2187602
230	24	1284	0.6345908	-1.4908867
374	24	1285	0.46750179	1.7667953
385	24	1286	0.25797946	-0.48206086
445	24	1287	0.19937877	-2.3403487
143	25	1288	0.68215864	-2.4251136
189	25	1289	0.51264704	0.20614662
200	25	1290	0.141414	-1.6699091
479	25	1291	0.33863811	-0.51521918
494	25	1292	0.41723645	0.40947258
50	26	1293	0.49959741	1.3864453
340	26	1294	0.41869096	-0.43461477
123	27	1295	0.59840464	2.6118281
132	27	1296	1.0208425	-1.2452739
188	27	1297	0.51226164	0.85605168
226	27	1298	0.8911556	1.7077973
361	27	1299	0.44468033	-0.2616381
472	27	1300	0.4512868	-2.5712749
107	28	1301	0.45390934	3.0872012
265	28	1302	0.51655776	-1.9597494
387	28	1303	0.54084537	0.12617027
399	28	1304	0.5065112	1.7875911
426	28	1305	0.75261742	2.4012153
449	28	1306	0.76905444	-0.79434383
97	29	1307	0.38465647	-2.7149634
182	29	1308	0.42942171	-1.4986167
422	29	1309	0.29670052	1.4875839
453	29	1310	0.39024847	-0.10820025
266	30	1311	0.61418191	1.077334
271	30	1312	0.10711708	3.1021123
290	30	1313	0.38195369	1.0245025
298	30	1314	0.44041054	2.2585389
365	30	1315	0.75349393	-2.277655
73	31	1316	0.69527326	-3.0969777
256	31	1317	0.77857232	2.3464398
301	31	1318	0.66933111	1.7705336
303	31	1319	0.49305743	0.37021755
374	31	1320	0.78935506	-0.57971683
231	32	1321	0.54269108	-2.2055456
242	32	1322	1.0441001	2.6350843
286	32	1323	0.6600112	-0.60978306
358	32	1324	0.45723573	2.329087
364	32	1325	0.89805938	0.25402606
456	32	1326	0.48899002	-1.3393801
95	33	1327	0.83179515	-2.4221308
121	33	1328	0.31010923	1.0389614
189	33	1329	0.48325947	-3.1262159
278	33	1330	0.54567645	-0.72395557
114	34	1331	0.93766397	-1.2108918
208	34	1332	1.4290093	2.1544121
222	34	1333	1.4489423	-0.52871184
373	34	1334	0.74040311	-2.3640614
498	34	1335	0.92063083	2.5003916
102	35	1336	0.51217818	3.1300814
184	35	1337	0.45531908	0.4402765
311	35	1338	0.25366244	1.3379988
47	36	1339	0.70831772	-0.61765441
204	36	1340	0.72590135	1.7850578
225	36	1341	0.37625069	0.12175748
310	36	1342	0.87621077	-2.4283546
496	36	1343	0.55034541	1.0299644
122	37	1344	0.69908635	-2.2455131
170	37	1345	0.45847729	1.5137064
174	37	1346	0.2069071	0.69390628
219	37	1347	0.65948521	-1.6094368
237	37	1348	0.82565315	1.4734654
251	37	1349	0.18881974	-0.86822503
153	38	1350	0.60935098	2.7524044
190	38	1351	0.41314987	-1.5284963
235	38	1352	0.57040173	-0.46111951
431	38	1353	0.58873311	0.87043548
459	38	1354	0.44823968	-2.591898
281	39	1355	0.33222567	-1.3915323
400	39	1356	0.40214718	1.0046878
115	40	1357	0.41509936	2.263237
154	40	1358	0.86332249	1.0521715
300	40	1359	0.21311961	-0.31649854
322	40	1360	0.81049422	-2.1141142
495	40	1361	0.39831806	-2.5232938
46	41	1362	0.46016643	-2.1345214
405	41	1363	0.37826871	-0.13555522
440	41	1364	0.33118719	1.0532821
451	41	1365	0.3807861	2.2198038
110	42	1366	0.5657338	-0.58443471
213	42	1367	0.18612193	0.93829293
215	42	1368	0.34040165	-1.3441506
386	42	1369	0.70243296	1.861416
152	43	1370	0.22500741	1.2577661
159	43	1371	0.64435456	0.89804705
359	43	1372	0.57716051	-2.7039214
418	43	1373	0.26899248	-3.0866446
425	43	1374	0.60348821	-2.5822398
124	44	1375	0.91607089	-2.4806418
128	44	1376	0.56802585	1.1681905
209	44	1377	0.55595486	2.028984
269	44	1378	0.79533421	0.27196096
437	44	1379	0.77119836	2.8428455
484	44	1380	0.87819992	-0.69655776
80	45	1381	0.41844235	2.4658014
173	45	1382	0.63319031	0.90000698
246	45	1383	0.61854591	-2.601742
289	45	1384	0.96170664	1.9543927
317	45	1385	0.6969175	-0.81050311
380	45	1386	0.86812707	-1.3527333
321	46	1387	0.61636319	-2.5815192
360	46	1388	0.71763009	2.4798976
379	46	1389	0.75518169	-0.26258876
451	46	1390	0.69251022	1.5480668
457	46	1391	0.77463278	-1.4631084
54	47	1392	0.60264603	1.4945896
162	47	1393	0.83996509	0.28176254
225	47	1394	0.4994558	1.9915086
254	47	1395	0.77204687	-2.3269402
360	47	1396	0.80989444	-1.2581571
190	48	1397	0.40482374	0.5414479
203	48	1398	0.54553159	2.7410836
228	48	1399	0.53176231	-0.51823688
398	48	1400	0.43319215	-1.8291156
459	48	1401	0.39082226	1.706204
130	49	1402	0.38343115	0.74633768
193	49	1403	0.56203365	1.4437256
244	49	1404	0.38011429	-2.5612738
366	49	1405	0.45655859	-2.446749
129	50	1406	0.67773995	-0.46388735
403	50	1407	0.68551834	1.1246135
410	50	1408	0.23405587	1.6554688
55	51	1409	0.67332901	2.5738612
76	51	1410	0.43059049	-2.755116
373	51	1411	0.77919739	-0.81844745
498	51	1412	0.5959172	0.99926855
91	52	1413	0.51949118	-3.1335452
393	52	1414	0.5248373	-0.89425063
423	52	1415	0.47591124	2.512793
483	52	1416	0.41091563	-1.6901035
96	53	1417	0.53063462	-2.0276889
216	53	1418	0.47156413	-2.1724905
335	53	1419	0.11267646	1.226269
397	53	1420	0.60516795	0.85836265
465	53	1421	0.41907683	0.52784736
225	54	1422	0.28888682	-2.6157895
343	54	1423	0.49113063	0.4112206
447	54	1424	0.39322659	1.5911322
496	54	1425	0.44114735	2.4507077
76	55	1426	0.550885	-1.2592414
214	55	1427	0.60598588	-2.6522087
218	55	1428	0.80607932	-1.7832703
415	55	1429	0.76387328	1.0998188
490	55	1430	0.93110059	1.79685
253	56	1431	0.51916247	-1.5715778
436	56	1432	0.3435627	0.31261311
467	56	1433	0.44537987	2.4928084
70	57	1434	0.86303292	2.9294517
84	57	1435	0.73534613	0.15880485
247	57	1436	0.8700695	-0.086775144
315	57	1437	0.87468749	-2.9309194
334	57	1438	0.53053555	0.86533251
396	57	1439	0.49945337	2.604926
424	57	1440	0.52306367	-0.40882277
456	57	1441	0.35729565	-2.2405242
240	58	1442	0.50202455	3.085072
288	58	1443	0.38587974	1.2693043
313	58	1444	0.48068725	-2.4499629
330	58	1445	0.58073906	0.15915963
485	58	1446	0.45457312	-0.95084469
85	59	1447	0.69252628	1.4512864
188	59	1448	0.55537399	-1.5585777
226	59	1449	0.45457082	-3.010505
439	59	1450	0.5251252	-0.59204925
66	60	1451	0.21727701	2.2221631
356	60	1452	0.42883389	-2.6860159
401	60	1453	0.2890623	0.83380147
443	60	1454	0.44520756	-0.787878
97	61	1455	0.465823	-0.84303417
183	61	1456	0.26533929	2.5477164
292	61	1457	0.31984247	-1.947735
207	62	1458	0.74017623	1.658633
217	62	1459	0.82021818	1.8549988
237	62	1460	0.91681713	-1.4619127
280	62	1461	0.60549974	-1.8275098
368	62	1462	0.12721171	1.0329526
69	63	1463	0.5001697	1.0620717
212	63	1464	0.31682525	1.9286618
171	64	1465	0.7627322	-0.97489291
292	64	1466	0.28011721	0.24256452
363	64	1467	0.34937439	1.8040375
479	64	1468	0.57744946	2.5575979
142	65	1469	0.20413448	-1.3696279
450	65	1470	0.67435378	2.1351709
475	65	1471	0.85095574	-0.66774531
356	66	1472	0.4414235	-2.1821498
401	66	1473	0.32859856	0.12588776
267	67	1474	0.5579713	2.1774679
270	67	1475	0.47542611	3.1159458
377	67	1476	0.55552935	0.95465843
411	67	1477	0.79160935	-2.1291578
209	68	1478	0.45139163	-0.51664891
332	68	1479	0.47195287	2.4891425
336	68	1480	0.51219034	-2.9016101
433	68	1481	0.59752921	0.17272087
437	68	1482	0.50434566	-1.7676682
150	69	1483	0.44559304	-2.8922166
212	69	1484	0.38125641	-2.765368
491	69	1485	0.75325568	1.3144393
493	69	1486	0.59827426	0.046746457
241	70	1487	0.3624905	2.3705051
315	70	1488	0.36481414	-1.6027706
396	70	1489	0.42093869	0.17585473
428	70	1490	0.9273065	2.7352489
123	71	1491	0.60942911	-1.5426385
226	71	1492	0.41283323	-0.069755339
492	71	1493	0.61122405	1.5527051
79	72	1494	0.27526916	-1.115171
96	72	1495	0.44501287	0.33864916
146	72	1496	0.44453285	-1.8524151
216	72	1497	0.45284027	0.54638935
295	72	1498	0.37044321	-2.3760642
256	73	1499	0.6056154	1.3214568
432	73	1500	0.93607528	2.9049446
497	73	1501	0.76923076	2.1785921
92	74	1502	0.44009738	-0.79701343
136	74	1503	0.66691665	1.6675342
210	74	1504	0.48209093	-1.4203089
307	74	1505	0.36719243	0.75423512
405	74	1506	0.43383848	-2.034642
440	74	1507	0.40800891	-3.0210577
248	75	1508	0.91058191	-2.3218736
299	75	1509	0.58880111	0.70159344
354	75	1510	0.48659094	1.2259614
435	75	1511	0.50944536	-0.3276026
477	75	1512	0.62149085	1.9356425
77	76	1513	0.52791255	-0.78075242
218	76	1514	0.42930168	-2.4804836
239	77	1515	0.29938187	-1.8181432
373	77	1516	0.55738117	-0.062884066
234	78	1517	0.4710787	0.37356262
351	78	1518	0.42487385	-1.0307907
146	79	1519	0.30364671	-2.5077497
216	79	1520	0.55084877	1.0672897
276	79	1521	0.40358318	-0.11434929
492	79	1522	0.64567956	-1.4769093
198	80	1523	0.26765644	-3.0636465
246	80	1524	0.61456277	-1.9093418
289	80	1525	0.6309598	1.6238395
106	81	1526	0.64174423	2.8948218
229	81	1527	0.37414283	-2.9509454
252	81	1528	0.59274165	1.0557352
255	81	1529	0.71372988	2.3664304
289	81	1530	0.93304192	-0.85921053
436	81	1531	0.44407222	-1.8193413
489	81	1532	0.42460416	-0.05453052
237	82	1533	0.47747357	2.0620801
251	82	1534	0.57491042	-1.8956145
329	82	1535	0.33095077	1.5418306
362	82	1536	0.33440459	2.9556329
85	83	1537	0.59422447	-1.8853236
157	83	1538	0.71017847	2.348424
177	83	1539	0.77187076	-0.22763577
247	84	1540	0.23778777	-0.93761213
334	84	1541	0.47825115	2.496351
366	84	1542	0.69887993	0.057636943
461	84	1543	0.47939963	0.87838514
177	85	1544	1.0141474	0.39567242
226	85	1545	0.91780086	-2.1907469
276	85	1546	0.76950683	2.4518276
273	86	1547	0.60468678	-1.9654142
279	86	1548	0.49478044	-0.30961483
308	86	1549	0.31322781	0.64956041
375	86	1550	0.66855034	1.4346518
417	86	1551	0.49401522	-2.7935594
108	87	1552	0.28944304	0.5184457
400	87	1553	0.16088924	-2.8142289
246	88	1554	0.65419943	2.0196047
339	88	1555	0.47192255	-1.1169231
380	88	1556	0.43863003	0.13671299
455	88	1557	0.54739654	-2.1842058
104	89	1558	0.34018641	-1.6168307
251	89	1559	0.70510206	1.3064388
266	89	1560	0.15209283	-1.7932808
271	89	1561	0.80960913	-2.132933
296	89	1562	0.55477173	1.4821995
173	90	1563	0.66996791	-1.3031397
282	90	1564	0.66488891	1.34145
289	90	1565	0.62833675	-2.7318787
473	90	1566	0.18496129	2.7855075
192	91	1567	0.53793175	2.6342951
401	91	1568	0.64737234	-1.6211161
423	91	1569	0.31436691	1.128378
176	92	1570	0.3011076	0.92546943
199	92	1571	0.36532322	-1.4983481
210	92	1572	0.28557928	-2.5390328
441	92	1573	0.2713438	-0.37513946
280	93	1574	0.67958483	0.093096339
285	93	1575	0.60692173	1.2388578
339	93	1576	0.45227256	2.5582688
371	93	1577	0.91985652	-1.7596093
380	93	1578	0.74819686	1.7724556
469	93	1579	0.5648961	-2.5111035
102	94	1580	0.49199283	-0.13972186
140	94	1581	0.85641863	0.43578496
195	94	1582	0.84010191	-2.6745707
471	94	1583	0.42316115	-1.0101928
189	95	1584	0.55915302	1.313213
200	95	1585	0.47585921	2.4727979
288	95	1586	0.68148196	-2.4930546
293	95	1587	0.76909925	-0.32628703
330	95	1588	0.69320953	-1.692714
333	95	1589	0.65335974	-3.0055744
206	96	1590	0.47758142	-0.92605882
216	96	1591	0.093417449	1.929881
345	96	1592	0.54718634	-2.1285561
171	97	1593	0.70266339	-1.9673843
182	97	1594	0.46658789	-0.61481401
292	97	1595	0.43055495	3.0242058
422	97	1596	0.58939752	0.88153232
105	98	1597	0.48758399	-0.076919653
113	98	1598	0.62791573	-2.4419906
221	98	1599	0.68024527	0.6687802
323	98	1600	0.58390737	-1.0912752
378	98	1601	0.54470291	1.5805789
452	98	1602	0.66411074	-3.1219886
119	99	1603	0.50133325	3.0688118
193	99	1604	0.67052625	-0.41293973
261	99	1605	0.77168953	0.79131895
273	99	1606	0.79878496	1.6049355
309	99	1607	0.68007802	-2.6538293
461	99	1608	0.81494759	-1.8180363
159	100	1609	0.42047294	1.0520667
322	100	1610	0.42609412	2.0441748
418	100	1611	0.48652091	-2.8204504
120	101	1612	0.8829288	-0.97127593
181	101	1613	0.44112384	-1.6738032
277	101	1614	0.58444496	2.5797634
349	101	1615	0.52956927	2.0945617
446	101	1616	0.696354	-2.8265449
467	101	1617	0.8434717	0.83037858
140	102	1618	0.51821979	0.97879476
156	102	1619	0.43482365	-1.954569
471	102	1620	0.39086625	-2.3061228
159	103	1621	0.52583593	-2.1811851
365	103	1622	0.93259716	1.2044866
427	103	1623	0.46455742	-3.1364914
271	104	1624	0.54046691	-2.4487784
119	105	1625	0.32640415	0.018849217
221	105	1626	0.46169642	1.467594
309	105	1627	0.41557704	-0.9970076
229	106	1628	0.34179359	-0.7289309
255	106	1629	0.36071528	1.253681
408	106	1630	0.69438902	2.9683838
467	106	1631	0.45610198	-1.9497495
178	107	1632	0.48207043	2.653995
263	107	1633	0.37683729	-2.6961647
265	107	1634	0.56470036	-1.0976078
426	107	1635	0.4937397	1.7796156
400	108	1636	0.44844622	-2.6913379
138	109	1637	0.26375184	-0.29782323
220	109	1638	0.62901391	1.1808258
462	109	1639	0.60006768	-1.3008366
468	109	1640	0.14950325	-1.3995965
150	110	1641	0.3856382	-0.8714165
194	110	1642	0.45446628	2.221631
211	110	1643	0.39424348	0.0136785
212	110	1644	0.4601024	-0.78500136
215	110	1645	0.3958277	-3.0921447
223	110	1646	0.40832275	0.18765063
474	110	1647	0.33232962	0.88370754
238	111	1648	0.59014087	-1.6066188
409	111	1649	0.64279816	-1.205251
462	111	1650	0.56377811	2.0672993
486	111	1651	0.73595224	1.0761831
284	112	1652	0.28455499	-2.4392423
402	112	1653	0.54797741	2.1861949
428	112	1654	0.53316475	0.10197221
337	113	1655	0.46527722	2.5848782
346	113	1656	0.49366366	-1.9734276
421	113	1657	0.45334606	-0.57576535
480	113	1658	0.41277991	3.0650717
222	114	1659	0.93248265	0.1579898
242	114	1660	0.91600077	-0.80702545
373	114	1661	0.92964839	2.7460767
491	114	1662	0.84264478	-2.0342364
248	115	1663	0.84809815	1.533646
414	115	1664	0.53981389	-2.4500471
495	115	1665	0.55359711	-1.6786085
252	116	1666	0.86436286	-0.44858266
255	116	1667	0.39188734	-1.6294053
269	116	1668	0.27143519	-2.2815847
454	116	1669	0.53629953	2.5877019
482	116	1670	0.93584823	2.6222031
282	117	1671	0.46252764	-2.1167509
319	117	1672	0.33344756	-2.7642135
151	118	1673	0.48249013	-0.26003949
179	118	1674	0.41697958	1.0600775
196	118	1675	0.82789998	-1.5055422
351	118	1676	0.63732991	1.6700539
462	118	1677	0.16611928	-2.6308073
468	118	1678	0.44774295	2.2448987
221	119	1679	0.53198523	2.1223862
309	119	1680	0.36919143	-1.8472339
136	120	1681	0.99323394	-0.94112453
162	120	1682	0.76722542	-1.7994455
181	120	1683	0.61614991	2.6512434
253	120	1684	0.70583834	0.92411829
343	120	1685	0.51828244	-2.7794986
442	120	1686	0.61453855	0.69736236
137	121	1687	0.69754131	0.12231076
183	121	1688	0.40270127	-2.0793922
189	121	1689	0.69689134	-2.7364072
434	121	1690	0.38127888	3.1060813
219	122	1691	0.42649236	-0.26836728
272	122	1692	0.59173773	1.3565453
298	122	1693	0.66842361	-1.9213928
326	122	1694	0.74190771	-2.8692359
169	123	1695	0.8275461	1.9286
226	123	1696	0.70188699	0.97363134
304	123	1697	0.99174846	-1.8730007
472	123	1698	0.5628484	-1.3258053
171	124	1699	1.5083918	-2.9715541
182	124	1700	0.84320079	2.9943055
432	124	1701	1.6940436	-0.40942741
437	124	1702	0.78944996	1.5883847
453	124	1703	0.69828528	2.3229422
259	125	1704	0.58118498	0.94121285
331	125	1705	0.73324269	-1.5807798
416	125	1706	0.85021675	1.9465339
476	125	1707	0.73366496	-1.1301173
198	126	1708	0.54366603	-0.93070697
253	126	1709	0.50576906	-2.8739373
289	126	1710	0.59803919	0.36750941
436	126	1711	0.51660856	1.8865896
442	126	1712	0.53555193	-2.5415184
179	127	1713	0.34891243	-1.9125537
232	127	1714	0.41547004	0.81117204
243	127	1715	0.51908899	-0.029836785
351	127	1716	0.38831623	-2.9908586
209	128	1717	0.46908834	-3.0904136
269	128	1718	0.62521618	-0.51688324
433	128	1719	0.40639666	2.3050901
327	129	1720	0.51661898	1.0514039
340	129	1721	0.4834374	-2.2884859
402	129	1722	0.72791867	-0.28786193
193	130	1723	0.36404435	2.1866142
202	130	1724	0.52579933	-1.8388852
312	130	1725	0.68433803	1.2333607
158	131	1726	0.36799962	2.3167029
164	131	1727	0.69783294	-0.80406264
279	131	1728	0.73545967	-2.6161943
291	131	1729	0.77796885	-1.8391808
372	131	1730	1.0398296	1.6274325
390	131	1731	0.63298333	0.2195835
208	132	1732	0.98635134	-0.88003927
361	132	1733	0.85842038	1.4504278
415	132	1734	0.87095094	-1.4155471
490	132	1735	0.76065541	-2.1567405
500	132	1736	0.60246694	3.0142768
179	133	1737	0.59410575	2.9817887
243	133	1738	0.41074929	1.4505855
367	133	1739	0.56690662	-0.0031182453
470	133	1740	0.51551065	-0.88185628
168	134	1741	0.6800774	-3.1301971
175	134	1742	0.74866581	-1.7846667
254	134	1743	0.8679916	0.88913712
342	134	1744	0.63503125	2.2545682
406	134	1745	0.6865172	-0.75936299
320	135	1746	0.64606617	2.944294
403	135	1747	0.74468461	-0.035669598
162	136	1748	0.76082269	3.0685868
246	136	1749	0.87583103	0.61449249
307	136	1750	0.52942331	-0.89291745
455	136	1751	0.86684445	-0.66084633
488	136	1752	0.53142353	-2.5463155
332	137	1753	0.61683189	0.40751498
336	137	1754	0.47308559	-0.35358252
422	137	1755	0.47855422	-1.536968
220	138	1756	0.65931151	1.5905367
462	138	1757	0.50933634	-1.7526345
486	138	1758	0.63102494	-0.58583888
221	139	1759	0.62450985	-1.3475521
328	139	1760	0.3279949	0.32574114
357	139	1761	0.64377936	2.0061453
184	140	1762	0.67937791	-0.36401051
263	140	1763	0.7216738	1.7196091
265	140	1764	0.6163941	0.65075745
311	140	1765	0.33911054	-0.59156204
286	141	1766	0.44109476	1.2060134
456	141	1767	0.41520519	2.2836652
338	142	1768	0.11772056	0.84485789
475	142	1769	0.7074587	-0.48034874
172	143	1770	0.80944161	-2.4975007
200	143	1771	0.58724555	0.55066066
318	143	1772	0.42242274	-2.4248967
397	143	1773	0.75684879	-2.6298902
479	143	1774	0.85656149	0.33441876
322	144	1775	0.17513751	-0.67254046
353	144	1776	0.59516328	-2.0987953
414	144	1777	0.57365733	1.7900948
495	144	1778	0.42276298	0.99150792
193	145	1779	0.41920258	-1.9859874
261	145	1780	0.49667929	2.077023
312	145	1781	0.270032	-0.13001992
347	145	1782	0.3079227	1.0454728
492	146	1783	0.55454198	-0.98800142
269	147	1784	0.59791418	2.4611994
497	147	1785	0.6659691	-1.4644228
233	148	1786	0.3617309	-2.8739261
395	148	1787	0.31313245	0.0053927312
419	148	1788	0.37735841	-0.48279441
230	149	1789	0.67782389	-0.5227323
259	149	1790	0.87874181	-1.1278361
416	149	1791	0.54823691	-2.1016554
445	149	1792	0.42559409	0.36260856
211	150	1793	0.33406934	1.1186478
212	150	1794	0.082879963	-0.37175223
470	151	1795	0.65182533	-0.0071224531
359	152	1796	0.74894487	-2.4824355
427	152	1797	0.73802705	1.3396417
203	153	1798	0.69379458	-1.9674331
281	153	1799	0.85459259	2.3789889
355	153	1800	0.8061674	3.0748256
431	153	1801	0.96829382	0.22808185
459	153	1802	0.49955079	-1.1987988
248	154	1803	0.78203295	2.5788605
268	154	1804	0.36575139	-0.76900539
271	154	1805	0.71153966	0.63337842
300	154	1806	0.84668312	-1.8402644
435	154	1807	1.0197955	1.1221716
227	155	1808	0.30039007	2.9837396
252	155	1809	0.56938445	-2.7890158
319	155	1810	0.50606696	-0.51415159
481	155	1811	0.20121102	-0.92688935
400	156	1812	0.43504825	-1.7112724
471	156	1813	0.15073791	2.2908228
172	157	1814	0.72676849	1.2037437
216	157	1815	0.41770126	-3.0145652
276	157	1816	0.64499927	-2.0184222
335	157	1817	0.45521528	1.813396
279	158	1818	0.74694645	-2.1146928
372	158	1819	0.79124512	1.3271555
300	159	1820	0.67782288	1.2420696
322	159	1821	0.40296147	3.1066485
245	160	1822	0.49544105	1.3597992
258	160	1823	0.76993109	-1.5607539
259	160	1824	0.77369108	1.8631218
362	160	1825	0.33850504	-0.38471997
476	160	1826	0.46651942	-2.1419993
274	161	1827	0.71381202	-1.0440648
330	161	1828	0.57275216	1.7333673
384	161	1829	0.18326569	-1.7105789
485	161	1830	0.41502741	2.8903487
343	162	1831	0.64366006	2.0746731
451	162	1832	0.75319451	-1.5386981
488	162	1833	0.47599658	-0.83697428
247	163	1834	0.73793361	-3.0271054
359	163	1835	0.60833528	0.5066629
366	163	1836	0.22979811	2.4438013
369	163	1837	0.41440896	-3.0242564
425	163	1838	0.58586015	0.38419351
262	164	1839	0.67685862	0.58530877
291	164	1840	0.73348173	-2.7973298
365	164	1841	0.66309823	0.010167956
390	164	1842	0.65423821	1.3650848
427	164	1843	0.87688706	-1.7259627
322	165	1844	1.1592599	0.56130878
353	165	1845	0.58437082	0.37136686
364	165	1846	1.1370522	-3.1168252
369	165	1847	0.68799364	-2.3503868
382	165	1848	0.82244244	-2.6919146
418	165	1849	0.71894349	0.11746869
425	165	1850	0.52041051	-0.43901869
230	166	1851	0.79009481	2.1246024
329	166	1852	0.45623354	-0.99413558
362	166	1853	0.6575547	-1.7072889
180	167	1854	0.36378897	-0.12099283
324	167	1855	0.48766057	2.3041354
341	167	1856	0.35257742	1.3492321
428	167	1857	0.40848346	-1.2378322
175	168	1858	0.89193741	-0.94681412
184	168	1859	0.83130499	2.7353655
236	168	1860	0.78194579	-1.7662703
297	168	1861	0.51222308	-2.7574092
342	168	1862	0.57253098	1.0620491
449	168	1863	0.89012618	1.7667274
191	169	1864	0.27772493	2.8771093
492	169	1865	0.52790013	1.0033843
174	170	1866	0.35149713	-1.1830554
237	170	1867	0.36800954	1.4233244
272	170	1868	0.54276265	-2.2408013
280	170	1869	0.71795999	1.8520729
177	171	1870	1.8107793	-2.4346343
182	171	1871	0.75463932	0.52616375
292	171	1872	0.71579562	1.7907447
335	172	1873	0.43925306	-2.5731125
397	172	1874	0.11613701	1.6798446
217	173	1875	0.84061366	-0.86622178
289	173	1876	0.8511542	2.6579185
305	173	1877	0.43534507	-0.011097806
460	173	1878	0.50206878	-1.0739238
272	174	1879	0.48047702	-2.9318835
236	175	1880	0.67439696	-3.0774989
406	175	1881	0.70602313	0.37556717
413	175	1882	0.77768742	-0.40348283
430	175	1883	1.0767747	-1.7625354
307	176	1884	0.39360059	2.1671456
441	176	1885	0.34738717	-1.3638762
455	176	1886	0.24424974	1.0033938
407	177	1887	0.40486703	2.1183269
439	177	1888	1.4901358	-1.9724905
260	178	1889	0.61582531	2.8121995
263	178	1890	0.39758376	-1.3532237
426	178	1891	0.41328854	0.67159128
351	179	1892	0.38000716	2.3497836
241	180	1893	0.58362977	-0.89687197
341	180	1894	0.48051784	2.2022236
383	180	1895	0.62120052	1.3927366
420	180	1896	0.47182907	-1.4347996
343	181	1897	0.47740279	-1.4471633
446	181	1898	0.65580525	2.7946137
292	183	1899	0.45742497	-1.3455123
363	183	1900	0.30455544	-2.5365345
422	183	1901	0.90556065	-0.04578341
434	183	1902	0.4094196	2.0394875
479	183	1903	0.67997291	-2.8510932
494	183	1904	0.58011913	2.9010476
265	184	1905	0.63200785	1.8013821
297	184	1906	0.59521012	-1.0642593
311	184	1907	0.35729501	2.9933641
394	184	1908	0.34050493	1.8369353
199	185	1909	0.44081343	2.4390985
348	185	1910	0.37790388	-1.2142284
372	185	1911	0.85762949	-2.0342068
429	185	1912	0.45095597	0.3292616
441	185	1913	0.56074177	1.7689978
469	185	1914	0.66530086	0.93939835
207	186	1915	0.08458554	2.8346526
368	186	1916	0.60454171	-1.4888782
374	186	1917	0.65130855	2.4159341
385	186	1918	0.22222077	-2.4252025
306	187	1919	0.32344815	0.42750374
321	187	1920	0.45990493	1.4160249
413	187	1921	0.79322678	-2.7819261
457	187	1922	0.67644784	0.017303065
361	188	1923	0.5106028	-1.3860468
439	188	1924	0.50279171	0.54878023
200	189	1925	0.57129727	-2.6971082
434	189	1926	0.38779625	0.83797058
494	189	1927	0.13384875	2.6668885
228	190	1928	0.48585599	-1.3317915
235	190	1929	0.51833741	0.31173496
459	190	1930	0.4377707	2.7213368
249	191	1931	0.70597989	0.83221104
438	191	1932	0.88047988	-1.9261573
478	191	1933	0.20585589	0.82495636
332	192	1934	0.081727868	1.7904078
423	192	1935	0.60520189	0.037621118
312	193	1936	0.5588723	0.6734844
211	194	1937	0.7583856	-0.48888723
215	194	1938	0.39957497	-1.8758371
283	194	1939	0.33484521	0.40232049
386	194	1940	0.73961777	2.1386375
475	194	1941	0.64829787	2.4390868
232	195	1942	0.6056514	-2.8277246
243	195	1943	0.60959903	-2.169034
367	195	1944	0.92977149	-1.3821846
411	195	1945	0.77593426	2.1899892
238	196	1946	0.34397709	-1.429267
314	196	1947	0.56668038	-1.6831645
320	196	1948	0.55911439	-0.97425864
450	196	1949	0.80579058	-1.1691018
462	196	1950	0.77102545	1.8317169
222	197	1951	0.89714848	2.4296177
358	197	1952	0.54107473	-2.3186075
364	197	1953	0.95832645	-0.55254015
246	198	1954	0.56234835	-1.4589994
210	199	1955	0.33092774	2.4830664
379	199	1956	0.48464787	-2.6170474
441	199	1957	0.34825955	0.86449198
280	201	1958	0.5530244	-1.2557986
285	201	1959	0.307901	-3.092212
317	201	1960	0.60691028	2.2113378
359	202	1961	0.23798602	0.44255215
366	202	1962	0.49504412	-3.0492804
327	203	1963	0.67937831	-1.6850035
355	203	1964	0.87687554	2.2289475
398	203	1965	0.7431275	-1.0156188
403	203	1966	0.67501323	-2.8380029
459	203	1967	0.48229486	0.37031983
205	204	1968	0.43918658	1.7463414
302	204	1969	0.82578565	2.8858071
446	204	1970	0.6672587	0.59586091
496	204	1971	0.49797606	-0.49716422
392	205	1972	0.68097745	2.714356
446	205	1973	0.6316334	-0.091886585
249	206	1974	0.78655713	-2.4415983
260	206	1975	0.84522188	-0.80133749
345	206	1976	0.5825178	-2.9994088
448	206	1977	0.66878775	0.70512776
217	207	1978	0.17245662	2.8474842
250	207	1979	0.61050503	1.839626
305	207	1980	0.73841486	1.9512538
368	207	1981	0.64140439	-1.3665433
415	208	1982	0.50382393	-2.9413139
498	208	1983	0.64370992	-1.4935498
433	209	1984	0.38018255	1.0286569
437	209	1985	0.56123837	-2.6363922
379	210	1986	0.47235603	-1.9113221
405	210	1987	0.28073288	2.8203363
283	211	1988	0.60669505	2.2089898
325	211	1989	0.4409951	-0.41798247
493	211	1990	0.89830825	-0.18197596
223	212	1991	0.40845862	1.3844273
386	213	1992	0.60851972	2.1078222
474	213	1993	0.60830008	-0.34430158
218	214	1994	0.62147414	-0.94331602
224	214	1995	0.58901742	2.3595341
350	214	1996	0.37689357	3.1347192
464	214	1997	0.3181687	-1.9745561
276	216	1998	0.54554418	-1.3204309
335	216	1999	0.5812421	1.0184274
239	218	2000	0.75427274	-0.55621033
344	218	2001	0.44992007	-2.0495087
386	218	2002	0.83930103	-1.3213767
388	218	2003	0.56024898	-3.1016545
464	218	2004	0.53318666	2.735738
266	219	2005	0.32183577	-1.7910283
290	219	2006	0.5531095	-1.8695517
304	220	2007	0.6020003	-0.12233362
376	220	2008	0.30589587	-2.1914501
438	220	2009	0.89606325	1.5390552
273	221	2010	0.81248468	0.38983927
378	221	2011	0.55286856	2.9174159
242	222	2012	0.85782421	-1.912335
499	222	2013	1.3526817	0.1702033
474	223	2014	0.26250322	2.3820896
491	223	2015	0.66272611	0.78265726
350	224	2016	0.41454714	-1.471726
409	224	2017	0.47383757	-1.8964538
486	224	2018	0.79978621	1.6108419
496	225	2019	0.43552814	1.7792238
492	226	2020	0.75504152	2.1303343
235	228	2021	0.73575113	1.0307023
324	228	2022	0.54253528	-1.9750018
341	228	2023	0.55114004	-1.2178182
383	228	2024	0.65385099	-0.46576573
398	228	2025	0.59331573	-2.8765644
436	229	2026	0.44259378	-0.94812197
467	229	2027	0.46684885	-2.7081313
245	230	2028	0.72134145	-1.4091973
259	230	2029	0.50188175	-2.0039631
385	230	2030	0.5429458	1.2369259
445	230	2031	0.52473593	1.940048
275	231	2032	0.29821037	-1.7567891
456	231	2033	0.43570168	-0.089559008
234	232	2034	0.48336169	2.7672121
243	232	2035	0.39305843	-0.93708671
249	233	2036	0.17067543	0.27778353
267	233	2037	0.41849771	-0.91935424
351	234	2038	0.57975282	-1.9602921
376	234	2039	0.52581315	-2.4373133
411	234	2040	0.86233701	0.83995113
383	235	2041	0.94731315	-1.3517328
430	235	2042	0.95190996	0.75799489
431	235	2043	0.71610885	1.7553213
297	236	2044	0.65957598	2.0825621
431	236	2045	1.0275257	-1.9234209
251	237	2046	0.96675255	-1.527569
280	237	2047	0.41266867	2.2318808
329	237	2048	0.25156035	-0.36668392
368	237	2049	1.0212207	1.6045472
409	238	2050	0.2511319	-0.042084199
287	239	2051	0.65901157	-0.48761651
373	239	2052	0.67935063	0.38516942
386	239	2053	0.60011677	-2.3777656
288	240	2054	0.70348962	0.50461234
313	240	2055	0.35964337	-1.1979874
318	240	2056	0.46323464	1.6428615
448	240	2057	0.55408085	-1.9558537
465	240	2058	0.42615204	2.8511895
346	241	2059	0.35249603	0.14339132
396	241	2060	0.69775401	-0.25941155
420	241	2061	0.30046649	-3.1035204
428	241	2062	0.60269637	2.9514723
358	242	2063	0.62350869	-0.28376043
491	242	2064	1.0144358	-3.0505825
367	243	2065	0.66006899	-0.6693415
366	244	2066	0.090096846	-1.943677
461	244	2067	0.49004062	2.6184337
259	245	2068	0.41532844	2.4761869
362	245	2069	0.6465483	-1.2399962
366	247	2070	0.60338138	0.39457792
424	247	2071	0.40890981	-2.8115329
477	248	2072	1.3086942	1.2604549
487	248	2073	1.4001072	-2.5383945
267	249	2074	0.39003218	-1.3389578
345	249	2075	0.42489828	1.5120299
395	249	2076	0.50040554	0.10120359
478	249	2077	0.50013165	-2.3063956
303	250	2078	0.61816085	2.3748217
305	250	2079	0.14823118	2.4278938
374	250	2080	0.30469459	-2.5018172
266	251	2081	0.85708522	-1.8277255
481	252	2082	0.65612314	0.054435059
489	252	2083	0.55491065	-1.3306259
442	253	2084	0.1747675	-1.3057987
310	254	2085	0.81453643	2.6302871
360	254	2086	0.80636849	-0.26215532
393	255	2087	0.64169523	2.7686087
301	256	2088	0.42432147	0.23826278
497	256	2089	0.59040605	3.0660114
487	257	2090	0.68114123	0.41869889
499	257	2091	0.69983426	-2.9742
296	258	2092	0.32911751	-0.28278991
299	258	2093	0.43662514	-2.4220442
362	258	2094	0.71197764	1.1264913
435	258	2095	0.88274037	-1.9124652
476	258	2096	0.458291	2.1739257
263	260	2097	0.88994242	-0.72089167
294	260	2098	0.770454	1.0224263
377	260	2099	0.54147638	-2.5889962
395	260	2100	0.70808863	2.926753
419	260	2101	0.67121197	-3.1029639
426	260	2102	0.90810515	0.063870003
273	261	2103	0.62190354	2.7289
279	261	2104	0.67042437	1.3695096
291	261	2105	0.62775975	0.45459089
347	261	2106	0.4294669	-0.40187327
298	262	2107	0.62726201	1.0563258
365	262	2108	0.38027191	-1.3077647
391	262	2109	0.4237434	1.6395923
265	263	2110	0.68753637	-0.51777174
282	264	2111	0.36322268	1.7003786
301	264	2112	0.52712771	-2.8948141
303	264	2113	0.61181963	-1.4375243
319	264	2114	0.6432828	1.7533137
394	265	2115	0.29196908	-1.3816771
449	265	2116	0.73819696	-0.095883068
271	266	2117	0.6681295	-2.2088462
270	267	2118	0.47307417	-1.90942
419	267	2119	0.49846734	0.53298378
271	268	2120	0.74351797	1.1396963
300	268	2121	0.74428837	-2.2862669
365	268	2122	0.1216297	2.2004917
454	269	2123	0.56196271	2.0903728
411	270	2124	0.68585495	-1.4892349
478	270	2125	0.52809284	2.1032168
365	271	2126	0.69232731	-2.1558293
435	271	2127	0.51474539	1.8285464
371	272	2128	0.72686431	2.9358575
279	273	2129	0.81317661	0.52483297
328	273	2130	0.7067339	2.5310179
417	273	2131	0.45351545	2.1075934
302	274	2132	0.79019024	0.34183112
384	274	2133	0.58092514	2.2938267
387	274	2134	0.88619218	-1.1735309
399	274	2135	0.49410399	-2.2299959
426	274	2136	0.83901727	-2.6748445
466	274	2137	0.68554535	0.90641582
352	275	2138	0.549286	2.8218489
456	275	2139	0.55116784	0.47914208
492	276	2140	0.68704979	-2.0891772
349	277	2141	0.2728676	0.56988627
389	277	2142	0.51232264	2.7660822
443	277	2143	0.54062662	1.5960136
446	277	2144	0.55309296	-1.8784231
293	278	2145	0.53035968	-2.1856655
463	278	2146	0.69394125	-0.27619964
291	279	2147	0.57464539	-0.72540652
308	279	2148	0.40613161	2.1485766
355	281	2149	0.56804926	-1.9052552
367	281	2150	0.73697903	2.755879
400	281	2151	0.68443374	1.3401673
481	282	2152	0.5307711	2.3952216
284	283	2153	0.69836748	-0.36486889
340	283	2154	0.51424925	2.6897165
402	283	2155	0.67237203	0.60438129
475	283	2156	0.85292117	2.7974386
325	284	2157	0.43188679	-1.3083
402	284	2158	0.63900966	1.7265567
493	284	2159	0.71526257	-0.59456763
317	285	2160	0.50482702	1.6803237
380	285	2161	0.38237854	2.7120492
382	286	2162	0.77442014	0.3621001
456	286	2163	0.43995351	-2.9170198
373	287	2164	0.56599011	1.4869994
491	287	2165	0.76132514	-0.80339245
330	288	2166	0.53565461	-0.54225354
333	288	2167	0.33942668	1.8828419
436	289	2168	0.7698012	2.7746289
473	289	2169	0.51134259	0.66312839
489	289	2170	0.7081586	1.8355962
298	290	2171	0.4782074	3.1124499
312	291	2172	0.74710119	-1.6450473
347	291	2173	0.47464148	-1.9342874
363	292	2174	0.44576144	2.4834991
381	293	2175	0.5167839	-1.5451511
404	293	2176	0.71809458	-0.38278907
313	294	2177	0.57915502	1.8172263
426	294	2178	0.78362616	-0.87114273
448	294	2179	0.61443893	2.468412
485	294	2180	0.70097206	0.79064822
345	295	2181	0.4016809	-0.14925461
362	296	2182	0.7347553	1.5844278
326	298	2183	0.6469583	2.4183129
391	298	2184	0.35959651	-2.7915359
354	299	2185	0.29569628	2.8749553
435	299	2186	0.54493647	-1.5109071
476	299	2187	0.66869889	1.4682774
322	300	2188	0.88318101	-2.3514648
303	301	2189	0.76100635	-0.67849908
392	302	2190	0.5159505	1.3709029
466	302	2191	0.42318545	2.4347025
305	303	2192	0.47020413	-0.78349484
374	303	2193	0.64293579	-1.2532691
486	304	2194	0.93645524	-1.6335061
500	304	2195	0.59391582	-0.42765954
321	306	2196	0.39054121	2.1799041
457	306	2197	0.40113717	-0.31007163
455	307	2198	0.37210048	-0.32747126
375	308	2199	0.49883058	1.8945682
323	309	2200	0.46148696	-2.8525008
334	309	2201	0.62280401	-2.0493864
342	310	2202	0.62711018	-1.9595666
387	310	2203	0.80427202	2.6074411
449	310	2204	0.72032255	-2.8497629
347	312	2205	0.32201593	1.9304439
427	312	2206	0.62326747	0.20396133
448	313	2207	0.38325634	-2.6569074
352	315	2208	0.41718433	-2.6990666
456	315	2209	0.64096248	-0.15223938
493	315	2210	0.99950124	3.0490206
357	316	2211	0.53428211	2.6341601
417	316	2212	0.5185171	-0.46952559
380	317	2213	0.45042082	-2.2774646
460	317	2214	0.58009531	1.3045144
333	318	2215	0.58088339	0.35354628
397	318	2216	0.35387678	-2.8753379
465	318	2217	0.50615855	-2.4050333
481	319	2218	0.33172073	2.8732135
450	320	2219	0.27910379	-1.5674045
360	321	2220	0.76965114	1.6279739
406	321	2221	0.88807707	-2.9497989
457	321	2222	0.75003764	-0.63135833
418	322	2223	0.59614098	-2.0359277
495	322	2224	0.47243069	1.3695539
334	323	2225	0.44905682	-1.2171494
421	323	2226	0.39279103	-2.7958697
341	324	2227	0.40431498	-0.045390184
398	324	2228	0.49696146	2.3787107
402	324	2229	0.52513858	-2.3987919
493	325	2230	0.4807268	0.034200361
371	326	2231	0.93518908	1.4325901
372	326	2232	0.95057541	2.9376298
390	326	2233	0.75201854	-1.9156502
391	326	2234	0.57081675	-1.3099783
398	327	2235	0.47112621	0.092330609
402	327	2236	0.79004763	-0.97776183
403	327	2237	0.73827804	2.4459288
357	328	2238	0.75380944	2.4534149
417	328	2239	0.34746321	-0.044533862
362	329	2240	0.43214338	-2.4697345
381	330	2241	0.82948147	-0.090623844
485	330	2242	0.55599072	-2.1607149
354	331	2243	0.51871856	-1.6352567
476	331	2244	0.32775035	0.21409194
477	331	2245	0.57631284	-2.3864424
412	332	2246	0.64844828	0.12260866
458	332	2247	0.59690359	0.26733108
396	334	2248	0.78737057	-2.9517957
461	334	2249	0.69294271	0.11771575
397	335	2250	0.50167105	0.77749348
422	336	2251	0.53081249	-2.5075205
437	336	2252	0.54600067	-0.75172309
383	337	2253	0.51155091	2.4732435
452	337	2254	0.25664889	0.60254052
386	338	2255	0.67962462	-0.31458395
380	339	2256	0.53478361	1.1311322
455	339	2257	0.52255476	-3.0966872
469	339	2258	0.58745087	-1.7053503
475	340	2259	0.34609746	2.9578757
383	341	2260	0.4527008	0.51637307
449	342	2261	0.586201	2.4517398
447	343	2262	0.49867042	2.7358488
386	344	2263	0.58577415	-0.78486882
388	344	2264	0.51614259	2.3227304
396	346	2265	0.39821193	-0.61377758
444	346	2266	0.43106038	-1.2876449
480	346	2267	0.53247385	1.9928804
371	348	2268	0.63186337	0.53231091
372	348	2269	0.66038744	-2.465875
443	349	2270	0.46245416	2.1250048
409	350	2271	0.19601083	-2.9547082
464	350	2272	0.38803811	-0.86437025
376	351	2273	0.26640298	2.3155523
468	351	2274	0.35731107	-2.2210905
493	352	2275	0.67502888	2.7284098
477	354	2276	0.40524158	2.8341436
367	355	2277	0.95326485	2.1184689
403	355	2278	0.90197623	-1.6905969
470	355	2279	0.84586385	2.6251571
389	356	2280	0.53446374	-1.1131818
404	356	2281	0.58825346	-2.6660068
463	356	2282	0.32469927	2.2966069
413	357	2283	0.87481654	1.565088
430	357	2284	0.92368127	3.0079251
366	359	2285	0.723207	-2.9361274
425	359	2286	0.076446062	-1.4232007
451	360	2287	0.63389001	0.40777432
439	361	2288	0.83446191	1.1574746
479	363	2289	0.40157289	-3.0879501
382	364	2290	0.5150693	-0.6937211
461	366	2291	0.51134848	2.4433315
470	367	2292	0.4627698	-2.1139666
385	368	2293	0.50555909	2.0145703
382	369	2294	0.28885485	2.6677526
424	369	2295	0.72810265	-2.9083156
378	370	2296	0.70788349	-0.95693587
430	370	2297	0.72148891	2.1229051
429	371	2298	0.30731559	2.5187921
469	371	2299	0.63710103	2.0321951
379	372	2300	0.89091922	2.0022433
457	372	2301	1.0454003	2.9147013
385	374	2302	0.66062046	-1.0657761
457	375	2303	0.83129887	1.6438652
468	376	2304	0.48158892	-1.6451138
405	379	2305	0.54481282	1.771497
392	381	2306	0.58006134	-0.61914378
404	381	2307	0.69852983	0.36355882
466	381	2308	0.56950075	-1.4861402
452	383	2309	0.6364956	-0.27289907
480	383	2310	0.65609074	-0.94380634
485	384	2311	0.4719688	2.4941754
475	386	2312	0.2264915	-2.0134797
449	387	2313	0.61670873	-1.5669517
409	388	2314	0.61805327	2.2218427
404	389	2315	0.78765087	2.8715352
443	389	2316	0.58194662	0.6508108
446	389	2317	0.77899171	-1.1627053
391	390	2318	0.43075457	0.37115684
404	392	2319	0.61223813	1.2715564
466	392	2320	0.48296635	-2.6432831
408	393	2321	0.49830578	-1.9813987
483	393	2322	0.37751335	3.1383024
444	396	2323	0.27590031	-2.408905
465	397	2324	0.24916514	-1.7058439
402	398	2325	0.69912759	-1.6102524
426	399	2326	0.44683212	3.1124147
471	400	2327	0.5454451	1.6414106
408	401	2328	0.71495047	-0.30601985
443	401	2329	0.54300803	-1.3484211
463	401	2330	0.81079771	-2.9431234
483	401	2331	0.55862263	0.44951751
428	402	2332	0.93356493	-0.434716
410	403	2333	0.49797822	-2.2572375
463	404	2334	0.59739228	1.0301826
440	405	2335	0.39922471	2.1275198
413	406	2336	0.56732454	-1.4676295
443	408	2337	0.64386906	-2.6317264
467	408	2338	0.74886524	-0.81198327
483	408	2339	0.49171387	1.9425319
433	412	2340	0.41436046	-0.68811226
458	412	2341	0.10368002	2.2845802
482	412	2342	0.54039499	-0.38624138
487	414	2343	0.80998081	2.6286169
495	414	2344	0.41156746	-0.5245655
490	415	2345	0.59979812	2.7539908
498	415	2346	0.76720235	-0.78367494
425	418	2347	0.39028292	-2.242658
437	422	2348	0.82855507	-0.070534988
453	422	2349	0.49609573	-0.74905945
458	423	2350	0.21973734	1.7857801
482	423	2351	0.52590641	-0.12825158
456	424	2352	0.70545972	-3.0390924
469	429	2353	0.39269536	1.6575411
431	430	2354	0.82417408	3.0814411
484	432	2355	0.69140068	1.8002363
497	432	2356	0.62555549	0.71899684
454	433	2357	0.55070398	-0.22494234
467	436	2358	0.70111584	2.9063062
451	440	2359	0.39429762	3.1021517
488	440	2360	0.42660677	1.8059159
455	441	2361	0.54922884	1.4615154
447	446	2362	0.5451719	-1.1605941
496	446	2363	0.62261543	-1.755876
496	447	2364	0.35038373	-2.8161198
488	451	2365	0.49623826	0.93516639
482	454	2366	0.40029555	2.6684337
469	455	2367	0.71314322	-0.90013335
482	458	2368	0.63454157	-0.4604204
468	462	2369	0.45153361	1.8734082
500	472	2370	0.65615869	-1.4043061
491	474	2371	0.71977494	0.40950531
494	479	2372	0.34441755	1.3122288
497	484	2373	0.6801415	-0.39428018
490	486	2374	0.77638338	-0.028307787
499	487	2375	1.3700899	-2.8502568
500	490	2376	0.73197952	1.8149691
