from	to	label	distance	angle
1	405	1	0.36279075	0.84906242
1	470	2	0.40916674	2.2289951
2	28	3	0.89860572	0.82419463
2	78	4	0.84763536	-2.2841959
2	229	5	0.4367532	2.7602083
3	64	6	0.5935777	1.2083144
3	93	7	0.27975499	-2.5897194
3	277	8	0.59572965	-2.1659202
4	20	9	0.44607316	2.5541578
4	48	10	0.2938232	2.3010948
4	165	11	0.20761491	2.0589147
4	260	12	0.41721415	-0.02965796
4	289	13	0.5930934	-0.7974526
4	393	14	0.57917771	2.1879298
4	426	15	0.41422656	-0.60247213
5	141	16	0.48765531	-1.5382816
5	168	17	0.72134848	-1.8215448
5	433	18	0.366823	-0.12590634
5	438	19	0.77166339	1.2174857
5	467	20	0.33639887	1.7855353
6	49	21	0.65220642	2.2361782
6	140	22	0.95205512	-0.18910086
6	151	23	0.3632683	2.7157842
6	258	24	0.52492671	-0.61635823
6	322	25	0.73918263	2.882959
6	461	26	0.48675541	-2.5365539
7	92	27	0.4861509	-0.95249858
7	321	28	0.19815362	-0.50258845
8	309	29	0.38455533	2.2587525
8	370	30	0.19494557	-2.3187679
9	242	31	0.4392249	2.8851008
9	404	32	0.26658621	1.9952468
10	215	33	0.66417098	2.225099
10	439	34	0.66948079	-1.2799227
11	60	35	0.65329536	0.10798804
11	98	36	0.57770387	2.4008841
11	115	37	0.4292805	2.8841624
11	227	38	0.44065891	-2.2327281
11	386	39	0.54302006	-0.84515485
12	248	40	0.40548804	-3.1206062
12	425	41	0.32256152	2.3353029
13	236	42	0.75902213	2.8199514
13	252	43	0.70523383	1.2021747
13	260	44	0.59141366	-2.8494482
13	263	45	0.64970083	-1.5546236
13	400	46	0.61870944	-0.42288385
13	401	47	0.58596344	0.21309459
14	63	48	0.4943257	0.49491294
14	251	49	0.33850571	1.2080453
14	384	50	0.63514031	-1.4014519
14	427	51	0.54259901	2.6236885
15	170	52	0.38264997	-1.1005107
15	255	53	0.54606723	2.1040963
15	297	54	0.41738279	2.8806822
15	406	55	0.51664931	0.012417359
15	442	56	0.33672465	-2.1167967
16	139	57	0.41540405	-0.26767917
16	381	58	0.5821773	1.4672404
16	486	59	0.61595221	-2.5812713
17	67	60	0.65725818	2.0365681
17	154	61	0.94901609	-0.79993145
17	193	62	0.50851359	1.714861
17	372	63	0.85602825	2.3733989
17	398	64	0.71318535	-1.2340287
18	168	65	0.56119318	-1.7592373
18	259	66	0.62296439	-1.2028607
18	467	67	0.47620854	1.5662258
18	485	68	0.61923845	1.2696265
19	61	69	0.7602765	0.49926553
19	202	70	0.45365241	1.090316
19	371	71	0.43835833	-2.8462954
19	373	72	0.42180368	-1.539364
19	438	73	0.70805974	-2.1614702
20	165	74	0.28127614	-0.22902338
20	293	75	0.46195886	1.6053609
20	393	76	0.22799708	1.4116776
21	68	77	0.4775262	-2.8020391
21	302	78	0.45937278	1.1769469
21	309	79	0.3067161	-0.73114917
22	186	80	0.63326151	1.4922121
22	357	81	1.1878417	0.46486686
22	435	82	1.2917763	-2.4562031
23	36	83	0.38842331	1.1825501
23	350	84	0.54418685	-1.5014386
23	440	85	0.36508219	0.20089414
24	230	86	0.66754635	-2.0207045
24	294	87	0.32264842	1.9630568
24	345	88	0.47358219	0.047828038
24	434	89	0.57189373	1.325762
25	117	90	0.36623839	-0.95537169
25	363	91	0.42323351	2.258119
26	31	92	0.70057046	-1.3714351
26	153	93	0.37041655	-2.2474488
26	417	94	0.57063773	0.89228588
26	440	95	0.53785231	2.1925159
27	111	96	0.38332549	-1.838009
28	188	97	0.59055772	-0.42924377
28	209	98	0.66390217	0.3823287
28	210	99	1.2273586	0.89955867
28	229	100	1.1307466	-2.6864991
29	445	101	0.15564777	2.5196651
29	464	102	0.3979434	-0.90834858
30	96	103	0.47797124	0.31449839
30	178	104	0.71106443	-1.8013463
30	312	105	0.66946164	2.0767407
30	439	106	0.26085938	2.9384704
31	153	107	0.54381088	2.3208228
31	199	108	0.8028268	0.39829357
31	359	109	0.57668642	-2.7003152
31	434	110	0.75937941	-1.9333263
31	459	111	0.55443016	-1.321608
31	484	112	0.40358449	-0.11762252
32	98	113	0.21528514	-0.12463125
32	115	114	0.380767	-0.93919035
32	122	115	0.32547191	-2.1196467
32	299	116	0.23046099	2.9654491
33	128	117	0.72966201	-2.0771164
33	139	118	0.29093345	-1.7808206
33	342	119	0.27685427	-0.43854796
33	381	120	0.56956162	2.3520915
33	441	121	0.74267793	0.8806245
34	155	122	0.45512399	1.1740717
34	357	123	1.0852163	3.0599498
34	472	124	1.0747815	-0.27714084
35	122	125	0.73067825	1.3321343
35	169	126	0.77222171	2.5560716
35	184	127	0.78441647	-1.6803836
35	227	128	0.74589591	0.304228
35	296	129	0.9547913	-0.27674705
35	420	130	0.96685506	-3.030268
36	185	131	0.38056839	0.39635962
36	202	132	0.14521227	0.59571063
36	440	133	0.35576562	-0.93696915
37	72	134	0.50411261	2.7287389
37	112	135	0.4080968	0.7671876
37	191	136	0.32625118	-3.0047287
37	330	137	0.27459435	-1.736356
37	494	138	0.50929928	-0.49474513
38	63	139	0.36552869	-0.90546469
38	251	140	0.22438291	-1.9798458
39	118	141	0.37019388	-0.54335474
39	319	142	0.35288085	-2.196559
39	416	143	0.38236011	2.0813935
40	59	144	0.78968281	2.2511611
40	84	145	0.59784344	2.94886
40	123	146	0.67979645	0.05691072
40	413	147	0.77222342	-1.0140673
41	42	148	0.38153859	-1.6999676
41	149	149	0.48441084	-2.6801718
41	181	150	0.30830869	-1.6252725
41	290	151	0.28914509	-1.2525273
41	339	152	0.72955601	1.3959049
42	149	153	0.4175989	2.7414119
43	70	154	0.25848362	-2.9120365
43	113	155	0.30103744	0.49189806
44	50	156	0.4759999	-0.97896068
44	208	157	0.46283162	2.6024095
44	471	158	0.51079312	1.3690304
45	166	159	0.40050666	-0.6327769
45	197	160	0.53320128	-0.16432896
45	255	161	0.82879348	-3.0866523
45	406	162	0.51042226	-1.6361319
45	473	163	0.74182332	1.1070792
46	379	164	0.42177408	-1.2268942
46	433	165	0.2891755	1.6524062
46	456	166	0.35145162	1.8762884
46	498	167	0.39469512	-0.35401318
47	464	168	0.41290214	-0.54005278
48	182	169	0.40482487	2.1891358
48	236	170	0.49294743	0.37164512
49	148	171	0.71891424	1.9764299
49	151	172	0.37006312	-1.375494
49	157	173	0.28591407	2.2232577
49	479	174	0.083158025	-2.5285597
50	180	175	0.31519649	-2.7428518
50	431	176	0.4325152	0.16237917
51	152	177	0.6015139	-1.8184715
51	280	178	0.64155674	-0.11067886
51	284	179	0.90565909	1.8199323
51	399	180	0.83107407	-2.433125
51	436	181	0.5827706	0.0077383564
52	190	182	0.59803528	2.2191779
52	225	183	0.67158164	-0.10782793
52	318	184	0.53800704	-2.8799416
52	451	185	0.46086485	-1.5931488
53	235	186	0.30785819	-0.34320822
53	316	187	0.45707538	0.83245948
53	405	188	0.50109212	-3.0444184
53	431	189	0.32426611	2.0456163
54	170	190	0.50456295	0.66074339
54	355	191	0.26451514	2.8905898
54	390	192	0.83412621	0.37425135
54	480	193	0.95595309	-2.7948135
55	113	194	0.65944904	-2.2632706
55	201	195	0.81762826	-0.79459118
55	216	196	0.46059244	-1.2188089
55	264	197	0.67849379	0.78294975
55	291	198	0.60914114	3.1304565
55	450	199	0.5293852	2.3343502
55	497	200	0.71707876	1.6637388
56	203	201	0.48071415	1.1423567
57	95	202	0.8730297	2.1887455
57	150	203	0.70110681	-0.48292408
57	266	204	0.30213782	-2.6720495
57	279	205	0.59953286	-1.1783361
58	69	206	0.82714391	1.8518217
58	231	207	0.52818038	2.5141153
58	325	208	0.35012687	-1.921528
58	369	209	0.48924983	-0.46887914
58	429	210	0.80554231	-1.3059134
59	84	211	0.50738914	-1.7491247
59	123	212	1.3086494	-0.45507292
59	148	213	0.5220437	-2.6962956
59	150	214	1.3059408	2.2918755
59	388	215	0.75157172	2.6300139
60	214	216	0.89769116	-0.44363565
60	222	217	0.41528992	1.766557
60	317	218	0.63887963	2.5357868
60	344	219	0.52870208	0.52342866
60	386	220	0.55747147	-2.1160692
61	82	221	0.42239962	1.1655589
61	185	222	0.24951031	2.7128604
61	202	223	0.45939017	3.0581662
61	288	224	1.1734302	0.35740063
61	343	225	0.84945775	0.93266687
61	373	226	1.022335	-2.2651958
61	445	227	0.67293402	-2.3764416
62	214	228	0.58736926	-2.7551007
62	298	229	0.33504891	2.6151437
62	335	230	0.60031825	-0.42052974
63	184	231	0.48744739	0.40946508
63	251	232	0.32531838	2.8877532
63	262	233	0.51445017	-0.60674523
64	167	234	0.86331761	2.3770825
64	226	235	0.92970667	-1.1475197
64	397	236	0.5716731	2.9513508
64	447	237	0.8599524	0.78576745
65	228	238	0.80839104	0.69557897
65	390	239	0.8004157	-2.7176002
65	394	240	0.15758035	2.8213491
66	146	241	0.5376186	-2.550298
66	314	242	0.35428178	-0.47870178
67	106	243	0.58340984	2.3771318
67	193	244	0.23752555	-0.36145814
67	362	245	0.39985826	1.3725454
67	372	246	0.32053337	3.1180155
68	74	247	0.37005181	-1.2776917
68	110	248	0.50044198	-3.0390749
68	287	249	0.41145783	1.9375989
69	225	250	1.0373366	2.0722992
69	231	251	0.52355193	-1.958977
69	439	252	0.59060283	-0.18102543
70	71	253	0.58126749	-2.8752693
70	113	254	0.55474237	0.37076046
70	195	255	0.77580917	2.6311375
70	396	256	0.75546188	-0.52905567
71	162	257	0.65209956	-2.1718833
71	195	258	0.54455029	1.7857163
72	88	259	0.5871592	-2.9616474
72	191	260	0.28301229	-1.0591909
72	310	261	0.24088703	-2.7147484
72	384	262	0.52542429	0.9614694
73	249	263	0.5927856	2.616915
73	355	264	0.50992744	-0.11542164
74	110	265	0.67641947	2.6770336
74	309	266	0.64960217	0.49488405
74	473	267	0.57493469	-2.5606276
74	486	268	0.65439013	-0.72054992
75	220	269	0.73133566	-1.0637143
75	298	270	0.73837762	2.760843
75	383	271	0.46869945	0.45694965
76	215	272	0.43601641	-1.4110688
76	220	273	0.40731195	2.8284841
76	238	274	0.29093963	2.8961147
77	230	275	0.82164195	2.3206472
77	234	276	0.60696434	1.4786711
77	261	277	0.6337555	-1.7124609
77	469	278	0.84938353	-0.73063845
78	125	279	0.7536087	-3.01528
78	316	280	0.76142227	-2.0382921
78	390	281	0.55865324	0.53825097
79	95	282	0.59937814	1.4764014
79	247	283	0.46797773	-1.5906176
79	266	284	0.38608076	-0.70972547
79	389	285	0.23447949	2.7881682
80	87	286	0.65511963	-2.5142477
80	126	287	0.58798869	0.27855136
80	144	288	0.49114645	0.1493285
80	282	289	0.33449548	1.6805211
80	329	290	0.39835486	-3.0697203
81	233	291	0.37845898	-1.4796334
81	274	292	0.57089786	-2.3758728
81	346	293	0.61986578	1.3354865
82	124	294	0.34598888	-1.7410379
82	185	295	0.48551509	-2.5156032
82	343	296	0.44916841	0.71388771
82	415	297	0.50918351	0.53122708
83	346	298	0.70207345	-1.7694786
83	354	299	0.50382351	-0.72074971
83	369	300	0.83212467	2.0207098
84	148	301	0.46968484	2.5174492
84	157	302	0.31418688	-2.6113184
84	479	303	0.46441243	-1.9350862
85	90	304	0.31641679	-1.0283929
85	178	305	0.53600449	1.4689003
85	226	306	0.42242832	2.8287659
85	284	307	0.54442779	-1.9360042
86	95	308	1.1086958	-1.446799
86	356	309	0.5208096	-2.2609371
86	379	310	0.83054451	1.7137454
86	476	311	0.65875856	0.46104084
86	487	312	0.79017989	2.1302798
87	244	313	0.61468209	1.3757666
87	273	314	0.45642681	-2.9237064
87	321	315	0.41316025	1.4563212
87	326	316	0.79978252	-2.3896093
87	329	317	0.38000153	1.2130831
87	421	318	0.88436033	-1.7240808
87	443	319	0.71808948	0.65584449
88	136	320	0.75438189	2.129298
88	199	321	0.51252283	-2.7592091
88	310	322	0.35844484	0.014953884
88	338	323	0.68236188	-1.3577021
89	168	324	0.77261211	1.471205
89	269	325	0.5639151	-1.2037808
89	315	326	0.31565838	-1.0192081
89	340	327	0.65581488	-1.8068488
89	483	328	0.46593869	1.2458203
90	284	329	0.42943789	-2.5555155
91	160	330	0.47049494	-2.7371088
91	212	331	0.30415477	1.7356727
91	334	332	0.26204471	2.1882908
92	169	333	0.42091311	-0.20338045
92	321	334	0.3195548	1.916045
92	420	335	0.62642369	-1.4186253
92	492	336	0.23505611	1.0794091
93	172	337	0.43018977	2.5054366
93	277	338	0.35962127	-1.8402967
94	298	339	0.44140565	-0.65593325
94	344	340	0.2576048	-3.1051645
94	432	341	0.30242213	-1.7497353
94	460	342	0.37020003	-3.1108295
95	100	343	0.59680499	2.9520676
95	266	344	0.88060406	-1.2990533
95	272	345	0.64711101	0.22195533
95	356	346	0.84122381	2.1617557
95	389	347	0.58501049	-2.0630454
96	127	348	0.19889261	3.0055402
97	385	349	0.41487143	2.0504609
97	391	350	0.79232006	-0.63745213
97	430	351	0.75556564	2.4939654
97	475	352	0.36379488	-1.3588536
98	299	353	0.44559846	2.9903282
98	317	354	0.55242731	0.080393898
98	341	355	0.54498168	3.0374599
99	165	356	0.28949266	-1.1571017
99	247	357	0.43376285	0.30597829
99	293	358	0.31297517	2.1584682
100	269	359	0.60267957	2.0030644
100	462	360	0.49368746	-1.7812656
101	311	361	0.44586482	-0.58174343
101	415	362	0.28014199	-2.4859427
102	156	363	0.41219076	-0.1188247
102	305	364	0.54380259	0.28613855
102	337	365	0.38982052	-2.4740277
102	444	366	0.65558759	2.9805629
103	111	367	1.0980403	2.6856002
103	118	368	0.92405405	-1.3814375
103	146	369	0.7716006	0.95002231
103	167	370	0.89560072	-0.85219276
103	192	371	0.62088782	0.42392211
103	271	372	0.69043314	1.8876651
103	416	373	0.50508969	-2.2822813
104	278	374	0.33859882	3.0967601
104	304	375	0.28646182	1.4064381
104	380	376	0.3174098	-0.12415331
105	415	377	0.49281831	-0.87983756
106	161	378	0.27904645	1.6341607
106	362	379	0.49997216	-0.023563246
106	372	380	0.40882879	-1.3220856
106	472	381	0.79905025	2.5999725
107	206	382	0.32498484	2.5229163
107	219	383	0.51981601	-0.22397791
107	289	384	0.42678723	1.8188111
108	177	385	0.85949785	0.30877195
108	308	386	0.73218915	2.1658634
108	363	387	0.8742173	-2.1695497
109	154	388	0.90493031	1.5962807
109	171	389	0.51390425	-1.523886
109	224	390	0.62542823	0.91073989
109	274	391	0.91718315	-1.1784834
109	361	392	1.0239879	-1.6856992
109	398	393	1.0165955	2.0278481
110	121	394	0.70265174	2.1305206
110	287	395	0.55871651	0.89324467
110	376	396	0.79947258	-3.0325885
110	473	397	0.63092749	-1.3727706
111	271	398	0.78978942	0.2202323
111	296	399	0.96883114	2.8522594
111	386	400	0.86437836	2.1935574
111	457	401	0.83293111	-2.1090082
112	239	402	0.60223399	0.54724499
112	384	403	0.57381872	2.485899
112	494	404	0.54732975	-1.2847141
113	291	405	0.54765068	1.9213682
113	365	406	0.3437116	-0.65665198
113	396	407	0.5977659	-1.3427679
114	175	408	0.33247389	2.9330335
114	204	409	0.48862841	-1.7350287
114	230	410	0.60802048	-0.5150246
114	259	411	0.6163732	1.6289241
115	122	412	0.39573328	3.06662
115	227	413	0.47912967	-1.2649038
116	222	414	0.39230054	-0.2850941
116	317	415	0.16822798	-1.9865399
116	323	416	0.52023502	-3.0885515
116	481	417	0.43911954	-0.78724562
117	121	418	0.41740316	-2.6439032
117	257	419	0.42772046	0.10120981
118	167	420	0.47671295	0.51162202
118	172	421	0.84621965	-1.2782984
118	319	422	0.5320476	-2.9627972
118	397	423	0.54173197	-0.49235493
118	495	424	0.42503088	-2.4432825
119	130	425	0.41164471	-1.5441425
119	409	426	0.4111343	-0.36087761
119	459	427	0.33896313	-3.1035203
119	484	428	0.48284825	1.7260303
120	292	429	0.31161909	-0.97306571
120	293	430	0.60294802	-1.4498736
120	412	431	0.43430281	2.0249622
120	423	432	0.58330969	0.8659568
120	462	433	0.049874627	-0.75330781
121	147	434	0.87165664	-2.4851085
121	250	435	0.28989832	-1.0620485
121	257	436	0.82857415	0.29699732
121	287	437	0.74083913	-0.21786153
121	363	438	0.83317306	1.7070757
121	376	439	0.80216147	-2.1242705
121	378	440	0.93089633	2.2995155
122	299	441	0.3231367	1.748416
122	496	442	0.49607972	1.6743686
123	208	443	0.67865996	-1.2317304
123	265	444	1.1312149	-0.038882986
123	471	445	0.81749458	-0.47961636
124	185	446	0.33957343	2.9743577
124	198	447	0.60615068	0.32506835
124	417	448	0.41882883	-1.0832311
124	440	449	0.60662613	-2.4708419
125	265	450	0.57515878	1.9942369
125	431	451	0.63651783	-1.6516644
125	471	452	0.66929907	2.8520234
126	144	453	0.11913883	-2.3029823
126	253	454	0.61273493	-0.1395962
126	341	455	0.14694185	0.49095413
127	439	456	0.52732593	-2.9077139
128	149	457	0.2869454	-0.31909128
128	228	458	0.72066068	-2.510162
129	322	459	0.57275547	-0.54370003
129	437	460	0.67065032	2.0551364
129	466	461	0.31541705	-1.0240813
130	205	462	0.45620359	-1.2153122
130	211	463	0.45887025	-0.64064964
130	345	464	0.52096956	-2.5131071
130	409	465	0.45887783	0.61920951
130	459	466	0.53024611	2.2909266
131	188	467	0.48319048	-2.9629422
131	209	468	0.56865427	2.3424029
131	303	469	0.5941104	-0.058879041
132	268	470	0.56303022	-2.6190136
132	377	471	0.55493624	-0.64170684
132	400	472	0.63855622	2.5946393
132	428	473	0.48211652	1.3306682
132	444	474	0.57101702	-0.064667938
133	137	475	0.32730564	0.6323951
133	274	476	0.58346968	1.8407199
133	339	477	0.56668459	-1.130397
133	353	478	0.49730094	-3.0968889
134	275	479	0.8102807	0.54650587
134	385	480	0.41666611	-2.1850935
134	430	481	0.69859252	-2.7714508
135	158	482	0.52297524	2.9671156
135	220	483	0.53294044	-0.82988001
136	198	484	0.59371119	1.9470094
136	199	485	0.83443796	-1.661699
136	311	486	0.9327838	1.2437319
136	417	487	0.59643408	-3.1224357
137	233	488	0.38855498	1.5027779
137	248	489	0.62866047	1.1470813
137	274	490	0.55868874	2.420428
137	339	491	0.70643191	-1.6025547
137	441	492	0.34056281	-1.6557229
137	482	493	0.26555289	0.1642481
138	446	494	0.56125639	0.81687188
138	468	495	0.38511374	1.8650833
138	476	496	0.64783375	-1.4735742
138	498	497	0.44169979	2.8083585
140	258	498	0.52181389	-2.9007184
140	413	499	0.39385279	2.2436436
140	470	500	0.69737918	-0.77133587
140	480	501	0.96175942	0.19402741
141	168	502	0.28748837	-2.3154733
141	433	503	0.56207283	0.90300338
141	483	504	0.55246664	-1.795114
141	487	505	0.449836	-1.0780817
142	173	506	0.42206298	-2.018511
142	281	507	0.59976983	-1.5619207
142	319	508	0.53222522	1.4401549
142	392	509	0.39490209	2.0903439
142	495	510	0.43967485	0.91716273
143	247	511	0.65373753	2.299001
143	266	512	0.71667561	1.7573852
143	279	513	0.46493902	0.66527692
143	349	514	0.57706571	-0.41553521
143	410	515	0.43174866	3.112248
143	426	516	0.4386936	-2.3042011
143	437	517	0.84702708	-1.1862449
144	174	518	0.79359188	-0.37812189
144	282	519	0.58318331	2.6806147
145	191	520	0.2719401	1.7042461
145	217	521	0.30268499	-1.5557767
145	330	522	0.24559174	0.17680236
146	183	523	0.54786263	0.46232253
146	192	524	0.39023547	-1.2659833
146	200	525	0.47370244	2.3416026
146	238	526	0.56582241	0.12511676
146	241	527	0.32968252	1.0574846
146	271	528	0.66455493	3.0988164
147	232	529	0.39435304	-2.2343528
147	256	530	0.30595269	-1.0155389
147	376	531	0.30803559	-0.51008372
147	391	532	0.82199347	-2.8646722
148	157	533	0.44715599	-1.3220308
148	349	534	0.77087902	2.5063503
148	388	535	0.62075654	1.8720925
149	181	536	0.42703247	-0.21757808
149	228	537	0.91765279	-2.7674366
149	342	538	0.69502302	1.0726947
150	272	539	1.2794471	1.9684679
150	279	540	0.45335432	-2.613658
150	388	541	0.64690275	-1.2453646
151	479	542	0.34480858	1.9883577
152	242	543	0.48915341	-1.827379
152	399	544	0.48547801	3.0541385
152	404	545	0.39137066	-1.0611576
153	350	546	0.41621659	2.873424
154	224	547	0.5777997	-0.7903265
154	325	548	0.59530038	1.3165307
154	429	549	0.49754536	0.25920017
155	307	550	0.84677704	1.7950333
155	357	551	1.3003656	-2.8839992
155	375	552	0.85058487	0.31767235
155	403	553	0.75228834	1.1554169
155	472	554	1.1160559	-0.69399328
156	305	555	0.23147709	1.0637344
156	336	556	0.80054187	0.24492817
156	337	557	0.74085915	-2.8787918
157	479	558	0.29459752	-1.2042729
158	298	559	0.46060312	1.9392715
158	332	560	0.71886148	-0.78710763
158	432	561	0.69672063	2.5277748
158	478	562	0.48465168	-2.3083651
159	447	563	0.50938759	-2.8004865
160	334	564	0.48775483	0.95732167
160	347	565	0.54516698	1.5678234
160	425	566	0.40024571	1.6506695
160	441	567	0.90612459	-2.1572041
161	362	568	0.59334985	-0.51117145
161	451	569	0.37460306	0.80690894
161	472	570	0.68023357	2.9441385
162	276	571	0.54946968	-3.1089401
162	453	572	0.57696907	-1.3227985
163	230	573	0.87660662	-1.5558156
163	259	574	0.55315311	3.0722829
163	294	575	0.18152603	0.12566228
163	359	576	0.76705411	1.320443
163	434	577	0.52305913	0.5635636
164	186	578	0.36485083	-2.5134368
164	357	579	0.78230273	-0.41190464
164	421	580	0.70515472	2.6481951
165	293	581	0.60019328	2.0748787
165	410	582	0.31109825	-0.25851366
165	426	583	0.60599809	-0.76140848
166	197	584	0.25222894	0.63505427
167	194	585	0.52538814	1.306894
167	397	586	0.49334835	-1.4453723
168	175	587	0.57787327	-1.5019725
169	313	588	0.49675515	1.9898492
169	420	589	0.62129184	-2.1067726
169	477	590	0.53848584	1.0608938
169	492	591	0.41977862	2.3714667
170	390	592	0.37804799	-0.012474721
170	406	593	0.48843605	0.79163662
170	442	594	0.35230799	2.9896025
171	361	595	0.52338695	-1.8445556
172	277	596	0.65216029	-1.1769048
172	397	597	0.60133608	1.1722191
172	424	598	0.60840585	-1.9012173
172	474	599	0.46655862	-2.3931517
173	281	600	0.28886445	-0.86195748
173	367	601	0.41249934	-2.715012
174	253	602	0.30069833	1.7416097
174	286	603	0.4844562	0.047162916
174	307	604	0.74068619	-0.79541512
175	204	605	0.60307064	-1.151754
176	189	606	0.5693579	0.66689111
176	305	607	0.59885997	-2.4772095
176	336	608	0.42384181	-1.098655
176	380	609	0.51031822	1.928202
177	277	610	0.70505424	1.1400056
177	295	611	0.87279849	-1.564017
177	424	612	0.68473398	1.7965298
177	448	613	0.78180471	0.23298061
178	226	614	0.60904343	-2.4180309
179	190	615	0.35378374	-1.8996722
179	351	616	0.2500327	-0.39877784
179	478	617	0.26432636	-2.9509247
180	382	618	0.54520052	2.4768527
180	405	619	0.39432708	-0.37575982
180	470	620	0.15454269	-2.4930072
181	290	621	0.1122958	0.30039023
182	292	622	0.52195665	1.2871898
182	364	623	0.30564227	-0.81871964
183	314	624	0.2911692	-0.37950144
184	237	625	0.6362444	-1.0601152
184	262	626	0.48801642	-1.621076
185	202	627	0.23996133	-2.8653613
185	440	628	0.45574243	-1.8838844
186	288	629	0.91994041	3.1291343
186	357	630	1.0168867	-0.097306097
186	421	631	0.6378852	2.1069349
187	196	632	0.47305136	-2.7356407
187	392	633	0.43106853	-0.41003665
187	402	634	0.22922791	-2.8184747
187	407	635	0.44611966	1.1105965
189	232	636	0.48690895	1.2069648
189	255	637	0.7671931	-0.95283079
189	336	638	0.77279391	-1.9065369
189	376	639	0.92076739	0.73186663
189	380	640	0.63844033	2.943099
189	391	641	0.6579688	2.1763291
190	351	642	0.41871548	0.60380355
190	375	643	0.63234676	-2.9908363
190	478	644	0.31964754	2.0425774
191	310	645	0.38686652	2.7516882
191	330	646	0.35843804	-0.68339004
192	194	647	0.45188646	-1.2071631
192	348	648	0.52734113	0.57883246
193	362	649	0.49716121	1.8634396
195	217	650	0.45344265	1.6878258
195	338	651	0.83084584	2.4999453
196	254	652	0.44263195	1.9254819
196	264	653	0.55030675	-1.9847796
196	402	654	0.2453436	0.48333373
196	408	655	0.24131726	-3.1286449
197	452	656	0.51736708	0.41738874
198	311	657	0.61463497	0.56897832
198	415	658	0.41255404	1.7579903
199	338	659	0.78131455	-0.65458621
199	484	660	0.49369986	-2.3281966
200	214	661	0.59560431	2.5951602
200	241	662	0.49473641	-0.10655311
200	271	663	0.45657625	-2.3910793
201	216	664	0.44072246	2.7916773
201	308	665	0.73494161	0.20879724
201	489	666	0.79203941	-1.3988733
203	360	667	0.60016633	1.7467316
203	458	668	0.40284773	0.92758534
203	461	669	0.4033313	-0.59430125
204	423	670	0.79197681	-1.1391941
205	211	671	0.259339	0.63295425
205	276	672	0.69522111	-0.58822503
205	345	673	0.5927642	2.9353433
206	289	674	0.27628179	0.95323692
206	426	675	0.42394098	1.3641535
207	278	676	0.67922055	0.40222834
207	428	677	0.66330584	-2.8682053
208	382	678	0.42258633	-1.7057631
209	210	679	0.72846387	1.3670525
210	353	680	0.85639877	0.83006166
210	361	681	1.1398811	1.1639413
211	276	682	0.65350692	-0.97028708
211	409	683	0.54063425	1.5600649
212	280	684	0.33134234	2.902157
212	334	685	0.13350817	-2.4379801
212	436	686	0.40700727	2.7536867
213	249	687	0.52318205	0.41348933
213	455	688	0.25038029	2.9177792
213	493	689	0.48160778	3.0641354
214	271	690	0.64507353	-1.2961266
215	220	691	0.7195632	2.2586864
215	225	692	0.50688863	-2.8361514
215	238	693	0.61218476	2.1825212
215	312	694	0.82567495	-0.87812623
215	419	695	0.24464592	1.1276273
216	365	696	0.41934358	-2.3942348
217	330	697	0.41938238	0.96959373
217	338	698	0.61444962	3.0651353
217	395	699	0.52945357	-0.13553274
218	290	700	0.48140431	-2.0013351
218	339	701	0.57940794	1.8585864
219	263	702	0.46304013	1.6399642
219	360	703	0.66574643	-0.43307008
219	437	704	0.26971174	1.8455604
220	225	705	0.70885207	-1.6082885
220	270	706	0.57331864	1.1778064
220	332	707	0.36816981	-3.0731883
221	261	708	0.35295903	0.3416735
222	317	709	0.44653782	-3.0438776
222	344	710	0.5573724	-0.25961968
223	312	711	0.34324977	-1.320741
223	419	712	0.62310149	2.1430486
223	447	713	0.5579173	-1.5413551
224	346	714	0.62571016	-0.58040512
224	429	715	0.54321529	1.4334442
225	332	716	0.76344626	2.0334411
225	366	717	0.50096371	-2.1337535
226	284	718	0.67139028	-1.2566105
226	448	719	0.80518072	-2.1789932
227	296	720	0.52662449	-1.1672056
227	386	721	0.63392049	-0.092611712
228	394	722	0.90142828	-2.5951409
228	486	723	0.56350214	1.6551276
229	265	724	1.1934055	-2.8227707
230	423	725	0.94371238	-1.8695163
231	325	726	0.7089563	-1.1225219
231	362	727	0.84649728	2.5881462
232	376	728	0.53622773	0.30353396
232	391	729	0.55448741	2.9859657
233	248	730	0.29703727	0.67410481
233	274	731	0.44639967	-3.0995175
234	345	732	0.63793246	1.3374144
235	316	733	0.44200119	1.5306618
236	246	734	0.74135134	1.7551833
236	260	735	0.43813645	-1.2122613
236	364	736	0.49052742	-2.9935649
237	239	737	0.54894166	-1.7855627
237	262	738	0.34226099	2.9425743
237	414	739	0.64485347	-0.23902071
238	241	740	0.45443628	2.6448085
238	314	741	0.21000382	0.31913126
238	335	742	0.63488338	2.07776
238	419	743	0.53558773	-0.55046663
239	262	744	0.6423101	1.917928
239	497	745	0.8034668	-0.88175282
240	254	746	0.25670136	-1.0880281
240	328	747	0.4231648	-2.039153
240	414	748	0.27922221	2.802235
240	457	749	0.44787428	0.82151219
242	381	750	0.72729149	-2.3809387
242	399	751	0.6285025	2.1797065
242	404	752	0.34141297	0.39539934
242	441	753	0.48104876	-0.76480128
243	301	754	0.54651902	3.0540969
243	337	755	0.62479975	0.57399016
243	360	756	0.85291397	-3.0449303
243	377	757	0.39478319	1.4222593
243	455	758	0.76982332	-0.031298932
243	458	759	0.61268709	-2.5318291
243	493	760	0.53510001	-0.079312729
244	282	761	0.39158977	0.29542106
244	488	762	0.39161724	1.3725161
245	449	763	0.27196781	-1.4407926
245	491	764	0.35099707	1.2007396
246	261	765	0.61587543	0.50566594
246	292	766	0.41908988	-2.9572395
246	423	767	0.65923092	1.8940782
247	266	768	0.37158133	0.62133616
247	389	769	0.58808729	1.9372428
247	410	770	0.47527571	-1.5633908
248	346	771	0.80357611	1.7232078
248	425	772	0.30232568	0.92426362
248	482	773	0.52965752	-1.5641782
249	336	774	0.79310613	0.84893678
249	455	775	0.73957502	-2.9309363
252	261	776	0.83519068	2.3241377
252	352	777	0.63028787	-0.4768328
252	401	778	0.62176357	-1.0328171
252	469	779	0.68651798	1.3494495
253	286	780	0.60087534	-0.47252928
253	323	781	0.31464263	1.022797
254	328	782	0.34465918	-2.6905739
254	408	783	0.42727568	-1.7772156
254	457	784	0.58557373	1.2477676
255	297	785	0.38372351	-1.9043943
255	336	786	0.70684931	-2.9934404
256	376	787	0.15353845	0.79484961
257	287	788	0.40847419	-1.7404612
257	295	789	0.80666309	1.0347507
257	302	790	0.73389658	-0.28089243
260	289	791	0.41204235	-1.5774366
261	423	792	0.81646204	2.7298451
261	469	793	0.72459422	0.083695753
263	268	794	0.64873249	-0.34176063
263	289	795	0.5834862	3.0260776
264	367	796	0.78461963	-0.49852349
264	408	797	0.50109213	1.610582
264	497	798	0.59595051	2.7355396
265	471	799	0.52455958	-2.4532028
266	279	800	0.65025281	-0.696658
267	352	801	0.53950798	-2.1828089
267	449	802	0.5929713	0.95113624
268	301	803	0.51353725	-0.87397896
269	315	804	0.26015053	1.7132439
269	356	805	0.37194307	0.1047244
270	383	806	0.35201276	2.0239079
272	476	807	1.2634549	1.7124558
273	326	808	0.46858617	-1.870791
274	353	809	0.67686604	-2.0991517
274	361	810	0.49788892	-2.7937119
275	378	811	0.77172904	-0.19560546
275	396	812	0.69071701	1.9128534
275	463	813	0.24910633	-1.3912461
275	490	814	0.390091	0.6440618
276	491	815	0.83872063	-1.0381597
277	424	816	0.4484782	3.0819672
277	448	817	0.65507429	-0.77878811
278	380	818	0.65549329	-0.083211239
278	465	819	0.54182737	1.953506
279	349	820	0.54464889	-1.2684622
279	388	821	0.71136834	-0.5711594
280	334	822	0.27504438	-0.64317996
280	436	823	0.093233447	2.2001344
281	308	824	0.65677937	-2.308707
281	367	825	0.56566288	3.0555583
281	424	826	0.65497759	-0.25263341
281	474	827	0.49870233	0.19021182
282	488	828	0.40169877	2.4047062
283	331	829	0.51314897	-2.9872066
283	418	830	0.53476354	0.67721806
283	446	831	0.42093863	-0.60857514
283	468	832	0.31899945	-2.0621959
284	448	833	0.66793039	-3.1082434
285	306	834	0.4094619	0.83668604
285	433	835	0.36117882	-1.1731312
285	456	836	0.2917994	-1.3715974
285	500	837	0.16680278	0.097184122
286	307	838	0.55288493	-1.5082575
286	324	839	0.49945478	-0.18309659
286	481	840	0.52622456	0.51362672
287	302	841	0.79931574	0.25182021
288	421	842	0.80071809	0.7349496
290	303	843	0.53316419	-2.5336722
291	395	844	0.53591235	3.0621951
291	494	845	0.58881052	2.1618809
292	393	846	0.57973002	-1.6580973
292	423	847	0.73054965	1.2898386
293	393	848	0.24223309	-1.3540629
293	462	849	0.56559758	1.6351134
294	434	850	0.3668282	0.77497219
295	320	851	0.59038133	-0.48579656
296	327	852	0.51035464	-1.0654321
297	336	853	0.62891722	2.718486
297	442	854	0.45665977	-1.0470087
298	344	855	0.6604929	2.7372773
298	432	856	0.40462807	-3.0713953
299	477	857	0.51346353	-2.8830501
299	496	858	0.17546459	1.5377019
300	315	859	0.34639186	-1.9574841
300	356	860	0.60604998	-1.0975847
300	483	861	0.41649033	1.9322424
300	487	862	0.56425399	1.2303852
301	360	863	0.33112202	-2.7378896
302	309	864	0.63115377	-1.4882515
302	320	865	0.66214284	1.2177558
302	381	866	0.72196171	-0.69597445
302	399	867	0.90962119	0.65493924
304	380	868	0.4189272	-0.87635214
304	391	869	0.52777474	0.17747867
304	465	870	0.63280159	2.7607685
304	475	871	0.21299854	1.7630976
306	373	872	0.34756062	1.0390295
306	433	873	0.65102275	-1.7787941
306	445	874	0.70874359	1.0622749
306	500	875	0.3075101	-1.930678
307	403	876	0.5106608	-0.27213749
308	367	877	0.54822628	1.7946996
309	370	878	0.45392381	-1.3224292
309	381	879	0.52878992	0.31958415
311	415	880	0.59918962	3.0174418
311	420	881	1.1486857	0.70006451
311	427	882	0.41053805	-0.2271735
312	439	883	0.53740803	-1.442146
312	499	884	0.2766638	0.088858725
313	321	885	0.32545328	-2.9309188
313	411	886	0.40954673	2.4033147
313	477	887	0.46524073	0.034855451
313	492	888	0.18954378	-2.1215839
314	348	889	0.29903036	-2.3135783
314	419	890	0.43108277	-0.93186613
315	356	891	0.46186414	-0.49311905
316	431	892	0.45858216	-3.0331033
317	323	893	0.46889589	2.8688311
318	375	894	0.69932187	2.3013228
318	451	895	0.60240943	-0.56311584
318	472	896	0.61971291	-2.3083557
319	392	897	0.32345426	-2.5330964
319	407	898	0.60290741	2.4453853
319	495	899	0.26669351	-0.7339884
320	358	900	0.58278187	1.0780848
320	399	901	0.49703929	-0.13570805
321	411	902	0.34403199	1.5261779
321	492	903	0.23816004	-0.40324045
322	360	904	0.37241658	1.913006
322	466	905	0.3272873	3.0594655
323	341	906	0.6511739	-2.9655662
324	333	907	0.39781789	0.61932137
324	368	908	0.32174901	-0.20422222
324	403	909	0.59916837	-1.5118208
324	481	910	0.35102715	1.6643194
325	429	911	0.55763652	-0.93488526
326	343	912	0.94676917	-2.4650011
326	421	913	0.55591427	-0.63034475
327	457	914	0.60153825	-1.1339096
328	408	915	0.34838266	-0.87758011
328	414	916	0.47606058	1.7231993
328	497	917	0.61430675	-2.0902385
330	494	918	0.49433599	0.058739969
331	456	919	0.42753427	3.0347678
331	468	920	0.40994096	-0.51621796
331	498	921	0.42943988	-1.4521641
331	500	922	0.47046933	2.3096231
332	351	923	0.35867149	2.8488811
333	368	924	0.29631168	-1.6007336
333	432	925	0.46578469	-0.24280202
333	460	926	0.22097152	0.90825664
333	481	927	0.37590235	2.8206945
334	422	928	0.4726975	1.8687332
337	377	929	0.46904588	3.0322643
337	444	930	0.48608736	2.3482313
337	493	931	0.38175418	-1.5478794
338	409	932	0.71062326	-2.3506642
339	441	933	0.36679713	1.5884003
340	374	934	0.36140167	-1.9738894
340	412	935	0.56725142	-1.0583087
341	443	936	0.67978641	-2.8772739
341	477	937	0.41293684	-2.8447637
342	441	938	0.72514322	1.2593856
345	434	939	0.62846129	2.131689
346	347	940	0.52866	-0.87791757
346	422	941	0.48871012	-0.20865748
346	425	942	0.63107001	-1.067946
346	429	943	0.98894997	2.0419137
347	422	944	0.33624841	1.1399661
350	359	945	0.79500035	-1.2501219
350	438	946	0.37454035	-3.1242227
350	440	947	0.69393024	1.0914721
350	485	948	0.60401695	-2.6470775
352	401	949	0.34369252	-2.3494734
352	428	950	0.63619058	-0.87013211
353	361	951	0.43379346	1.867545
354	422	952	0.45865963	-1.6559119
355	442	953	0.42688958	0.77039729
358	399	954	0.61985885	-1.2134779
358	448	955	0.81660675	1.6234485
359	434	956	0.52783611	-1.0727842
360	437	957	0.86571265	2.4695485
360	458	958	0.43851485	-0.65911289
360	466	959	0.3813727	-2.1265701
362	366	960	0.54721164	1.2888557
362	451	961	0.61744701	2.0025465
363	378	962	0.5233577	-2.8886479
363	489	963	0.63861662	2.4731993
365	396	964	0.39689949	-1.9235016
366	451	965	0.41212714	3.0561252
368	403	966	0.60184156	-2.0542257
368	432	967	0.49642787	0.38012605
369	429	968	0.60034651	-1.9559655
369	439	969	0.91340459	1.6638757
370	486	970	0.35615788	-2.1385251
371	438	971	0.46119797	-1.5164522
372	387	972	0.77551728	-0.97898719
372	472	973	1.126891	2.3418505
373	433	974	0.98674018	-1.8910895
373	438	975	0.4402835	-2.7537919
374	412	976	0.45005902	-0.36807219
375	403	977	0.65809284	2.4442208
375	478	978	0.61194635	0.66935136
377	444	979	0.32074176	1.1695265
378	489	980	0.52676948	1.5603433
378	490	981	0.58797571	2.429436
379	433	982	0.70505767	1.8081485
379	454	983	0.33405248	-0.53815155
379	498	984	0.34600624	0.85132762
380	391	985	0.48527525	1.026247
382	413	986	0.57098131	2.449233
385	430	987	0.42038722	2.9312458
387	398	988	0.75167923	-0.98007093
389	462	989	0.43756915	2.8033614
390	394	990	0.69277218	0.57869485
391	475	991	0.57205507	2.9375872
394	406	992	0.61535426	-3.0982563
396	490	993	0.68481955	-0.65372604
400	401	994	0.37793182	1.5482963
401	428	995	0.69492787	-0.35516517
405	431	996	0.48622319	0.76580795
405	470	997	0.49265975	3.0371587
407	416	998	0.53572816	0.44985847
407	457	999	0.71276882	2.5728875
410	426	1000	0.36557908	-1.1840147
412	423	1001	0.57103014	0.094777282
412	462	1002	0.48124819	-1.0797918
414	457	1003	0.61500966	0.39203249
418	435	1004	0.71521482	0.36733509
418	446	1005	0.58015641	-1.6941562
418	464	1006	0.60276768	2.3324722
424	474	1007	0.295702	2.0812776
426	437	1008	0.76469211	-0.64422947
428	444	1009	0.67998858	-0.83743758
430	449	1010	0.75691038	-2.7016692
430	453	1011	0.56163528	2.1950243
430	491	1012	0.65361799	2.7080721
432	460	1013	0.42649207	2.4059395
433	456	1014	0.094610545	2.6221293
433	487	1015	0.84851721	-1.7309166
434	459	1016	0.44124674	0.40218282
435	446	1017	1.1131856	-2.2966308
438	467	1018	0.52056739	-2.279178
438	485	1019	0.32123928	-2.0820434
441	482	1020	0.48073472	0.9209716
446	468	1021	0.49754744	-3.0598953
446	476	1022	1.1018219	-1.866702
447	499	1023	0.42511595	0.62766745
449	465	1024	0.93923879	-0.51548921
449	469	1025	1.0641567	3.1089384
449	491	1026	0.60391043	1.4183844
450	494	1027	0.58228323	2.9458075
450	497	1028	0.44681597	0.83614032
452	486	1029	0.52302185	0.94778632
453	491	1030	0.32091408	-2.5417696
454	476	1031	0.55284832	-0.70386374
454	498	1032	0.43546051	1.7062945
455	493	1033	0.23673718	-3.0641932
460	481	1034	0.49577149	-3.0290973
465	475	1035	0.54738296	-0.047756197
467	485	1036	0.21496383	0.56537466
468	498	1037	0.37902613	-2.5090576
483	487	1038	0.36458773	0.40095052
489	490	1039	0.47257898	-2.8352496
405	1	1040	0.36279075	-2.2925302
470	1	1041	0.40916674	-0.91259756
28	2	1042	0.89860572	-2.317398
78	2	1043	0.84763536	0.85739673
229	2	1044	0.4367532	-0.38138434
64	3	1045	0.5935777	-1.9332783
93	3	1046	0.27975499	0.55187321
277	3	1047	0.59572965	0.97567247
20	4	1048	0.44607316	-0.58743489
48	4	1049	0.2938232	-0.84049787
165	4	1050	0.20761491	-1.0826779
260	4	1051	0.41721415	3.1119347
289	4	1052	0.5930934	2.3441401
393	4	1053	0.57917771	-0.95366287
426	4	1054	0.41422656	2.5391205
141	5	1055	0.48765531	1.603311
168	5	1056	0.72134848	1.3200478
433	5	1057	0.366823	3.0156863
438	5	1058	0.77166339	-1.9241069
467	5	1059	0.33639887	-1.3560573
49	6	1060	0.65220642	-0.90541445
140	6	1061	0.95205512	2.9524918
151	6	1062	0.3632683	-0.42580846
258	6	1063	0.52492671	2.5252344
322	6	1064	0.73918263	-0.25863367
461	6	1065	0.48675541	0.60503875
92	7	1066	0.4861509	2.1890941
321	7	1067	0.19815362	2.6390042
309	8	1068	0.38455533	-0.88284017
370	8	1069	0.19494557	0.8228248
242	9	1070	0.4392249	-0.25649181
404	9	1071	0.26658621	-1.1463458
215	10	1072	0.66417098	-0.91649361
439	10	1073	0.66948079	1.8616699
60	11	1074	0.65329536	-3.0336046
98	11	1075	0.57770387	-0.74070857
115	11	1076	0.4292805	-0.25743021
227	11	1077	0.44065891	0.90886456
386	11	1078	0.54302006	2.2964378
248	12	1079	0.40548804	0.020986468
425	12	1080	0.32256152	-0.80628972
236	13	1081	0.75902213	-0.3216413
252	13	1082	0.70523383	-1.9394179
260	13	1083	0.59141366	0.2921445
263	13	1084	0.64970083	1.5869691
400	13	1085	0.61870944	2.7187088
401	13	1086	0.58596344	-2.9284981
63	14	1087	0.4943257	-2.6466797
251	14	1088	0.33850571	-1.9335473
384	14	1089	0.63514031	1.7401408
427	14	1090	0.54259901	-0.51790415
170	15	1091	0.38264997	2.0410819
255	15	1092	0.54606723	-1.0374964
297	15	1093	0.41738279	-0.26091043
406	15	1094	0.51664931	-3.1291753
442	15	1095	0.33672465	1.0247959
139	16	1096	0.41540405	2.8739135
381	16	1097	0.5821773	-1.6743523
486	16	1098	0.61595221	0.56032133
67	17	1099	0.65725818	-1.1050245
154	17	1100	0.94901609	2.3416612
193	17	1101	0.50851359	-1.4267316
372	17	1102	0.85602825	-0.76819378
398	17	1103	0.71318535	1.9075639
168	18	1104	0.56119318	1.3823554
259	18	1105	0.62296439	1.9387319
467	18	1106	0.47620854	-1.5753668
485	18	1107	0.61923845	-1.8719661
61	19	1108	0.7602765	-2.6423271
202	19	1109	0.45365241	-2.0512767
371	19	1110	0.43835833	0.2952973
373	19	1111	0.42180368	1.6022287
438	19	1112	0.70805974	0.98012244
165	20	1113	0.28127614	2.9125693
293	20	1114	0.46195886	-1.5362317
393	20	1115	0.22799708	-1.7299151
68	21	1116	0.4775262	0.33955356
302	21	1117	0.45937278	-1.9646458
309	21	1118	0.3067161	2.4104435
186	22	1119	0.63326151	-1.6493806
357	22	1120	1.1878417	-2.6767258
435	22	1121	1.2917763	0.68538955
36	23	1122	0.38842331	-1.9590425
350	23	1123	0.54418685	1.6401541
440	23	1124	0.36508219	-2.9406985
230	24	1125	0.66754635	1.1208882
294	24	1126	0.32264842	-1.1785359
345	24	1127	0.47358219	-3.0937646
434	24	1128	0.57189373	-1.8158306
117	25	1129	0.36623839	2.186221
363	25	1130	0.42323351	-0.88347368
31	26	1131	0.70057046	1.7701576
153	26	1132	0.37041655	0.8941439
417	26	1133	0.57063773	-2.2493068
440	26	1134	0.53785231	-0.94907672
111	27	1135	0.38332549	1.3035837
188	28	1136	0.59055772	2.7123489
209	28	1137	0.66390217	-2.759264
210	28	1138	1.2273586	-2.242034
229	28	1139	1.1307466	0.45509351
445	29	1140	0.15564777	-0.62192753
464	29	1141	0.3979434	2.2332441
96	30	1142	0.47797124	-2.8270943
178	30	1143	0.71106443	1.3402464
312	30	1144	0.66946164	-1.064852
439	30	1145	0.26085938	-0.20312226
153	31	1146	0.54381088	-0.82076987
199	31	1147	0.8028268	-2.7432991
359	31	1148	0.57668642	0.44127749
434	31	1149	0.75937941	1.2082664
459	31	1150	0.55443016	1.8199847
484	31	1151	0.40358449	3.0239701
98	32	1152	0.21528514	3.0169614
115	32	1153	0.380767	2.2024023
122	32	1154	0.32547191	1.021946
299	32	1155	0.23046099	-0.17614358
128	33	1156	0.72966201	1.0644762
139	33	1157	0.29093345	1.360772
342	33	1158	0.27685427	2.7030447
381	33	1159	0.56956162	-0.78950115
441	33	1160	0.74267793	-2.2609682
155	34	1161	0.45512399	-1.967521
357	34	1162	1.0852163	-0.081642821
472	34	1163	1.0747815	2.8644518
122	35	1164	0.73067825	-1.8094584
169	35	1165	0.77222171	-0.58552104
184	35	1166	0.78441647	1.461209
227	35	1167	0.74589591	-2.8373647
296	35	1168	0.9547913	2.8648456
420	35	1169	0.96685506	0.11132467
185	36	1170	0.38056839	-2.745233
202	36	1171	0.14521227	-2.545882
440	36	1172	0.35576562	2.2046235
72	37	1173	0.50411261	-0.41285374
112	37	1174	0.4080968	-2.3744051
191	37	1175	0.32625118	0.13686391
330	37	1176	0.27459435	1.4052367
494	37	1177	0.50929928	2.6468475
63	38	1178	0.36552869	2.236128
251	38	1179	0.22438291	1.1617468
118	39	1180	0.37019388	2.5982379
319	39	1181	0.35288085	0.94503363
416	39	1182	0.38236011	-1.0601992
59	40	1183	0.78968281	-0.89043158
84	40	1184	0.59784344	-0.19273261
123	40	1185	0.67979645	-3.0846819
413	40	1186	0.77222342	2.1275254
42	41	1187	0.38153859	1.441625
149	41	1188	0.48441084	0.46142082
181	41	1189	0.30830869	1.5163201
290	41	1190	0.28914509	1.8890653
339	41	1191	0.72955601	-1.7456878
149	42	1192	0.4175989	-0.40018079
70	43	1193	0.25848362	0.22955615
113	43	1194	0.30103744	-2.6496946
50	44	1195	0.4759999	2.162632
208	44	1196	0.46283162	-0.5391832
471	44	1197	0.51079312	-1.7725622
166	45	1198	0.40050666	2.5088158
197	45	1199	0.53320128	2.9772637
255	45	1200	0.82879348	0.05494039
406	45	1201	0.51042226	1.5054607
473	45	1202	0.74182332	-2.0345135
379	46	1203	0.42177408	1.9146984
433	46	1204	0.2891755	-1.4891864
456	46	1205	0.35145162	-1.2653043
498	46	1206	0.39469512	2.7875795
464	47	1207	0.41290214	2.6015399
182	48	1208	0.40482487	-0.95245687
236	48	1209	0.49294743	-2.7699475
148	49	1210	0.71891424	-1.1651628
151	49	1211	0.37006312	1.7660986
157	49	1212	0.28591407	-0.918335
479	49	1213	0.083158025	0.613033
180	50	1214	0.31519649	0.3987409
431	50	1215	0.4325152	-2.9792135
152	51	1216	0.6015139	1.3231211
280	51	1217	0.64155674	3.0309138
284	51	1218	0.90565909	-1.3216603
399	51	1219	0.83107407	0.70846762
436	51	1220	0.5827706	-3.1338543
190	52	1221	0.59803528	-0.92241479
225	52	1222	0.67158164	3.0337647
318	52	1223	0.53800704	0.26165108
451	52	1224	0.46086485	1.5484439
235	53	1225	0.30785819	2.7983844
316	53	1226	0.45707538	-2.3091332
405	53	1227	0.50109212	0.097174243
431	53	1228	0.32426611	-1.0959763
170	54	1229	0.50456295	-2.4808493
355	54	1230	0.26451514	-0.25100281
390	54	1231	0.83412621	-2.7673413
480	54	1232	0.95595309	0.34677919
113	55	1233	0.65944904	0.878322
201	55	1234	0.81762826	2.3470015
216	55	1235	0.46059244	1.9227838
264	55	1236	0.67849379	-2.3586429
291	55	1237	0.60914114	-0.0111362
450	55	1238	0.5293852	-0.8072425
497	55	1239	0.71707876	-1.4778538
203	56	1240	0.48071415	-1.9992359
95	57	1241	0.8730297	-0.95284713
150	57	1242	0.70110681	2.6586686
266	57	1243	0.30213782	0.46954317
279	57	1244	0.59953286	1.9632566
69	58	1245	0.82714391	-1.289771
231	58	1246	0.52818038	-0.62747738
325	58	1247	0.35012687	1.2200647
369	58	1248	0.48924983	2.6727135
429	58	1249	0.80554231	1.8356792
84	59	1250	0.50738914	1.3924679
123	59	1251	1.3086494	2.6865197
148	59	1252	0.5220437	0.44529708
150	59	1253	1.3059408	-0.84971714
388	59	1254	0.75157172	-0.51157876
214	60	1255	0.89769116	2.697957
222	60	1256	0.41528992	-1.3750357
317	60	1257	0.63887963	-0.60580583
344	60	1258	0.52870208	-2.618164
386	60	1259	0.55747147	1.0255234
82	61	1260	0.42239962	-1.9760338
185	61	1261	0.24951031	-0.42873228
202	61	1262	0.45939017	-0.083426501
288	61	1263	1.1734302	-2.784192
343	61	1264	0.84945775	-2.2089258
373	61	1265	1.022335	0.87639681
445	61	1266	0.67293402	0.76515105
214	62	1267	0.58736926	0.38649198
298	62	1268	0.33504891	-0.52644892
335	62	1269	0.60031825	2.7210629
184	63	1270	0.48744739	-2.7321276
251	63	1271	0.32531838	-0.2538395
262	63	1272	0.51445017	2.5348474
167	64	1273	0.86331761	-0.76451015
226	64	1274	0.92970667	1.994073
397	64	1275	0.5716731	-0.1902418
447	64	1276	0.8599524	-2.3558252
228	65	1277	0.80839104	-2.4460137
390	65	1278	0.8004157	0.42399249
394	65	1279	0.15758035	-0.32024354
146	66	1280	0.5376186	0.59129464
314	66	1281	0.35428178	2.6628909
106	67	1282	0.58340984	-0.76446085
193	67	1283	0.23752555	2.7801345
362	67	1284	0.39985826	-1.7690473
372	67	1285	0.32053337	-0.023577125
74	68	1286	0.37005181	1.863901
110	68	1287	0.50044198	0.10251779
287	68	1288	0.41145783	-1.2039938
225	69	1289	1.0373366	-1.0692935
231	69	1290	0.52355193	1.1826157
439	69	1291	0.59060283	2.9605672
71	70	1292	0.58126749	0.26632332
113	70	1293	0.55474237	-2.7708322
195	70	1294	0.77580917	-0.51045515
396	70	1295	0.75546188	2.612537
162	71	1296	0.65209956	0.96970937
195	71	1297	0.54455029	-1.3558764
88	72	1298	0.5871592	0.17994527
191	72	1299	0.28301229	2.0824018
310	72	1300	0.24088703	0.42684428
384	72	1301	0.52542429	-2.1801233
249	73	1302	0.5927856	-0.52467763
355	73	1303	0.50992744	3.026171
110	74	1304	0.67641947	-0.46455901
309	74	1305	0.64960217	-2.6467086
473	74	1306	0.57493469	0.58096509
486	74	1307	0.65439013	2.4210427
220	75	1308	0.73133566	2.0778783
298	75	1309	0.73837762	-0.38074967
383	75	1310	0.46869945	-2.684643
215	76	1311	0.43601641	1.7305239
220	76	1312	0.40731195	-0.31310852
238	76	1313	0.29093963	-0.245478
230	77	1314	0.82164195	-0.82094543
234	77	1315	0.60696434	-1.6629216
261	77	1316	0.6337555	1.4291317
469	77	1317	0.84938353	2.4109542
125	78	1318	0.7536087	0.1263127
316	78	1319	0.76142227	1.1033005
390	78	1320	0.55865324	-2.6033417
95	79	1321	0.59937814	-1.6651913
247	79	1322	0.46797773	1.5509751
266	79	1323	0.38608076	2.4318672
389	79	1324	0.23447949	-0.35342442
87	80	1325	0.65511963	0.62734494
126	80	1326	0.58798869	-2.8630413
144	80	1327	0.49114645	-2.9922641
282	80	1328	0.33449548	-1.4610715
329	80	1329	0.39835486	0.07187236
233	81	1330	0.37845898	1.6619592
274	81	1331	0.57089786	0.76571984
346	81	1332	0.61986578	-1.8061062
124	82	1333	0.34598888	1.4005548
185	82	1334	0.48551509	0.62598949
343	82	1335	0.44916841	-2.4277049
415	82	1336	0.50918351	-2.6103656
346	83	1337	0.70207345	1.3721141
354	83	1338	0.50382351	2.4208429
369	83	1339	0.83212467	-1.1208829
148	84	1340	0.46968484	-0.62414344
157	84	1341	0.31418688	0.53027423
479	84	1342	0.46441243	1.2065064
90	85	1343	0.31641679	2.1131998
178	85	1344	0.53600449	-1.6726924
226	85	1345	0.42242832	-0.31282677
284	85	1346	0.54442779	1.2055884
95	86	1347	1.1086958	1.6947936
356	86	1348	0.5208096	0.88065556
379	86	1349	0.83054451	-1.4278473
476	86	1350	0.65875856	-2.6805518
487	86	1351	0.79017989	-1.0113129
244	87	1352	0.61468209	-1.7658261
273	87	1353	0.45642681	0.21788624
321	87	1354	0.41316025	-1.6852715
326	87	1355	0.79978252	0.75198332
329	87	1356	0.38000153	-1.9285096
421	87	1357	0.88436033	1.4175118
443	87	1358	0.71808948	-2.4857482
136	88	1359	0.75438189	-1.0122946
199	88	1360	0.51252283	0.38238352
310	88	1361	0.35844484	-3.1266388
338	88	1362	0.68236188	1.7838906
168	89	1363	0.77261211	-1.6703876
269	89	1364	0.5639151	1.9378119
315	89	1365	0.31565838	2.1223846
340	89	1366	0.65581488	1.3347439
483	89	1367	0.46593869	-1.8957724
284	90	1368	0.42943789	0.5860772
160	91	1369	0.47049494	0.40448387
212	91	1370	0.30415477	-1.4059199
334	91	1371	0.26204471	-0.95330189
169	92	1372	0.42091311	2.9382122
321	92	1373	0.3195548	-1.2255477
420	92	1374	0.62642369	1.7229674
492	92	1375	0.23505611	-2.0621835
172	93	1376	0.43018977	-0.6361561
277	93	1377	0.35962127	1.3012959
298	94	1378	0.44140565	2.4856594
344	94	1379	0.2576048	0.03642811
432	94	1380	0.30242213	1.3918573
460	94	1381	0.37020003	0.030763104
100	95	1382	0.59680499	-0.18952507
266	95	1383	0.88060406	1.8425394
272	95	1384	0.64711101	-2.9196373
356	95	1385	0.84122381	-0.979837
389	95	1386	0.58501049	1.0785473
127	96	1387	0.19889261	-0.13605243
385	97	1388	0.41487143	-1.0911317
391	97	1389	0.79232006	2.5041405
430	97	1390	0.75556564	-0.64762725
475	97	1391	0.36379488	1.782739
299	98	1392	0.44559846	-0.1512645
317	98	1393	0.55242731	-3.0611988
341	98	1394	0.54498168	-0.10413274
165	99	1395	0.28949266	1.9844909
247	99	1396	0.43376285	-2.8356144
293	99	1397	0.31297517	-0.98312442
269	100	1398	0.60267957	-1.1385283
462	100	1399	0.49368746	1.3603271
311	101	1400	0.44586482	2.5598492
415	101	1401	0.28014199	0.65565
156	102	1402	0.41219076	3.0227679
305	102	1403	0.54380259	-2.8554541
337	102	1404	0.38982052	0.66756493
444	102	1405	0.65558759	-0.16102979
111	103	1406	1.0980403	-0.45599243
118	103	1407	0.92405405	1.7601552
146	103	1408	0.7716006	-2.1915703
167	103	1409	0.89560072	2.2893999
192	103	1410	0.62088782	-2.7176705
271	103	1411	0.69043314	-1.2539275
416	103	1412	0.50508969	0.85931131
278	104	1413	0.33859882	-0.044832567
304	104	1414	0.28646182	-1.7351545
380	104	1415	0.3174098	3.0174393
415	105	1416	0.49281831	2.2617551
161	106	1417	0.27904645	-1.5074319
362	106	1418	0.49997216	3.1180294
372	106	1419	0.40882879	1.819507
472	106	1420	0.79905025	-0.54162014
206	107	1421	0.32498484	-0.61867631
219	107	1422	0.51981601	2.9176147
289	107	1423	0.42678723	-1.3227816
177	108	1424	0.85949785	-2.8328207
308	108	1425	0.73218915	-0.97572928
363	108	1426	0.8742173	0.97204292
154	109	1427	0.90493031	-1.5453119
171	109	1428	0.51390425	1.6177067
224	109	1429	0.62542823	-2.2308528
274	109	1430	0.91718315	1.9631093
361	109	1431	1.0239879	1.4558934
398	109	1432	1.0165955	-1.1137445
121	110	1433	0.70265174	-1.011072
287	110	1434	0.55871651	-2.248348
376	110	1435	0.79947258	0.10900419
473	110	1436	0.63092749	1.7688221
271	111	1437	0.78978942	-2.9213604
296	111	1438	0.96883114	-0.28933322
386	111	1439	0.86437836	-0.94803523
457	111	1440	0.83293111	1.0325844
239	112	1441	0.60223399	-2.5943477
384	112	1442	0.57381872	-0.65569365
494	112	1443	0.54732975	1.8568786
291	113	1444	0.54765068	-1.2202245
365	113	1445	0.3437116	2.4849407
396	113	1446	0.5977659	1.7988248
175	114	1447	0.33247389	-0.20855916
204	114	1448	0.48862841	1.4065639
230	114	1449	0.60802048	2.6265681
259	114	1450	0.6163732	-1.5126685
122	115	1451	0.39573328	-0.074972625
227	115	1452	0.47912967	1.8766889
222	116	1453	0.39230054	2.8564986
317	116	1454	0.16822798	1.1550527
323	116	1455	0.52023502	0.053041121
481	116	1456	0.43911954	2.354347
121	117	1457	0.41740316	0.49768947
257	117	1458	0.42772046	-3.0403828
167	118	1459	0.47671295	-2.6299706
172	118	1460	0.84621965	1.8632942
319	118	1461	0.5320476	0.17879548
397	118	1462	0.54173197	2.6492377
495	118	1463	0.42503088	0.6983102
130	119	1464	0.41164471	1.5974502
409	119	1465	0.4111343	2.780715
459	119	1466	0.33896313	0.038072323
484	119	1467	0.48284825	-1.4155624
292	120	1468	0.31161909	2.1685269
293	120	1469	0.60294802	1.6917191
412	120	1470	0.43430281	-1.1166305
423	120	1471	0.58330969	-2.2756358
462	120	1472	0.049874627	2.3882848
147	121	1473	0.87165664	0.65648418
250	121	1474	0.28989832	2.0795441
257	121	1475	0.82857415	-2.8445953
287	121	1476	0.74083913	2.9237311
363	121	1477	0.83317306	-1.4345169
376	121	1478	0.80216147	1.0173221
378	121	1479	0.93089633	-0.84207717
299	122	1480	0.3231367	-1.3931767
496	122	1481	0.49607972	-1.4672241
208	123	1482	0.67865996	1.9098622
265	123	1483	1.1312149	3.1027097
471	123	1484	0.81749458	2.6619763
185	124	1485	0.33957343	-0.16723493
198	124	1486	0.60615068	-2.8165243
417	124	1487	0.41882883	2.0583615
440	124	1488	0.60662613	0.67075079
265	125	1489	0.57515878	-1.1473557
431	125	1490	0.63651783	1.4899283
471	125	1491	0.66929907	-0.28956924
144	126	1492	0.11913883	0.83861034
253	126	1493	0.61273493	3.0019965
341	126	1494	0.14694185	-2.6506385
439	127	1495	0.52732593	0.23387877
149	128	1496	0.2869454	2.8225014
228	128	1497	0.72066068	0.63143068
322	129	1498	0.57275547	2.5978926
437	129	1499	0.67065032	-1.0864562
466	129	1500	0.31541705	2.1175114
205	130	1501	0.45620359	1.9262804
211	130	1502	0.45887025	2.500943
345	130	1503	0.52096956	0.62848556
409	130	1504	0.45887783	-2.5223831
459	130	1505	0.53024611	-0.85066602
188	131	1506	0.48319048	0.17865048
209	131	1507	0.56865427	-0.79918976
303	131	1508	0.5941104	3.0827136
268	132	1509	0.56303022	0.52257908
377	132	1510	0.55493624	2.4998858
400	132	1511	0.63855622	-0.54695336
428	132	1512	0.48211652	-1.8109245
444	132	1513	0.57101702	3.0769247
137	133	1514	0.32730564	-2.5091976
274	133	1515	0.58346968	-1.3008728
339	133	1516	0.56668459	2.0111956
353	133	1517	0.49730094	0.044703716
275	134	1518	0.8102807	-2.5950868
385	134	1519	0.41666611	0.95649919
430	134	1520	0.69859252	0.37014183
158	135	1521	0.52297524	-0.17447706
220	135	1522	0.53294044	2.3117126
198	136	1523	0.59371119	-1.1945833
199	136	1524	0.83443796	1.4798937
311	136	1525	0.9327838	-1.8978608
417	136	1526	0.59643408	0.019156965
233	137	1527	0.38855498	-1.6388147
248	137	1528	0.62866047	-1.9945114
274	137	1529	0.55868874	-0.7211646
339	137	1530	0.70643191	1.539038
441	137	1531	0.34056281	1.4858698
482	137	1532	0.26555289	-2.9773446
446	138	1533	0.56125639	-2.3247208
468	138	1534	0.38511374	-1.2765094
476	138	1535	0.64783375	1.6680184
498	138	1536	0.44169979	-0.33323418
258	140	1537	0.52181389	0.24087427
413	140	1538	0.39385279	-0.8979491
470	140	1539	0.69737918	2.3702568
480	140	1540	0.96175942	-2.9475652
168	141	1541	0.28748837	0.82611934
433	141	1542	0.56207283	-2.2385893
483	141	1543	0.55246664	1.3464787
487	141	1544	0.449836	2.0635109
173	142	1545	0.42206298	1.1230816
281	142	1546	0.59976983	1.579672
319	142	1547	0.53222522	-1.7014377
392	142	1548	0.39490209	-1.0512487
495	142	1549	0.43967485	-2.2244299
247	143	1550	0.65373753	-0.84259165
266	143	1551	0.71667561	-1.3842074
279	143	1552	0.46493902	-2.4763157
349	143	1553	0.57706571	2.7260574
410	143	1554	0.43174866	-0.029344646
426	143	1555	0.4386936	0.83739154
437	143	1556	0.84702708	1.9553477
174	144	1557	0.79359188	2.7634708
282	144	1558	0.58318331	-0.46097791
191	145	1559	0.2719401	-1.4373465
217	145	1560	0.30268499	1.585816
330	145	1561	0.24559174	-2.9647903
183	146	1562	0.54786263	-2.6792701
192	146	1563	0.39023547	1.8756093
200	146	1564	0.47370244	-0.79999003
238	146	1565	0.56582241	-3.0164759
241	146	1566	0.32968252	-2.0841081
271	146	1567	0.66455493	-0.042776294
232	147	1568	0.39435304	0.90723987
256	147	1569	0.30595269	2.1260538
376	147	1570	0.30803559	2.6315089
391	147	1571	0.82199347	0.27692047
157	148	1572	0.44715599	1.8195619
349	148	1573	0.77087902	-0.63524238
388	148	1574	0.62075654	-1.2695002
181	149	1575	0.42703247	2.9240146
228	149	1576	0.91765279	0.37415606
342	149	1577	0.69502302	-2.0688979
272	150	1578	1.2794471	-1.1731248
279	150	1579	0.45335432	0.52793464
388	150	1580	0.64690275	1.8962281
479	151	1581	0.34480858	-1.153235
242	152	1582	0.48915341	1.3142137
399	152	1583	0.48547801	-0.087454145
404	152	1584	0.39137066	2.0804351
350	153	1585	0.41621659	-0.26816869
224	154	1586	0.5777997	2.3512662
325	154	1587	0.59530038	-1.8250619
429	154	1588	0.49754536	-2.8823925
307	155	1589	0.84677704	-1.3465593
357	155	1590	1.3003656	0.25759342
375	155	1591	0.85058487	-2.8239203
403	155	1592	0.75228834	-1.9861757
472	155	1593	1.1160559	2.4475994
305	156	1594	0.23147709	-2.0778583
336	156	1595	0.80054187	-2.8966645
337	156	1596	0.74085915	0.2628009
479	157	1597	0.29459752	1.9373198
298	158	1598	0.46060312	-1.2023212
332	158	1599	0.71886148	2.354485
432	158	1600	0.69672063	-0.61381782
478	158	1601	0.48465168	0.8332276
447	159	1602	0.50938759	0.34110611
334	160	1603	0.48775483	-2.184271
347	160	1604	0.54516698	-1.5737693
425	160	1605	0.40024571	-1.4909231
441	160	1606	0.90612459	0.98438856
362	161	1607	0.59334985	2.6304212
451	161	1608	0.37460306	-2.3346837
472	161	1609	0.68023357	-0.19745417
276	162	1610	0.54946968	0.03265255
453	162	1611	0.57696907	1.8187941
230	163	1612	0.87660662	1.585777
259	163	1613	0.55315311	-0.06930975
294	163	1614	0.18152603	-3.0159304
359	163	1615	0.76705411	-1.8211496
434	163	1616	0.52305913	-2.5780291
186	164	1617	0.36485083	0.62815584
357	164	1618	0.78230273	2.729688
421	164	1619	0.70515472	-0.49339758
293	165	1620	0.60019328	-1.0667139
410	165	1621	0.31109825	2.883079
426	165	1622	0.60599809	2.3801842
197	166	1623	0.25222894	-2.5065384
194	167	1624	0.52538814	-1.8346986
397	167	1625	0.49334835	1.6962203
175	168	1626	0.57787327	1.6396201
313	169	1627	0.49675515	-1.1517435
420	169	1628	0.62129184	1.03482
477	169	1629	0.53848584	-2.0806989
492	169	1630	0.41977862	-0.77012592
390	170	1631	0.37804799	3.1291179
406	170	1632	0.48843605	-2.349956
442	170	1633	0.35230799	-0.15199014
361	171	1634	0.52338695	1.2970371
277	172	1635	0.65216029	1.9646879
397	172	1636	0.60133608	-1.9693736
424	172	1637	0.60840585	1.2403753
474	172	1638	0.46655862	0.74844098
281	173	1639	0.28886445	2.2796352
367	173	1640	0.41249934	0.42658061
253	174	1641	0.30069833	-1.3999829
286	174	1642	0.4844562	-3.0944297
307	174	1643	0.74068619	2.3461775
204	175	1644	0.60307064	1.9898387
189	176	1645	0.5693579	-2.4747015
305	176	1646	0.59885997	0.66438313
336	176	1647	0.42384181	2.0429376
380	176	1648	0.51031822	-1.2133907
277	177	1649	0.70505424	-2.0015871
295	177	1650	0.87279849	1.5775756
424	177	1651	0.68473398	-1.3450629
448	177	1652	0.78180471	-2.908612
226	178	1653	0.60904343	0.72356173
190	179	1654	0.35378374	1.2419204
351	179	1655	0.2500327	2.7428148
478	179	1656	0.26432636	0.19066791
382	180	1657	0.54520052	-0.66473993
405	180	1658	0.39432708	2.7658328
470	180	1659	0.15454269	0.64858549
290	181	1660	0.1122958	-2.8412024
292	182	1661	0.52195665	-1.8544029
364	182	1662	0.30564227	2.322873
314	183	1663	0.2911692	2.7620912
237	184	1664	0.6362444	2.0814774
262	184	1665	0.48801642	1.5205166
202	185	1666	0.23996133	0.27623136
440	185	1667	0.45574243	1.2577083
288	186	1668	0.91994041	-0.01245835
357	186	1669	1.0168867	3.0442866
421	186	1670	0.6378852	-1.0346577
196	187	1671	0.47305136	0.405952
392	187	1672	0.43106853	2.731556
402	187	1673	0.22922791	0.32311794
407	187	1674	0.44611966	-2.0309961
232	189	1675	0.48690895	-1.9346278
255	189	1676	0.7671931	2.1887619
336	189	1677	0.77279391	1.2350558
376	189	1678	0.92076739	-2.409726
380	189	1679	0.63844033	-0.19849366
391	189	1680	0.6579688	-0.96526359
351	190	1681	0.41871548	-2.5377891
375	190	1682	0.63234676	0.15075633
478	190	1683	0.31964754	-1.0990152
310	191	1684	0.38686652	-0.38990447
330	191	1685	0.35843804	2.4582026
194	192	1686	0.45188646	1.9344295
348	192	1687	0.52734113	-2.5627602
362	193	1688	0.49716121	-1.278153
217	195	1689	0.45344265	-1.4537668
338	195	1690	0.83084584	-0.64164731
254	196	1691	0.44263195	-1.2161108
264	196	1692	0.55030675	1.156813
402	196	1693	0.2453436	-2.6582589
408	196	1694	0.24131726	0.012947711
452	197	1695	0.51736708	-2.7242039
311	198	1696	0.61463497	-2.5726143
415	198	1697	0.41255404	-1.3836024
338	199	1698	0.78131455	2.4870064
484	199	1699	0.49369986	0.81339603
214	200	1700	0.59560431	-0.54643248
241	200	1701	0.49473641	3.0350395
271	200	1702	0.45657625	0.75051331
216	201	1703	0.44072246	-0.34991532
308	201	1704	0.73494161	-2.9327954
489	201	1705	0.79203941	1.7427194
360	203	1706	0.60016633	-1.394861
458	203	1707	0.40284773	-2.2140073
461	203	1708	0.4033313	2.5472914
423	204	1709	0.79197681	2.0023985
211	205	1710	0.259339	-2.5086384
276	205	1711	0.69522111	2.5533676
345	205	1712	0.5927642	-0.2062493
289	206	1713	0.27628179	-2.1883557
426	206	1714	0.42394098	-1.7774392
278	207	1715	0.67922055	-2.7393643
428	207	1716	0.66330584	0.27338738
382	208	1717	0.42258633	1.4358296
210	209	1718	0.72846387	-1.7745401
353	210	1719	0.85639877	-2.311531
361	210	1720	1.1398811	-1.9776513
276	211	1721	0.65350692	2.1713056
409	211	1722	0.54063425	-1.5815277
280	212	1723	0.33134234	-0.23943565
334	212	1724	0.13350817	0.7036126
436	212	1725	0.40700727	-0.38790598
249	213	1726	0.52318205	-2.7281033
455	213	1727	0.25038029	-0.22381345
493	213	1728	0.48160778	-0.077457304
271	214	1729	0.64507353	1.8454661
220	215	1730	0.7195632	-0.88290624
225	215	1731	0.50688863	0.30544121
238	215	1732	0.61218476	-0.95907145
312	215	1733	0.82567495	2.2634664
419	215	1734	0.24464592	-2.0139654
365	216	1735	0.41934358	0.74735781
330	217	1736	0.41938238	-2.1719989
338	217	1737	0.61444962	-0.076457362
395	217	1738	0.52945357	3.0060599
290	218	1739	0.48140431	1.1402576
339	218	1740	0.57940794	-1.2830062
263	219	1741	0.46304013	-1.5016285
360	219	1742	0.66574643	2.7085226
437	219	1743	0.26971174	-1.2960322
225	220	1744	0.70885207	1.5333042
270	220	1745	0.57331864	-1.9637862
332	220	1746	0.36816981	0.068404371
261	221	1747	0.35295903	-2.7999192
317	222	1748	0.44653782	0.097715015
344	222	1749	0.5573724	2.881973
312	223	1750	0.34324977	1.8208517
419	223	1751	0.62310149	-0.99854405
447	223	1752	0.5579173	1.6002375
346	224	1753	0.62571016	2.5611875
429	224	1754	0.54321529	-1.7081485
332	225	1755	0.76344626	-1.1081515
366	225	1756	0.50096371	1.0078392
284	226	1757	0.67139028	1.8849821
448	226	1758	0.80518072	0.9625995
296	227	1759	0.52662449	1.974387
386	227	1760	0.63392049	3.0489809
394	228	1761	0.90142828	0.54645176
486	228	1762	0.56350214	-1.486465
265	229	1763	1.1934055	0.31882193
423	230	1764	0.94371238	1.2720763
325	231	1765	0.7089563	2.0190708
362	231	1766	0.84649728	-0.55344642
376	232	1767	0.53622773	-2.8380587
391	232	1768	0.55448741	-0.15562696
248	233	1769	0.29703727	-2.4674878
274	233	1770	0.44639967	0.042075172
345	234	1771	0.63793246	-1.8041783
316	235	1772	0.44200119	-1.6109308
246	236	1773	0.74135134	-1.3864094
260	236	1774	0.43813645	1.9293313
364	236	1775	0.49052742	0.14802774
239	237	1776	0.54894166	1.35603
262	237	1777	0.34226099	-0.19901832
414	237	1778	0.64485347	2.9025719
241	238	1779	0.45443628	-0.49678411
314	238	1780	0.21000382	-2.8224614
335	238	1781	0.63488338	-1.0638327
419	238	1782	0.53558773	2.591126
262	239	1783	0.6423101	-1.2236646
497	239	1784	0.8034668	2.2598398
254	240	1785	0.25670136	2.0535646
328	240	1786	0.4231648	1.1024397
414	240	1787	0.27922221	-0.33935763
457	240	1788	0.44787428	-2.3200805
381	242	1789	0.72729149	0.76065391
399	242	1790	0.6285025	-0.96188611
404	242	1791	0.34141297	-2.7461933
441	242	1792	0.48104876	2.3767914
301	243	1793	0.54651902	-0.087495763
337	243	1794	0.62479975	-2.5676025
360	243	1795	0.85291397	0.096662358
377	243	1796	0.39478319	-1.7193333
455	243	1797	0.76982332	3.1102937
458	243	1798	0.61268709	0.6097636
493	243	1799	0.53510001	3.0622799
282	244	1800	0.39158977	-2.8461716
488	244	1801	0.39161724	-1.7690765
449	245	1802	0.27196781	1.7008
491	245	1803	0.35099707	-1.940853
261	246	1804	0.61587543	-2.6359267
292	246	1805	0.41908988	0.18435311
423	246	1806	0.65923092	-1.2475145
266	247	1807	0.37158133	-2.5202565
389	247	1808	0.58808729	-1.2043499
410	247	1809	0.47527571	1.5782019
346	248	1810	0.80357611	-1.4183848
425	248	1811	0.30232568	-2.217329
482	248	1812	0.52965752	1.5774145
336	249	1813	0.79310613	-2.2926559
455	249	1814	0.73957502	0.21065631
261	252	1815	0.83519068	-0.81745495
352	252	1816	0.63028787	2.6647599
401	252	1817	0.62176357	2.1087756
469	252	1818	0.68651798	-1.7921431
286	253	1819	0.60087534	2.6690634
323	253	1820	0.31464263	-2.1187956
328	254	1821	0.34465918	0.45101875
408	254	1822	0.42727568	1.364377
457	254	1823	0.58557373	-1.8938251
297	255	1824	0.38372351	1.2371984
336	255	1825	0.70684931	0.14815224
376	256	1826	0.15353845	-2.346743
287	257	1827	0.40847419	1.4011315
295	257	1828	0.80666309	-2.1068419
302	257	1829	0.73389658	2.8607002
289	260	1830	0.41204235	1.5641561
423	261	1831	0.81646204	-0.41174751
469	261	1832	0.72459422	-3.0578969
268	263	1833	0.64873249	2.799832
289	263	1834	0.5834862	-0.11551501
367	264	1835	0.78461963	2.6430692
408	264	1836	0.50109213	-1.5310107
497	264	1837	0.59595051	-0.40605309
471	265	1838	0.52455958	0.68838984
279	266	1839	0.65025281	2.4449347
352	267	1840	0.53950798	0.9587838
449	267	1841	0.5929713	-2.1904564
301	268	1842	0.51353725	2.2676137
315	269	1843	0.26015053	-1.4283488
356	269	1844	0.37194307	-3.0368683
383	270	1845	0.35201276	-1.1176848
476	272	1846	1.2634549	-1.4291368
326	273	1847	0.46858617	1.2708017
353	274	1848	0.67686604	1.042441
361	274	1849	0.49788892	0.34788075
378	275	1850	0.77172904	2.9459872
396	275	1851	0.69071701	-1.2287393
463	275	1852	0.24910633	1.7503466
490	275	1853	0.390091	-2.4975309
491	276	1854	0.83872063	2.1034329
424	277	1855	0.4484782	-0.059625457
448	277	1856	0.65507429	2.3628045
380	278	1857	0.65549329	3.0583814
465	278	1858	0.54182737	-1.1880867
349	279	1859	0.54464889	1.8731304
388	279	1860	0.71136834	2.5704333
334	280	1861	0.27504438	2.4984127
436	280	1862	0.093233447	-0.94145824
308	281	1863	0.65677937	0.83288565
367	281	1864	0.56566288	-0.086034375
424	281	1865	0.65497759	2.8889592
474	281	1866	0.49870233	-2.9513808
488	282	1867	0.40169877	-0.73688645
331	283	1868	0.51314897	0.15438606
418	283	1869	0.53476354	-2.4643746
446	283	1870	0.42093863	2.5330175
468	283	1871	0.31899945	1.0793967
448	284	1872	0.66793039	0.033349242
306	285	1873	0.4094619	-2.3049066
433	285	1874	0.36117882	1.9684614
456	285	1875	0.2917994	1.7699952
500	285	1876	0.16680278	-3.0444085
307	286	1877	0.55288493	1.6333351
324	286	1878	0.49945478	2.9584961
481	286	1879	0.52622456	-2.6279659
302	287	1880	0.79931574	-2.8897724
421	288	1881	0.80071809	-2.4066431
303	290	1882	0.53316419	0.60792047
395	291	1883	0.53591235	-0.079397603
494	291	1884	0.58881052	-0.97971179
393	292	1885	0.57973002	1.4834954
423	292	1886	0.73054965	-1.8517541
393	293	1887	0.24223309	1.7875298
462	293	1888	0.56559758	-1.5064792
434	294	1889	0.3668282	-2.3666205
320	295	1890	0.59038133	2.6557961
327	296	1891	0.51035464	2.0761605
336	297	1892	0.62891722	-0.42310661
442	297	1893	0.45665977	2.0945839
344	298	1894	0.6604929	-0.40431537
432	298	1895	0.40462807	0.070197309
477	299	1896	0.51346353	0.2585426
496	299	1897	0.17546459	-1.6038907
315	300	1898	0.34639186	1.1841086
356	300	1899	0.60604998	2.044008
483	300	1900	0.41649033	-1.2093503
487	300	1901	0.56425399	-1.9112075
360	301	1902	0.33112202	0.403703
309	302	1903	0.63115377	1.6533411
320	302	1904	0.66214284	-1.9238368
381	302	1905	0.72196171	2.4456182
399	302	1906	0.90962119	-2.4866534
380	304	1907	0.4189272	2.2652405
391	304	1908	0.52777474	-2.964114
465	304	1909	0.63280159	-0.3808242
475	304	1910	0.21299854	-1.378495
373	306	1911	0.34756062	-2.1025631
433	306	1912	0.65102275	1.3627986
445	306	1913	0.70874359	-2.0793177
500	306	1914	0.3075101	1.2109146
403	307	1915	0.5106608	2.8694552
367	308	1916	0.54822628	-1.3468931
370	309	1917	0.45392381	1.8191634
381	309	1918	0.52878992	-2.8220085
415	311	1919	0.59918962	-0.1241509
420	311	1920	1.1486857	-2.4415281
427	311	1921	0.41053805	2.9144192
439	312	1922	0.53740803	1.6994467
499	312	1923	0.2766638	-3.0527339
321	313	1924	0.32545328	0.21067382
411	313	1925	0.40954673	-0.73827791
477	313	1926	0.46524073	-3.1067372
492	313	1927	0.18954378	1.0200088
348	314	1928	0.29903036	0.82801439
419	314	1929	0.43108277	2.2097265
356	315	1930	0.46186414	2.6484736
431	316	1931	0.45858216	0.10848933
323	317	1932	0.46889589	-0.27276158
375	318	1933	0.69932187	-0.84026982
451	318	1934	0.60240943	2.5784768
472	318	1935	0.61971291	0.83323691
392	319	1936	0.32345426	0.60849623
407	319	1937	0.60290741	-0.69620739
495	319	1938	0.26669351	2.4076043
358	320	1939	0.58278187	-2.0635079
399	320	1940	0.49703929	3.0058846
411	321	1941	0.34403199	-1.6154148
492	321	1942	0.23816004	2.7383522
360	322	1943	0.37241658	-1.2285867
466	322	1944	0.3272873	-0.08212711
341	323	1945	0.6511739	0.17602646
333	324	1946	0.39781789	-2.5222713
368	324	1947	0.32174901	2.9373704
403	324	1948	0.59916837	1.6297718
481	324	1949	0.35102715	-1.4772733
429	325	1950	0.55763652	2.2067074
343	326	1951	0.94676917	0.67659154
421	326	1952	0.55591427	2.5112479
457	327	1953	0.60153825	2.0076831
408	328	1954	0.34838266	2.2640125
414	328	1955	0.47606058	-1.4183933
497	328	1956	0.61430675	1.0513541
494	330	1957	0.49433599	-3.0828527
456	331	1958	0.42753427	-0.10682489
468	331	1959	0.40994096	2.6253747
498	331	1960	0.42943988	1.6894285
500	331	1961	0.47046933	-0.83196956
351	332	1962	0.35867149	-0.29271155
368	333	1963	0.29631168	1.540859
432	333	1964	0.46578469	2.8987906
460	333	1965	0.22097152	-2.233336
481	333	1966	0.37590235	-0.32089812
422	334	1967	0.4726975	-1.2728594
377	337	1968	0.46904588	-0.10932835
444	337	1969	0.48608736	-0.79336133
493	337	1970	0.38175418	1.5937132
409	338	1971	0.71062326	0.79092848
441	339	1972	0.36679713	-1.5531924
374	340	1973	0.36140167	1.1677032
412	340	1974	0.56725142	2.083284
443	341	1975	0.67978641	0.26431875
477	341	1976	0.41293684	0.29682898
441	342	1977	0.72514322	-1.8822071
434	345	1978	0.62846129	-1.0099036
347	346	1979	0.52866	2.2636751
422	346	1980	0.48871012	2.9329352
425	346	1981	0.63107001	2.0736467
429	346	1982	0.98894997	-1.099679
422	347	1983	0.33624841	-2.0016265
359	350	1984	0.79500035	1.8914707
438	350	1985	0.37454035	0.01736995
440	350	1986	0.69393024	-2.0501206
485	350	1987	0.60401695	0.49451519
401	352	1988	0.34369252	0.79211921
428	352	1989	0.63619058	2.2714605
361	353	1990	0.43379346	-1.2740477
422	354	1991	0.45865963	1.4856808
442	355	1992	0.42688958	-2.3711954
399	358	1993	0.61985885	1.9281148
448	358	1994	0.81660675	-1.5181442
434	359	1995	0.52783611	2.0688085
437	360	1996	0.86571265	-0.67204418
458	360	1997	0.43851485	2.4824798
466	360	1998	0.3813727	1.0150225
366	362	1999	0.54721164	-1.852737
451	362	2000	0.61744701	-1.1390462
378	363	2001	0.5233577	0.2529448
489	363	2002	0.63861662	-0.66839334
396	365	2003	0.39689949	1.2180911
451	366	2004	0.41212714	-0.085467433
403	368	2005	0.60184156	1.0873669
432	368	2006	0.49642787	-2.7614666
429	369	2007	0.60034651	1.1856272
439	369	2008	0.91340459	-1.477717
486	370	2009	0.35615788	1.0030675
438	371	2010	0.46119797	1.6251404
387	372	2011	0.77551728	2.1626055
472	372	2012	1.126891	-0.7997422
433	373	2013	0.98674018	1.2505032
438	373	2014	0.4402835	0.38780079
412	374	2015	0.45005902	2.7735205
403	375	2016	0.65809284	-0.69737184
478	375	2017	0.61194635	-2.4722413
444	377	2018	0.32074176	-1.9720661
489	378	2019	0.52676948	-1.5812493
490	378	2020	0.58797571	-0.71215661
433	379	2021	0.70505767	-1.3334441
454	379	2022	0.33405248	2.6034411
498	379	2023	0.34600624	-2.290265
391	380	2024	0.48527525	-2.1153457
413	382	2025	0.57098131	-0.69235967
430	385	2026	0.42038722	-0.21034687
398	387	2027	0.75167923	2.1615217
462	389	2028	0.43756915	-0.33823125
394	390	2029	0.69277218	-2.5628978
475	391	2030	0.57205507	-0.20400545
406	394	2031	0.61535426	0.043336358
490	396	2032	0.68481955	2.4878666
401	400	2033	0.37793182	-1.5932964
428	401	2034	0.69492787	2.7864275
431	405	2035	0.48622319	-2.3757847
470	405	2036	0.49265975	-0.10443392
416	407	2037	0.53572816	-2.6917342
457	407	2038	0.71276882	-0.56870511
426	410	2039	0.36557908	1.957578
423	412	2040	0.57103014	-3.0468154
462	412	2041	0.48124819	2.0618009
457	414	2042	0.61500966	-2.7495602
435	418	2043	0.71521482	-2.7742576
446	418	2044	0.58015641	1.4474365
464	418	2045	0.60276768	-0.80912046
474	424	2046	0.295702	-1.0603151
437	426	2047	0.76469211	2.4973632
444	428	2048	0.67998858	2.3041551
449	430	2049	0.75691038	0.43992343
453	430	2050	0.56163528	-0.94656836
491	430	2051	0.65361799	-0.43352058
460	432	2052	0.42649207	-0.73565311
456	433	2053	0.094610545	-0.51946336
487	433	2054	0.84851721	1.410676
459	434	2055	0.44124674	-2.7394098
446	435	2056	1.1131856	0.84496189
467	438	2057	0.52056739	0.86241466
485	438	2058	0.32123928	1.0595493
482	441	2059	0.48073472	-2.2206211
468	446	2060	0.49754744	0.081697354
476	446	2061	1.1018219	1.2748906
499	447	2062	0.42511595	-2.5139252
465	449	2063	0.93923879	2.6261034
469	449	2064	1.0641567	-0.032654244
491	449	2065	0.60391043	-1.7232082
494	450	2066	0.58228323	-0.19578515
497	450	2067	0.44681597	-2.3054523
486	452	2068	0.52302185	-2.1938063
491	453	2069	0.32091408	0.59982309
476	454	2070	0.55284832	2.4377289
498	454	2071	0.43546051	-1.4352982
493	455	2072	0.23673718	0.077399486
481	460	2073	0.49577149	0.11249531
475	465	2074	0.54738296	3.0938365
485	467	2075	0.21496383	-2.576218
498	468	2076	0.37902613	0.6325351
487	483	2077	0.36458773	-2.7406421
490	489	2078	0.47257898	0.3063431
