label	xPos	yPos	vote	north
0	0	0	0	0
1	4.546511	-1.911948	0	0
2	5.462213	-0.6498036	0	0
3	-0.7652428	-0.4516224	0	0
4	3.726195	3.949985	0	0
5	-4.081131	-3.033221	0	0
6	2.082372	2.426704	0	0
7	-1.290426	-3.563398	0	0
8	5.323896	0.4818707	0	0
9	3.275322	-4.188667	0	0
10	-3.559346	-1.921061	0	0
11	-2.19789	4.993132	0	0
12	2.012129	-2.666721	0	0
13	2.55931	-3.165369	0	0
14	-3.027949	4.592659	0	0
15	5.139327	-1.366307	0	0
16	4.87083	2.908418	0	0
17	-0.02772083	5.714792	0	0
18	-1.35942	-5.415412	0	0
19	-5.335716	-2.884188	0	0
20	2.577895	-2.363862	0	0
21	2.730412	4.457164	0	0
22	-2.200083	-1.864478	0	0
23	-5.219632	-1.018265	0	0
24	-0.6181361	-3.625545	0	0
25	1.628928	1.474832	0	0
26	-2.416466	-5.094475	0	0
27	-0.7670454	4.413508	0	0
28	5.968057	-1.638578	0	0
29	-2.234469	4.150961	0	0
30	-0.8316792	5.194862	0	0
31	-2.856784	-0.8243573	0	0
32	-5.878428	-0.9453636	0	0
33	4.30536	-1.070841	0	0
34	-2.456527	0.3710658	0	0
35	-4.258426	-4.379749	0	0
36	-2.630739	-4.67506	0	0
37	0.797998	3.680489	0	0
38	-3.800836	-4.256479	0	0
39	-2.451298	0.1133896	0	0
40	4.27754	-1.053608	0	0
41	5.073736	-2.402268	0	0
42	5.221746	-1.787854	0	0
43	-0.03857273	5.125634	0	0
44	4.267255	0.9144332	0	0
45	5.049996	0.1186678	0	0
46	-6.200069	-1.208372	0	0
47	-3.733886	-1.256415	0	0
48	2.185351	-4.284312	0	0
49	3.888945	2.701378	0	0
50	4.769357	-0.2783141	0	0
51	1.318328	-5.397174	0	0
52	-2.274636	4.020243	0	0
53	5.598878	-1.102613	0	0
54	1.926784	2.530498	0	0
55	0.5791324	-6.037222	0	0
56	4.815331	2.914602	0	0
57	2.182836	-1.950736	0	0
58	0.1100039	5.460742	0	0
59	6.477181	-1.547511	0	0
60	-6.0404	-1.912011	0	0
61	-6.338991	-1.661878	0	0
62	-5.491624	0.2553994	0	0
63	-3.643816	-1.068864	0	0
64	0.1071409	5.091728	0	0
65	4.903749	1.86045	0	0
66	-2.556246	5.159664	0	0
67	-3.248432	-4.420766	0	0
68	3.715824	-4.593119	0	0
69	-2.598815	3.452721	0	0
70	-0.02503683	2.345497	0	0
71	0.3907611	4.6027	0	0
72	-3.149226	-3.659463	0	0
73	5.200117	3.394993	0	0
74	4.007078	-3.036912	0	0
75	-6.032815	-1.528157	0	0
76	-4.946769	0.03617943	0	0
77	0.08803216	-1.65714	0	0
78	4.979914	0.9175349	0	0
79	2.113961	-1.577355	0	0
80	-4.858435	-1.962252	0	0
81	2.598505	5.076326	0	0
82	-5.300384	1.337623	0	0
83	0.8676336	2.224117	0	0
84	4.850253	1.525151	0	0
85	1.0018	-3.198871	0	0
86	0.938911	3.493286	0	0
87	-4.427793	2.914116	0	0
88	-2.26645	5.230169	0	0
89	-0.7995824	-4.907687	0	0
90	1.132822	-5.045745	0	0
91	1.981686	0.4257306	0	0
92	-2.001842	-3.736616	0	0
93	-0.142521	-4.540856	0	0
94	-3.11333	3.552031	0	0
95	0.5466256	2.089309	0	0
96	-0.08370986	4.288209	0	0
97	1.795348	-2.668065	0	0
98	-4.386414	-3.268412	0	0
99	2.320517	3.17314	0	0
100	-1.388058	0.5441696	0	0
101	-2.824634	4.631243	0	0
102	4.0555	3.513772	0	0
103	-2.959259	2.977903	0	0
104	2.77186	3.936264	0	0
105	-5.355086	0.7825127	0	0
106	-3.084045	-3.01118	0	0
107	3.958304	4.307591	0	0
108	1.593191	2.901366	0	0
109	2.604549	-1.742713	0	0
110	3.357128	-4.19811	0	0
111	-2.195687	5.302017	0	0
112	0.2392837	4.312306	0	0
113	-0.6383847	4.704028	0	0
114	-1.570074	1.74659	0	0
115	-0.4563967	3.387079	0	0
116	-4.978395	-1.963436	0	0
117	1.510622	0.1604612	0	0
118	0.3002134	-6.116938	0	0
119	-2.064328	1.313917	0	0
120	1.379597	-1.797467	0	0
121	2.242933	-2.351708	0	0
122	-3.056634	4.684802	0	0
123	2.999528	0.6764347	0	0
124	-2.370464	5.079076	0	0
125	4.615092	0.02158107	0	0
126	-5.591504	0.1209698	0	0
127	0.334331	3.89477	0	0
128	4.755068	-2.255804	0	0
129	1.168147	-1.689478	0	0
130	-0.3866703	5.25012	0	0
131	3.920742	2.885366	0	0
132	3.696887	0.7658778	0	0
133	4.956218	-2.267163	0	0
134	1.375159	-3.262894	0	0
135	-3.061565	4.059262	0	0
136	-3.491571	1.076212	0	0
137	4.746679	0.5991025	0	0
138	-6.447738	0.2958984	0	0
139	3.642469	4.495666	0	0
140	5.416567	-0.70396	0	0
141	-3.277686	1.318766	0	0
142	-0.6866139	-0.001655524	0	0
143	5.075971	-2.282507	0	0
144	-4.980343	-0.680107	0	0
145	-0.2117174	-6.452182	0	0
146	-1.63204	-5.721911	0	0
147	2.0007	0.7787568	0	0
148	4.800412	2.11618	0	0
149	5.278233	-0.8872197	0	0
150	5.419128	-0.9282005	0	0
151	2.999896	2.302612	0	0
152	1.897174	-3.263671	0	0
153	-3.527119	0.862646	0	0
154	1.396465	2.430365	0	0
155	-2.210574	1.420789	0	0
156	3.88256	-0.8675392	0	0
157	6.375724	-1.435916	0	0
158	-1.35305	3.212408	0	0
159	-2.29092	1.096107	0	0
160	3.387903	4.062439	0	0
161	-5.171765	-1.400913	0	0
162	-0.4874908	0.1140115	0	0
163	-0.8332528	-0.004675491	0	0
164	-4.040222	0.9232452	0	0
165	2.91034	1.981144	0	0
166	4.782427	-1.78288	0	0
167	-0.1855216	5.612907	0	0
168	-2.548135	4.270766	0	0
169	-2.871252	4.509715	0	0
170	5.429464	-0.4441262	0	0
171	3.662555	-5.386604	0	0
172	-0.5182615	-1.170407	0	0
173	-0.9311686	-0.8977537	0	0
174	-3.798254	2.008132	0	0
175	-1.722082	4.252178	0	0
176	3.735884	-4.38104	0	0
177	2.092234	-5.287307	0	0
178	1.217248	-5.489224	0	0
179	-5.662825	1.49478	0	0
180	5.105838	1.331629	0	0
181	3.314521	4.105629	0	0
182	1.931601	1.132601	0	0
183	-0.1974688	4.328728	0	0
184	-4.959831	-1.836238	0	0
185	-2.032217	4.546851	0	0
186	-3.911846	1.479764	0	0
187	-1.259177	-2.407999	0	0
188	5.539382	1.607609	0	0
189	3.359551	4.558193	0	0
190	-5.423778	0.875251	0	0
191	-1.127054	-5.513503	0	0
192	-2.380936	4.487232	0	0
193	-2.953925	4.925644	0	0
194	-2.248186	-0.5037098	0	0
195	1.300126	-4.491427	0	0
196	-1.755808	1.479695	0	0
197	4.804037	-1.00677	0	0
198	-4.306912	-2.294177	0	0
199	-2.270036	-1.823359	0	0
200	0.5140686	2.635501	0	0
201	-0.1886605	-0.531978	0	0
202	-4.687294	2.429164	0	0
203	4.146876	3.744854	0	0
204	1.223091	4.061278	0	0
205	0.4473587	-5.486805	0	0
206	3.806406	1.414536	0	0
207	3.150488	-4.712171	0	0
208	3.687288	2.114228	0	0
209	5.560808	-1.493908	0	0
210	3.026522	-1.523075	0	0
211	-1.325085	2.052348	0	0
212	2.324054	5.670072	0	0
213	4.420778	-2.85043	0	0
214	-1.758052	-4.505688	0	0
215	-4.060047	2.630218	0	0
216	-0.4763827	-1.567236	0	0
217	-0.9481735	-1.6436	0	0
218	5.510552	-1.206202	0	0
219	4.699928	0.02722315	0	0
220	-1.369325	4.83418	0	0
221	1.219392	-2.456014	0	0
222	-6.344018	1.424742	0	0
223	-1.446822	5.518815	0	0
224	2.880609	-0.590801	0	0
225	-3.238933	4.507554	0	0
226	-0.3517374	-0.9147878	0	0
227	-5.295436	-2.099003	0	0
228	5.56006	0.07177968	0	0
229	4.023563	1.578372	0	0
230	0.5864177	-3.302992	0	0
231	-4.212937	0.1170765	0	0
232	3.128997	3.3339	0	0
233	4.292927	4.171955	0	0
234	0.1135468	-0.331564	0	0
235	2.194378	-1.264174	0	0
236	1.851233	4.857203	0	0
237	-3.32121	-4.376221	0	0
238	-4.478946	-3.32446	0	0
239	-0.9697017	-5.438459	0	0
240	0.1128765	-3.233111	0	0
241	-3.697736	0.9888282	0	0
242	2.832435	-1.166874	0	0
243	4.198889	1.751446	0	0
244	-3.764205	-0.2139628	0	0
245	0.02461781	-0.07418044	0	0
246	1.830398	2.593243	0	0
247	1.811951	4.239675	0	0
248	2.467556	4.837887	0	0
249	4.630185	1.180628	0	0
250	1.013942	-2.80548	0	0
251	-3.813691	2.970344	0	0
252	2.447635	1.785618	0	0
253	-4.902994	2.3967	0	0
254	-1.298346	-2.732908	0	0
255	4.756408	3.266852	0	0
256	2.109134	5.312221	0	0
257	2.053246	-0.1448843	0	0
258	5.409625	-0.02535558	0	0
259	-1.624119	-0.8085386	0	0
260	3.267957	-0.8543865	0	0
261	1.010242	3.137073	0	0
262	-3.200903	-2.83883	0	0
263	4.498988	3.365217	0	0
264	-1.806553	2.633198	0	0
265	3.71219	1.063733	0	0
266	3.44907	-4.774347	0	0
267	1.752941	1.685681	0	0
268	4.340778	-0.3293315	0	0
269	0.5377395	-5.691604	0	0
270	-5.599386	-0.7781586	0	0
271	-3.944363	0.6803291	0	0
272	-1.746404	-4.301827	0	0
273	-6.249669	0.1086074	0	0
274	4.365741	4.027369	0	0
275	0.7280816	-1.11473	0	0
276	0.8270148	5.557176	0	0
277	-0.1669115	-1.288382	0	0
278	2.079176	4.591396	0	0
279	4.186899	-2.45422	0	0
280	1.539806	-2.311893	0	0
281	-1.379598	1.22569	0	0
282	-3.577771	-1.683655	0	0
283	-4.588092	0.908564	0	0
284	1.422457	-3.910185	0	0
285	-3.74438	-3.907818	0	0
286	-4.254279	2.968544	0	0
287	2.598194	-0.1781417	0	0
288	-3.082292	2.480807	0	0
289	4.275429	2.409378	0	0
290	4.358484	3.221796	0	0
291	-1.251977	-2.974233	0	0
292	1.483635	4.051851	0	0
293	2.116661	1.705139	0	0
294	-1.552727	1.317094	0	0
295	1.137263	-0.2755189	0	0
296	-1.718528	-4.713313	0	0
297	5.011193	-0.6308861	0	0
298	-2.602335	4.365132	0	0
299	0.06064415	2.241161	0	0
300	-2.455364	-1.305077	0	0
301	3.769822	4.244323	0	0
302	2.665011	1.118371	0	0
303	5.005449	-2.401664	0	0
304	2.10408	0.2348462	0	0
305	3.790221	-0.9436785	0	0
306	-0.2540556	2.865275	0	0
307	-2.989201	-1.808915	0	0
308	-0.3325535	-0.04101411	0	0
309	1.392369	3.664745	0	0
310	-1.727582	5.159557	0	0
311	-2.220418	-5.15547	0	0
312	-0.141709	-6.689789	0	0
313	-5.844553	1.356808	0	0
314	-1.322413	-5.629393	0	0
315	-2.10613	-1.657991	0	0
316	4.508531	1.764983	0	0
317	-4.464728	3.110092	0	0
318	-5.467198	0.008548612	0	0
319	-1.425189	0.8350413	0	0
320	2.013675	-4.14198	0	0
321	-4.809013	-2.961853	0	0
322	4.759342	-2.175421	0	0
323	-5.802575	0.7286731	0	0
324	-3.236554	2.965683	0	0
325	-1.182372	-0.634915	0	0
326	-2.096548	3.829369	0	0
327	-2.779183	4.710553	0	0
328	-0.3902894	-5.657021	0	0
329	-2.126933	-2.510383	0	0
330	-0.8117535	-5.466974	0	0
331	-6.083448	-0.1876249	0	0
332	-5.827635	0.9067096	0	0
333	-6.175337	1.600846	0	0
334	2.015612	-2.094814	0	0
335	-5.177634	-2.29725	0	0
336	4.587147	-2.415076	0	0
337	4.259188	-0.6107681	0	0
338	-2.259647	2.24351	0	0
339	3.897353	4.30879	0	0
340	0.9272107	-5.319579	0	0
341	-5.645155	2.127911	0	0
342	4.685639	-0.7936395	0	0
343	-2.747445	3.352441	0	0
344	-4.182886	3.601298	0	0
345	-0.2693914	-4.394516	0	0
346	1.657453	0.9290532	0	0
347	2.343497	-0.7600299	0	0
348	-2.933222	0.3332324	0	0
349	5.773082	-1.896114	0	0
350	-3.866926	-1.521046	0	0
351	-5.97871	-1.437766	0	0
352	2.37229	-4.616497	0	0
353	2.965737	2.760763	0	0
354	1.77994	-3.174605	0	0
355	4.405635	-2.030445	0	0
356	-1.137833	3.926746	0	0
357	-2.298342	0.05938783	0	0
358	1.524742	-2.784785	0	0
359	-2.346812	1.663483	0	0
360	4.84261	-0.2565075	0	0
361	5.4147	-1.380797	0	0
362	-6.568213	-0.01515274	0	0
363	1.761255	5.854115	0	0
364	1.950778	1.399149	0	0
365	0.8841958	-6.412909	0	0
366	-5.905144	0.2834951	0	0
367	-0.8330814	3.580766	0	0
368	-4.800903	-1.666013	0	0
369	0.337058	5.00169	0	0
370	2.990234	4.887577	0	0
371	-2.107928	-4.374621	0	0
372	-3.417126	-1.40564	0	0
373	-5.239522	2.324021	0	0
374	0.1024434	2.791163	0	0
375	-0.9099452	2.791013	0	0
376	2.966411	-4.848169	0	0
377	3.647385	0.4136557	0	0
378	0.6537351	-0.1093583	0	0
379	-4.421129	2.03078	0	0
380	2.258018	-3.645357	0	0
381	5.059151	3.209943	0	0
382	3.558663	2.589468	0	0
383	-5.207819	-3.187422	0	0
384	-3.36396	-0.05262695	0	0
385	2.717797	-5.037693	0	0
386	-2.16419	-4.762139	0	0
387	-1.37383	1.655528	0	0
388	5.270444	-2.065263	0	0
389	2.260163	-3.320178	0	0
390	5.665045	0.09150814	0	0
391	2.838168	-4.443165	0	0
392	0.3847119	-3.460259	0	0
393	2.654581	-4.455632	0	0
394	5.150523	1.822294	0	0
395	-0.1055428	-6.254232	0	0
396	1.117388	3.741329	0	0
397	0.7672105	-3.963258	0	0
398	1.478686	4.698183	0	0
399	2.069541	-4.462824	0	0
400	3.225838	-1.766281	0	0
401	3.133966	3.66212	0	0
402	-0.4611153	-4.325564	0	0
403	-5.040779	0.7919737	0	0
404	2.441209	5.363488	0	0
405	6.154462	-1.609602	0	0
406	5.507596	-1.801767	0	0
407	-0.07930163	-6.705235	0	0
408	-0.4731347	-5.521643	0	0
409	-2.047943	1.733178	0	0
410	3.429716	1.129413	0	0
411	-5.016321	-3.020011	0	0
412	0.2670861	-1.128793	0	0
413	5.403348	1.787435	0	0
414	-2.765295	4.300153	0	0
415	-1.614232	-3.955457	0	0
416	-2.910073	2.236414	0	0
417	-3.330186	0.6964422	0	0
418	-3.819524	0.1805533	0	0
419	-0.04973165	3.976716	0	0
420	-2.651367	4.861026	0	0
421	-1.932037	-2.940381	0	0
422	1.800845	-1.157185	0	0
423	0.5780986	2.277345	0	0
424	0.6284375	5.691844	0	0
425	2.360416	0.5144148	0	0
426	3.22481	4.786799	0	0
427	-3.363008	4.628778	0	0
428	3.555408	-3.800423	0	0
429	-0.2923778	-3.975416	0	0
430	0.4283709	2.821155	0	0
431	4.340312	2.096684	0	0
432	-3.774951	-3.247424	0	0
433	-5.871533	-1.769075	0	0
434	-1.442052	-1.727691	0	0
435	-1.801238	0.8657608	0	0
436	2.177377	5.428568	0	0
437	5.247879	0.7657994	0	0
438	-4.800168	-0.3546299	0	0
439	-1.045319	-4.359967	0	0
440	-2.630624	5.178013	0	0
441	4.91037	3.261587	0	0
442	5.389549	-1.233411	0	0
443	-6.36721	-1.420019	0	0
444	3.594592	-2.898363	0	0
445	-6.209869	0.742891	0	0
446	-2.759488	0.6439929	0	0
447	-0.5255351	-4.81209	0	0
448	0.9285382	-2.464993	0	0
449	1.879303	-4.215558	0	0
450	0.1280421	-5.786271	0	0
451	-6.655254	-0.4940142	0	0
452	2.296417	-1.86806	0	0
453	1.102733	-3.214804	0	0
454	-3.588545	4.145826	0	0
455	4.485998	3.565636	0	0
456	-5.357079	2.256537	0	0
457	-2.177896	-3.88096	0	0
458	5.335185	-2.285245	0	0
459	-1.723424	-4.750052	0	0
460	-5.162512	2.39857	0	0
461	5.867534	-0.0332128	0	0
462	1.884295	-4.71457	0	0
463	1.040795	-2.711699	0	0
464	-3.983351	-0.9621889	0	0
465	1.642171	0.5334359	0	0
466	5.086426	2.184924	0	0
467	-0.2107033	-2.941207	0	0
468	-4.268046	1.971293	0	0
469	2.506001	-5.111324	0	0
470	3.838585	2.939831	0	0
471	4.279615	0.3387612	0	0
472	-2.889884	0.01465135	0	0
473	4.247895	-1.880988	0	0
474	0.1818092	5.552097	0	0
475	2.386959	-3.984675	0	0
476	-3.868373	-1.892662	0	0
477	-6.262928	-0.1511034	0	0
478	-4.031953	2.849789	0	0
479	5.258241	1.577901	0	0
480	5.491279	-1.689475	0	0
481	-2.562809	2.957926	0	0
482	2.275967	-2.855616	0	0
483	-2.754293	3.664818	0	0
484	-0.1715168	-6.842555	0	0
485	-3.550682	-0.4594326	0	0
486	4.72594	3.432466	0	0
487	-3.752603	-2.772733	0	0
488	-0.9746561	-1.789417	0	0
489	1.425535	-4.80522	0	0
490	0.9819305	4.06641	0	0
491	1.19525	-4.120831	0	0
492	-6.456764	-0.7134856	0	0
493	4.41408	-2.139162	0	0
494	-2.177292	-4.600081	0	0
495	-0.8421077	4.957778	0	0
496	-1.836111	4.427679	0	0
497	-1.943229	0.761339	0	0
498	-3.326962	4.348734	0	0
499	-1.335078	-4.785175	0	0
500	-2.862298	3.762089	0	0
501	-0.3701608	5.684355	0	0
502	-0.6411057	3.904716	0	0
503	-4.651626	-3.954716	0	0
504	5.053437	-1.210354	0	0
505	4.781355	1.546203	0	0
506	2.97859	0.01084557	0	0
507	1.401669	3.356674	0	0
508	-4.046864	-3.506189	0	0
509	-5.008778	-2.341681	0	0
510	-5.358775	0.5312143	0	0
511	-1.689472	4.681326	0	0
512	-1.554252	-2.127334	0	0
513	3.611293	-2.227456	0	0
514	1.684794	-4.269529	0	0
515	-1.033346	0.2708944	0	0
516	-1.372887	-4.340083	0	0
517	-2.595987	-0.1380763	0	0
518	4.593081	3.905064	0	0
519	3.436166	0.1018997	0	0
520	5.399453	-2.128465	0	0
521	-3.984664	-2.355881	0	0
522	3.451627	1.585755	0	0
523	3.935443	4.051644	0	0
524	3.630874	4.183224	0	0
525	0.04248647	4.657116	0	0
526	2.761053	0.717278	0	0
527	-0.7998784	-6.423104	0	0
528	-6.264226	0.307709	0	0
529	4.657787	3.086034	0	0
530	-2.390225	-2.976587	0	0
531	2.730498	5.04481	0	0
532	-2.252548	-2.268795	0	0
533	-3.729364	4.167728	0	0
534	-5.004868	1.965095	0	0
535	0.2077996	5.813915	0	0
536	3.904783	-1.733003	0	0
537	0.3309605	-4.187453	0	0
538	0.8825698	5.504195	0	0
539	-4.220743	1.520945	0	0
540	3.599993	4.909229	0	0
541	-6.266081	0.532824	0	0
542	-1.658995	-3.725138	0	0
543	0.1788518	0.02326561	0	0
544	0.443387	5.764942	0	0
545	-1.121085	-5.281039	0	0
546	3.839573	-1.776207	0	0
547	5.442008	-1.828346	0	0
548	3.939954	4.612718	0	0
549	4.686068	2.258895	0	0
550	0.1726968	-5.20416	0	0
551	-6.046493	1.559177	0	0
552	-4.73443	-1.200364	0	0
553	-1.319156	-1.179829	0	0
554	-0.8941642	-2.527298	0	0
555	-1.201507	-3.906747	0	0
556	2.130754	0.03104615	0	0
557	2.578456	-0.2928893	0	0
558	-2.404235	1.861859	0	0
559	2.430264	2.073624	0	0
560	1.039165	3.657709	0	0
561	2.199129	4.165118	0	0
562	-3.399208	-4.112993	0	0
563	0.1236442	-0.7647619	0	0
564	-5.532992	-2.429323	0	0
565	-4.284908	-4.307286	0	0
566	-5.040304	1.96591	0	0
567	-2.754883	0.2133289	0	0
568	-3.429121	-2.408006	0	0
569	-3.174745	-1.325794	0	0
570	0.3807818	2.38502	0	0
571	0.6833159	4.250899	0	0
572	1.118926	5.701606	0	0
573	2.310501	-5.208195	0	0
574	-2.175978	-3.301555	0	0
575	-5.604114	-2.359186	0	0
576	-1.904686	4.016692	0	0
577	3.793633	3.893307	0	0
578	-1.332561	-5.291266	0	0
579	5.114626	-0.4606234	0	0
580	-0.3492665	-4.633513	0	0
581	-3.752097	1.093185	0	0
582	2.246688	5.066812	0	0
583	-4.390184	-1.308454	0	0
584	4.037228	3.228501	0	0
585	-2.441435	-3.779528	0	0
586	4.500888	1.449439	0	0
587	0.3361914	-4.593843	0	0
588	1.05213	-1.530207	0	0
589	5.68896	-0.1386062	0	0
590	-4.717514	-2.524851	0	0
591	-4.326429	-2.995842	0	0
592	1.080964	4.442257	0	0
593	-1.870413	5.010866	0	0
594	-4.18546	-3.971705	0	0
595	6.109749	-1.394248	0	0
596	-4.270015	2.631295	0	0
597	0.9065895	3.740088	0	0
598	-2.174463	3.329428	0	0
599	5.053807	2.335199	0	0
600	5.742508	-1.72423	0	0
601	1.568939	-5.616637	0	0
602	1.473246	4.295329	0	0
603	-2.702635	5.106267	0	0
604	1.603247	5.187299	0	0
605	1.792349	5.29491	0	0
606	-2.904837	-0.4805188	0	0
607	2.749009	-2.766032	0	0
608	-0.9430708	-5.830892	0	0
609	-2.503671	1.039413	0	0
610	-1.194671	4.93898	0	0
611	-3.58719	1.44279	0	0
612	0.5855458	-3.646259	0	0
613	-0.4249895	3.545203	0	0
614	4.3423	-1.600101	0	0
615	-1.021112	-5.092941	0	0
616	-2.838454	4.951191	0	0
617	-3.193752	-3.960872	0	0
618	0.06968284	-1.901252	0	0
619	1.672756	-4.807256	0	0
620	5.279387	2.279827	0	0
621	-3.257193	-3.284668	0	0
622	0.2295094	-5.423142	0	0
623	2.286953	1.251373	0	0
624	2.747597	-4.681383	0	0
625	-0.9310298	4.777836	0	0
626	-0.9929654	0.388436	0	0
627	-4.605193	-0.8415054	0	0
628	-5.424112	-0.4501299	0	0
629	3.422948	5.155767	0	0
630	2.236178	1.527841	0	0
631	-3.439084	-3.71734	0	0
632	1.52898	-2.615981	0	0
633	-4.690533	1.495582	0	0
634	1.435758	-4.986296	0	0
635	-6.552821	-1.219079	0	0
636	1.771589	-1.616587	0	0
637	-3.89673	1.888191	0	0
638	4.417769	-0.3987001	0	0
639	-4.78662	0.5087289	0	0
640	1.1108	-3.070228	0	0
641	5.558839	-0.6045859	0	0
642	-1.688498	-5.171795	0	0
643	2.256573	2.546244	0	0
644	0.6472766	4.15557	0	0
645	0.33642	-0.04109978	0	0
646	-5.624015	-1.476463	0	0
647	0.916598	-5.11883	0	0
648	5.41025	1.359017	0	0
649	-6.280106	-1.262197	0	0
650	2.148469	1.637776	0	0
651	2.669727	3.278655	0	0
652	-2.113216	-3.905779	0	0
653	3.129575	-2.17467	0	0
654	-2.424668	-1.006469	0	0
655	-4.466539	3.199451	0	0
656	1.471826	-0.8580301	0	0
657	4.872534	2.492729	0	0
658	-6.396534	-1.060261	0	0
659	-4.545381	-4.091172	0	0
660	-4.98584	-1.44249	0	0
661	-3.670008	-0.01162967	0	0
662	1.395093	1.981562	0	0
663	3.224107	0.5910858	0	0
664	2.178171	-5.002478	0	0
665	5.502394	0.683048	0	0
666	-2.339501	3.913652	0	0
667	-5.033437	-3.592914	0	0
668	5.058796	2.759513	0	0
669	-0.429245	3.630369	0	0
670	0.8828679	4.058354	0	0
671	-1.063694	1.709474	0	0
672	-3.618355	4.052115	0	0
673	-1.243729	-4.949765	0	0
674	-2.792368	1.29263	0	0
675	3.224514	4.570756	0	0
676	1.771429	5.518862	0	0
677	-0.5248251	-2.856398	0	0
678	-5.923186	0.3924685	0	0
679	-5.385898	1.979079	0	0
680	0.4403323	5.544302	0	0
681	-5.051904	2.642554	0	0
682	3.256085	-3.005837	0	0
683	-3.087252	-4.062627	0	0
684	-0.3959199	-2.101825	0	0
685	3.816316	-0.3996807	0	0
686	3.113972	-2.661719	0	0
687	-0.7508763	-5.201628	0	0
688	-4.914037	1.030432	0	0
689	0.4444618	-4.973486	0	0
690	-2.527072	2.516518	0	0
691	0.7313043	-4.233074	0	0
692	-1.666502	4.757846	0	0
693	-2.807988	1.58158	0	0
694	-4.809505	2.179257	0	0
695	0.981647	4.876234	0	0
696	-2.095551	-1.297621	0	0
697	-2.759523	-3.952177	0	0
698	2.397021	-4.922744	0	0
699	1.88642	4.143199	0	0
700	-0.7866973	3.830747	0	0
701	-0.6447232	5.645575	0	0
702	3.484421	-5.068816	0	0
703	3.100815	-4.258541	0	0
704	3.354629	-2.393995	0	0
705	1.949422	-2.30057	0	0
706	3.683679	-2.142335	0	0
707	2.500192	2.360952	0	0
708	1.09298	-1.036562	0	0
709	-5.653404	-2.011846	0	0
710	-4.132975	-1.401639	0	0
711	1.801969	-5.318841	0	0
712	-6.027146	-0.8529822	0	0
713	1.172159	0.6478248	0	0
714	-2.837744	-4.915752	0	0
715	-5.141503	-2.421471	0	0
716	-1.168679	-4.600999	0	0
717	1.03803	-6.554717	0	0
718	-2.323631	2.30201	0	0
719	3.468098	-3.610918	0	0
720	-2.257823	3.830131	0	0
721	2.808401	5.049342	0	0
722	-3.660199	2.064526	0	0
723	-6.273286	0.9586556	0	0
724	-3.273539	1.248429	0	0
725	-4.651686	-0.6917469	0	0
726	-6.104467	1.074884	0	0
727	-1.018576	-6.234512	0	0
728	-0.1581678	3.424822	0	0
729	-6.416933	-0.4203627	0	0
730	4.918098	0.4735662	0	0
731	-3.850655	0.2896964	0	0
732	1.013272	-6.134443	0	0
733	-1.236713	2.17327	0	0
734	3.392384	-5.040269	0	0
735	-1.501922	3.885993	0	0
736	4.045464	-2.476865	0	0
737	-1.419565	-5.072912	0	0
738	-0.9847821	-3.207694	0	0
739	0.169851	5.651909	0	0
740	-1.980666	-6.022477	0	0
741	-5.772203	-0.5582279	0	0
742	-5.011146	2.571707	0	0
743	1.701551	-3.251976	0	0
744	0.9829028	-0.4690339	0	0
745	2.021804	-4.790262	0	0
746	1.476662	3.858409	0	0
747	5.759457	1.802153	0	0
748	-4.214039	-0.6530343	0	0
749	1.206921	5.519955	0	0
750	-2.931618	-4.808435	0	0
751	1.086083	-3.583784	0	0
752	3.625091	-0.7339418	0	0
753	-1.670785	5.445521	0	0
754	-2.492086	-2.585276	0	0
755	1.007024	-6.771298	0	0
756	-1.306732	2.389871	0	0
757	-1.639868	-6.057514	0	0
758	3.400933	-4.303423	0	0
759	4.016779	4.516246	0	0
760	3.001566	4.727439	0	0
761	4.232528	3.058751	0	0
762	-0.9215785	-1.947806	0	0
763	4.058077	-4.612827	0	0
764	-1.942642	-0.327331	0	0
765	-3.80718	4.031625	0	0
766	4.83021	-0.8509098	0	0
767	2.08318	5.656551	0	0
768	1.579241	3.849261	0	0
769	2.637419	2.591134	0	0
770	-2.487922	-3.997594	0	0
771	-4.04033	1.095916	0	0
772	1.575075	4.864923	0	0
773	-1.796668	1.879603	0	0
774	0.6391723	5.152195	0	0
775	2.153613	4.737027	0	0
776	-3.820161	3.501608	0	0
777	1.886572	2.977218	0	0
778	3.934034	1.320847	0	0
779	-2.021484	3.366196	0	0
780	-2.130552	-5.2541	0	0
781	-1.955107	-1.905817	0	0
782	4.098451	2.559907	0	0
783	-6.508837	-0.2829363	0	0
784	2.660527	3.84876	0	0
785	-3.765259	-3.968941	0	0
786	-1.236095	-6.032454	0	0
787	2.654722	4.463598	0	0
788	4.405382	3.625517	0	0
789	-6.506136	1.650636	0	0
790	0.7823808	-5.911918	0	0
791	5.025973	-2.582803	0	0
792	2.503791	3.030368	0	0
793	2.350148	-3.025188	0	0
794	-5.078689	-2.767487	0	0
795	-1.736393	-5.261959	0	0
796	1.211153	4.879995	0	0
797	-4.90608	-3.424431	0	0
798	-1.797086	2.110264	0	0
799	4.521546	2.663858	0	0
800	3.828701	3.592704	0	0
801	-0.1127109	-2.496383	0	0
802	-2.540567	4.037334	0	0
803	0.8546376	-1.963864	0	0
804	1.280152	-0.8215353	0	0
805	4.621557	-2.66451	0	0
806	-2.3215	-5.039926	0	0
807	-3.375621	-3.325425	0	0
808	-4.047667	-1.762052	0	0
809	0.1272315	3.730423	0	0
810	0.9875448	1.582972	0	0
811	-4.553823	2.643512	0	0
812	-0.04686086	4.754817	0	0
813	-6.267388	-0.6704578	0	0
814	5.159592	1.639936	0	0
815	-0.8879451	-4.698691	0	0
816	-2.09029	-5.615827	0	0
817	-2.585654	2.09532	0	0
818	-1.619586	5.139281	0	0
819	-5.042045	0.3041294	0	0
820	1.997065	-5.040299	0	0
821	3.957885	2.420045	0	0
822	-2.439608	5.454335	0	0
823	-4.410027	0.7946452	0	0
824	-2.701883	1.331119	0	0
825	1.699613	4.488661	0	0
826	-0.2986602	-5.216113	0	0
827	-0.8623433	-6.852709	0	0
828	1.072182	-5.49512	0	0
829	-0.01792818	3.408745	0	0
830	5.501344	0.4572027	0	0
831	-0.8057934	3.207648	0	0
832	-3.095494	-4.454004	0	0
833	-5.476574	-0.560577	0	0
834	-1.827769	4.860539	0	0
835	1.014869	-3.858252	0	0
836	1.795621	0.2086372	0	0
837	0.949678	-0.7603235	0	0
838	-5.924079	0.06665776	0	0
839	4.802115	2.710629	0	0
840	-0.8676044	-3.174544	0	0
841	-5.349899	2.467142	0	0
842	2.068247	0.133246	0	0
843	-4.706161	1.616907	0	0
844	3.047463	3.503936	0	0
845	-3.398606	1.706346	0	0
846	-3.908716	-2.025197	0	0
847	-0.9461041	3.440387	0	0
848	2.487841	2.277126	0	0
849	4.114678	1.170255	0	0
850	-4.574875	-2.055986	0	0
851	2.794546	3.36452	0	0
852	-3.911465	0.3890397	0	0
853	-3.890223	-2.654383	0	0
854	1.221573	2.317843	0	0
855	6.092625	-1.238305	0	0
856	1.275213	5.010381	0	0
857	-0.7960373	-2.439128	0	0
858	3.958316	-2.17083	0	0
859	3.666039	3.08563	0	0
860	-2.095247	-0.2183764	0	0
861	-3.857009	0.6199812	0	0
862	-2.478992	0.6157745	0	0
863	4.630623	0.8759537	0	0
864	0.49156	-2.855694	0	0
865	-2.740005	-2.262504	0	0
866	-0.4444483	5.364122	0	0
867	-4.704725	-3.307063	0	0
868	-3.430433	-0.6939222	0	0
869	-4.125389	-3.845974	0	0
870	3.107391	5.064521	0	0
871	-2.33485	0.7365115	0	0
872	1.94806	-2.576931	0	0
873	4.797732	3.153246	0	0
874	-5.327303	-1.939349	0	0
875	0.6937474	-5.558886	0	0
876	2.775013	4.744349	0	0
877	-1.166328	5.271733	0	0
878	6.272179	-1.592665	0	0
879	1.609952	5.579354	0	0
880	-3.661847	4.426623	0	0
881	1.646999	-3.404282	0	0
882	-5.857968	0.6780891	0	0
883	0.7586135	5.65419	0	0
884	-0.3165689	-0.2475394	0	0
885	-2.511829	4.903492	0	0
886	-2.37988	0.001885834	0	0
887	4.823679	0.736253	0	0
888	5.813801	0.2127693	0	0
889	-0.08257428	-3.688572	0	0
890	0.974754	5.122286	0	0
891	-3.676218	-3.497929	0	0
892	5.306135	1.252014	0	0
893	-1.435026	5.289748	0	0
894	-0.5045962	3.878625	0	0
895	-0.07271642	-5.421747	0	0
896	-2.392688	-4.462266	0	0
897	-1.736207	-1.049185	0	0
898	-3.381566	4.584241	0	0
899	3.409949	3.414553	0	0
900	3.377748	-0.6117741	0	0
901	-2.33372	2.654939	0	0
902	-4.401745	-3.681232	0	0
903	-2.158466	-3.454258	0	0
904	-1.415945	1.043343	0	0
905	-2.485314	-4.227804	0	0
906	-0.4012166	-3.244515	0	0
907	-2.137873	0.2625527	0	0
908	1.593951	-5.299776	0	0
909	5.195015	-1.865765	0	0
910	1.352478	5.577996	0	0
911	5.175464	1.727029	0	0
912	2.642797	0.1515232	0	0
913	-0.1913196	5.282843	0	0
914	2.161835	-2.78142	0	0
915	-3.466157	2.579396	0	0
916	2.885461	1.416714	0	0
917	5.553875	-1.208283	0	0
918	-6.507664	-0.9488272	0	0
919	1.549226	4.959783	0	0
920	2.221164	-4.811973	0	0
921	-4.197463	2.699631	0	0
922	4.94143	0.9066301	0	0
923	-4.976238	-3.245433	0	0
924	-4.091311	2.275433	0	0
925	5.810873	-1.383315	0	0
926	0.5434493	-0.7224828	0	0
927	3.074073	2.681612	0	0
928	-2.887127	1.960102	0	0
929	1.188613	-2.884281	0	0
930	-1.145814	4.533463	0	0
931	-5.810864	-0.1236909	0	0
932	5.923117	0.0988321	0	0
933	3.248411	4.349709	0	0
934	5.380919	1.874159	0	0
935	-2.565592	-3.411463	0	0
936	3.198382	4.902015	0	0
937	2.312135	-2.480042	0	0
938	-4.310358	-0.9464697	0	0
939	3.633835	-5.269332	0	0
940	-5.770476	-0.1843924	0	0
941	-0.6093353	4.365006	0	0
942	-0.1557742	-4.874597	0	0
943	2.510364	-2.999038	0	0
944	4.545837	-2.798334	0	0
945	1.961669	2.160641	0	0
946	-1.627884	3.62315	0	0
947	-4.581974	2.734982	0	0
948	2.246066	2.739315	0	0
949	-0.5106886	-5.218366	0	0
950	-3.281718	-1.895195	0	0
951	-2.785183	-4.63469	0	0
952	1.230702	-2.688277	0	0
953	4.508162	0.511324	0	0
954	1.774721	-1.98336	0	0
955	5.596323	0.7989249	0	0
956	-0.5743372	4.946135	0	0
957	1.471668	-3.013484	0	0
958	1.999508	1.010438	0	0
959	-3.705027	-4.579645	0	0
960	3.157558	1.037467	0	0
961	3.903018	3.779707	0	0
962	1.271005	-5.615991	0	0
963	4.651831	-0.4567109	0	0
964	2.311794	-4.956607	0	0
965	3.31324	5.071746	0	0
966	1.350927	-2.155874	0	0
967	5.069562	0.4010272	0	0
968	1.731139	3.923553	0	0
969	0.4728112	4.957072	0	0
970	-0.7831534	2.27118	0	0
971	-3.318549	-0.2705472	0	0
972	-1.685375	-3.628658	0	0
973	-2.444427	-5.234348	0	0
974	1.449229	-4.352628	0	0
975	3.938536	0.1924178	0	0
976	-0.766002	-3.694344	0	0
977	-3.31673	-3.410753	0	0
978	5.675557	-0.2274154	0	0
979	1.575783	-3.89619	0	0
980	-2.60454	-4.881123	0	0
981	-4.205865	-1.656804	0	0
982	5.45286	1.14173	0	0
983	1.397207	-1.315191	0	0
984	4.910606	0.6816274	0	0
985	-4.213259	-3.746448	0	0
986	4.230201	2.919147	0	0
987	0.8129543	-6.327238	0	0
988	-1.507561	3.400837	0	0
989	-0.6123306	-4.610657	0	0
990	1.836045	3.271224	0	0
991	1.006187	-2.909577	0	0
992	2.478762	-3.504194	0	0
993	0.6914773	4.570273	0	0
994	-0.6879233	-3.460894	0	0
995	0.8744143	3.683959	0	0
996	-1.389512	-4.487521	0	0
997	4.66931	1.115358	0	0
998	-1.438751	-2.780504	0	0
999	5.125602	1.240815	0	0
