from	to	label	distance	angle
1	140	1	0.48261897	2.583857
1	336	2	0.35887022	2.2368895
1	386	3	0.34066084	0.57368583
1	448	4	0.57605344	-0.34539074
2	32	5	0.49697614	-2.312994
2	89	6	0.59321854	2.1824968
2	119	7	0.64623565	-1.370104
2	190	8	0.51732635	1.503792
2	330	9	0.35407966	0.13772824
3	130	10	0.84789724	-1.2734229
3	206	11	1.5891523	2.8368696
3	437	12	1.4858088	-0.011604662
4	25	13	0.71471001	2.5651874
4	48	14	0.54731309	1.6792531
4	318	15	0.69630747	-0.51689022
4	408	16	0.29847282	0.05239206
4	448	17	0.46063199	-1.4046118
5	13	18	0.5141763	0.17843544
5	147	19	0.50583751	1.8055423
5	414	20	1.1093135	2.9735686
5	430	21	1.0518603	-0.5234109
6	126	22	0.49591757	-2.905321
6	431	23	0.094043069	2.0272004
7	19	24	0.51089338	0.92071888
7	65	25	0.3494589	-0.63605776
7	92	26	0.49988293	2.2030608
7	409	27	0.58312412	-1.9568932
8	87	28	0.25305675	0.95329118
8	102	29	0.25351334	-2.7923606
8	294	30	0.73691977	0.66604573
8	433	31	0.72815119	-2.1184853
9	50	32	0.52328655	-1.4456225
9	114	33	0.42510619	1.7598892
9	253	34	0.5499639	2.5886935
9	480	35	0.41347788	-0.7949745
10	265	36	0.1806272	-2.4153831
10	375	37	0.38020778	2.6784077
10	417	38	0.30278819	0.99381913
11	13	39	0.31981673	-1.5698828
11	30	40	0.68962418	-0.43513902
11	147	41	0.62860188	3.0125583
11	372	42	0.41529253	2.339116
12	67	43	0.48586404	-1.2456006
12	229	44	0.61626549	1.8710199
12	240	45	0.45114144	-0.17723587
12	491	46	0.26497991	-1.3222068
13	71	47	0.89004874	-0.61204626
13	147	48	0.74129949	2.5705123
14	114	49	0.71033509	-0.75737641
14	250	50	0.23815405	0.58897758
14	254	51	0.68402627	3.1351567
14	267	52	0.77240017	-0.53723024
14	299	53	0.8965001	2.3382834
15	51	54	0.36097296	1.61405
15	94	55	0.43984502	2.9543701
16	34	56	0.47386373	-0.64177317
16	85	57	0.33223809	-1.9737921
16	106	58	0.46585318	3.1349282
16	182	59	0.3740621	0.79734542
16	295	60	0.36484155	1.7464966
17	195	61	0.41924479	-2.0710982
17	220	62	1.4675649	-1.0856098
17	255	63	0.88311598	1.9043678
17	351	64	0.78515929	2.1671978
17	362	65	0.51364272	-3.0363238
17	497	66	0.9446348	1.6324702
18	41	67	0.6880948	-1.9921636
18	101	68	0.68929322	0.85012354
18	150	69	0.21899132	-2.1400827
18	157	70	0.3300643	-0.2990807
19	65	71	0.61492088	-1.6165046
19	92	72	0.60464433	-3.1359054
19	138	73	0.75504956	2.2346248
19	258	74	0.84238766	0.31403556
19	261	75	0.36301431	1.1291602
19	375	76	0.50696399	-1.0705743
20	137	77	0.53468974	-0.90913181
20	219	78	0.53431904	-1.819907
20	271	79	0.78416911	2.1846671
20	326	80	0.4989849	-0.098622112
21	144	81	0.33129294	0.96311658
21	167	82	0.34936028	2.5401491
21	189	83	0.32192919	2.3434122
22	88	84	0.17485894	-1.8611348
22	171	85	0.67506483	-2.9822265
22	262	86	0.60105939	-0.1876067
22	301	87	0.20744071	-1.7172392
22	303	88	0.24679622	0.94429131
23	228	89	0.60683836	-2.9920309
23	372	90	0.61458178	-0.37262943
23	443	91	0.15770675	-2.5344154
24	141	92	0.48600965	-2.3458632
24	187	93	0.61766996	1.8221584
24	198	94	0.34980587	-1.2400525
24	477	95	0.12300251	3.0309587
25	48	96	0.56167605	0.27879285
25	63	97	0.46777541	-3.116218
25	473	98	0.69736642	2.5237131
26	121	99	0.517675	-0.56005055
26	130	100	0.54445279	2.8742946
26	359	101	0.45135333	1.1736558
26	470	102	0.25162631	-2.4009002
27	105	103	0.48676647	-1.3053599
27	385	104	0.77405305	2.0208727
27	397	105	0.37920854	1.8578123
27	424	106	0.71558338	-1.1450816
28	95	107	0.42363747	-2.4808075
28	180	108	0.22420294	2.4885449
28	420	109	0.32065679	1.6663406
29	264	110	0.46482427	1.1901355
29	296	111	0.71513339	-0.048904361
29	363	112	0.73901776	-2.491715
30	71	113	0.55029114	-1.3817446
30	254	114	0.98936241	-0.8366744
30	299	115	0.73039687	-0.12871107
30	301	116	0.46174031	1.1122974
30	372	117	1.0874871	2.5688737
31	229	118	0.46644889	-2.5796876
31	240	119	0.94556525	-1.32335
31	284	120	0.56219239	2.0852382
31	356	121	0.5573032	0.17878065
31	362	122	0.77122724	1.4099045
31	454	123	0.41822096	2.6087195
32	89	124	0.85192898	1.5763733
32	93	125	0.93330882	-1.7635811
32	119	126	0.53597523	-0.52147453
32	276	127	0.43306488	1.8289118
32	291	128	0.52312129	-2.8395275
33	49	129	0.82656337	-1.2326807
33	112	130	0.70176701	3.0558331
33	206	131	0.88471045	0.19166112
33	220	132	0.91482916	1.9493006
33	371	133	0.56489824	-2.1343402
34	85	134	0.51035013	-3.0985504
34	138	135	0.73202744	-0.61259914
34	154	136	0.26998079	-2.6948491
34	182	137	0.56384674	1.7821009
34	309	138	0.38480003	-0.66487642
35	45	139	0.69330917	2.4335626
35	202	140	0.76925754	-0.38615393
35	223	141	0.34601682	2.3155127
35	252	142	0.63550321	-2.6856369
35	494	143	0.53735282	-0.014745952
36	172	144	0.50787017	0.15315307
36	217	145	0.44950359	-2.3886226
36	249	146	0.36089438	-1.6273542
37	233	147	0.44674616	1.8136727
37	429	148	0.51600455	0.34329919
37	457	149	0.60401485	-2.2447242
38	92	150	0.78693367	0.27803096
38	193	151	0.98754457	-1.5126052
38	398	152	1.0542726	2.1986376
38	469	153	0.31275305	-1.6426754
39	113	154	0.40827324	-2.2624078
39	152	155	0.95684842	0.8527963
39	320	156	0.65701405	-2.0642853
39	493	157	0.51570258	-2.2211928
40	108	158	0.31675736	2.1122869
40	192	159	0.44688037	-0.043219687
40	213	160	0.10577771	-2.0376978
40	472	161	0.28707426	1.0929195
41	357	162	0.28138427	-1.1535075
41	423	163	0.66522817	-1.5714353
42	126	164	0.9028146	0.89681857
42	145	165	1.0196697	2.4902498
42	435	166	1.130719	-1.4116992
43	86	167	0.69903789	-2.4218852
43	171	168	0.62988637	0.30690783
43	315	169	0.31466845	2.0107321
44	358	170	0.71815436	-0.88607436
44	377	171	0.64157614	2.2385881
44	449	172	0.63921023	0.010922149
44	455	173	0.67562001	3.0037841
45	52	174	0.3753088	0.84009092
45	160	175	0.66690932	1.7705298
45	223	176	0.35206711	-0.59201802
45	252	177	0.73202913	-1.6308191
45	341	178	0.67292763	0.83987269
45	358	179	0.66468502	-2.8168414
45	449	180	0.56685584	2.4734649
46	188	181	0.49439625	1.1740091
46	201	182	0.49086199	-1.2713338
46	226	183	0.4046347	2.2221223
46	396	184	0.48880683	-2.6864555
46	457	185	0.38991482	0.061994625
47	97	186	0.39471189	-0.43862166
47	128	187	0.49589026	1.4452699
47	191	188	0.31729351	0.75178028
47	242	189	0.38909202	-1.6063709
47	364	190	0.47551568	-2.3319512
48	127	191	0.64069603	1.8581831
48	401	192	0.67372528	1.0856749
48	408	193	0.63792265	-0.97627786
49	53	194	0.8872057	-0.75589499
49	74	195	0.52759646	-1.4187132
49	371	196	0.65041701	2.6583503
50	89	197	0.74130502	-1.4622096
50	391	198	0.65563431	2.3994011
50	421	199	0.40351339	-0.78664041
50	480	200	0.31696902	0.78496091
51	94	201	0.50122344	-2.5518195
51	214	202	0.59659893	-2.6182909
51	333	203	0.48397373	0.99869325
51	395	204	0.38943345	0.41021154
51	463	205	0.57030825	1.136091
52	341	206	0.29761886	0.8395975
53	74	207	0.5723137	2.9888746
53	413	208	0.39526453	-2.1050299
53	488	209	1.0127573	-0.27261351
53	496	210	0.3816514	-1.7912771
54	118	211	0.56192603	-1.9984702
54	124	212	0.39449384	2.0617544
54	251	213	0.27152899	-2.5914478
54	434	214	0.49659283	0.5035466
55	68	215	0.79745127	-1.1693578
55	82	216	0.84103888	1.5561965
55	245	217	0.47558082	2.0143827
55	313	218	0.84475689	-1.7084872
55	332	219	0.81460786	1.0139799
55	394	220	0.47577874	-1.1027221
55	422	221	0.54658315	2.6055808
55	454	222	0.49578953	-2.4740624
56	286	223	0.49367563	0.70926071
56	292	224	0.6382051	-2.4160754
56	311	225	0.40348819	-1.6146975
56	328	226	0.55994766	1.3570631
56	483	227	0.19400302	2.7676972
57	83	228	0.49176013	0.29748245
57	186	229	0.389508	-3.0818344
57	224	230	0.35524344	-1.6348757
57	437	231	0.45803524	2.2367529
58	387	232	0.43608477	-2.3336319
58	399	233	0.34321019	0.55165807
58	441	234	0.32736083	2.7596072
59	95	235	0.35255475	-2.8757282
59	290	236	0.38362781	-1.7793324
59	420	237	0.48791642	1.6452468
60	235	238	0.73498815	-2.7764467
60	366	239	0.724596	-0.054368594
61	67	240	0.37368944	1.3623423
61	210	241	0.32205201	-2.5316817
61	221	242	0.21551477	-1.2585231
61	489	243	0.47667606	0.2281777
62	141	244	0.36612981	-0.60109121
62	169	245	0.85835991	2.9639605
62	170	246	0.61377287	-1.9205616
62	290	247	0.45245213	1.1306222
62	361	248	0.56467386	0.43065028
62	477	249	0.54204675	0.28752071
63	473	250	0.42790156	1.8086106
64	354	251	0.32652485	3.0205792
64	461	252	0.24782938	-2.0392139
65	265	253	0.49131822	-0.24755676
65	268	254	0.40542333	-1.6424726
65	375	255	0.31981503	0.55833469
65	409	256	0.60111545	-2.5552476
66	334	257	0.3621791	-1.8503741
66	410	258	0.38719852	0.90868903
66	435	259	0.53154721	-3.0897055
67	148	260	0.34422007	-1.9778546
67	240	261	0.47799975	0.92194032
67	489	262	0.46497979	-0.58761484
68	110	263	0.49539677	-1.5849236
68	239	264	0.39379908	0.3899066
68	313	265	0.4397101	-2.9058336
68	394	266	0.32427966	1.8743841
68	426	267	0.76627188	-0.86064529
69	121	268	0.70336558	-3.0823306
69	167	269	0.29585189	-1.9049931
69	490	270	0.71947813	0.50086841
70	77	271	0.5802892	3.0060877
70	94	272	0.4168645	1.4237918
70	214	273	0.39493405	1.670084
70	293	274	0.50402199	-0.8415775
71	254	275	0.59209075	-0.33388074
71	430	276	0.34027422	-2.8258942
71	495	277	0.87698102	-1.043122
72	90	278	0.4794634	2.9148637
72	134	279	0.71966065	-0.20393112
72	305	280	0.40508333	1.6616067
72	403	281	0.52416074	-2.6519594
73	152	282	1.0101943	-2.1600238
73	297	283	0.52267694	0.95182647
73	352	284	0.65398126	0.89924138
73	433	285	0.15756958	2.5059355
73	475	286	0.63336436	0.72748265
74	75	287	0.41974933	-2.9021157
74	216	288	0.37025574	-2.0874845
75	216	289	0.31623959	-0.7798021
75	237	290	0.44192794	2.3607493
76	125	291	0.62668523	-2.6421665
76	232	292	0.70089554	0.9089538
77	214	293	0.62135082	0.53090265
77	274	294	0.51639021	2.6473081
77	490	295	0.75121489	-2.9200406
78	124	296	0.29669344	-0.43832106
78	196	297	0.3804561	-2.4983611
79	104	298	0.47200745	-1.6657576
79	227	299	0.27527503	-2.8787096
79	250	300	0.54884078	0.65277106
79	253	301	0.55384299	-0.8488231
79	434	302	0.76116618	3.07713
79	487	303	0.47265997	0.81657732
80	87	304	0.97187737	-2.6689741
80	235	305	0.8094135	0.48606561
80	249	306	0.76036947	-3.0523796
80	294	307	0.47372321	-2.7210234
80	327	308	1.0181451	0.14012316
80	360	309	0.28936555	0.43778519
81	155	310	0.5199698	0.2152852
81	175	311	0.59277707	2.1066631
81	274	312	0.57929118	-2.1129024
82	245	313	0.46483425	-2.0550171
82	332	314	0.44411193	-0.34308017
82	364	315	0.8974286	1.6499073
82	459	316	0.4406952	0.85636887
83	175	317	0.99431064	0.94672428
83	224	318	0.70115423	-2.3503984
83	274	319	0.61774495	-0.32804206
83	437	320	0.78350894	2.8622618
83	490	321	0.68186824	-1.1045364
84	306	322	0.47030007	0.99905598
84	373	323	0.25182265	-0.64529683
84	415	324	0.4747857	-2.1087979
85	106	325	0.4559653	2.3977984
85	154	326	0.28271812	-0.3414914
85	398	327	0.54299436	-2.4171254
86	244	328	0.57572675	-1.2169395
86	337	329	0.43922466	-3.1278196
86	378	330	0.43294803	2.3114879
86	453	331	0.52123728	-2.1826287
87	102	332	0.48364009	-2.4906118
87	249	333	0.38992581	1.2901673
87	269	334	1.0025319	-2.4930033
87	294	335	0.49940422	0.5219891
88	171	336	0.61940563	3.0439036
88	280	337	0.73852474	0.37459983
88	287	338	0.65763635	-1.9109477
89	190	339	0.37653751	0.081126551
89	276	340	0.445928	-1.8103212
89	399	341	0.75279288	2.2606277
89	421	342	0.49548843	1.1450553
90	197	343	0.55895477	-2.3128377
90	439	344	0.46085582	1.5145675
91	278	345	0.26439572	2.0158998
91	283	346	0.63796151	0.34848471
91	369	347	0.63677429	-2.8706031
91	467	348	0.46398078	-1.2585366
92	138	349	0.61417913	1.3417968
93	187	350	0.68227619	0.018859319
93	286	351	0.78748131	-1.8668379
93	291	352	0.82522556	1.9698272
93	328	353	0.7170014	-2.3148148
93	331	354	0.73228134	-1.1805357
94	204	355	0.72271912	2.7362711
94	214	356	0.10206489	-2.9505606
94	343	357	0.26011018	-3.124064
95	169	358	0.94632471	-2.5338883
95	180	359	0.42597877	1.1948577
95	290	360	0.38457704	-0.82574703
95	420	361	0.65407102	1.0876229
96	111	362	0.42837327	-2.2506114
96	219	363	0.59187671	0.25102569
96	321	364	0.50399579	3.0013204
97	143	365	0.42331948	1.2847653
97	191	366	0.40431808	1.8865989
97	242	367	0.43210579	-2.604144
97	259	368	0.52477965	0.47019097
97	307	369	0.67830749	-1.4030259
98	157	370	0.5547431	1.0160316
98	320	371	0.48264648	-1.0150153
98	416	372	0.41832691	-2.0080501
99	118	373	0.69170571	2.75018
99	275	374	0.59787558	-1.1237973
99	347	375	0.41525031	-0.25976809
99	465	376	0.37856382	1.0734156
100	138	377	0.27056113	2.3928295
101	157	378	0.63076644	-1.7937117
101	266	379	0.26700151	0.22386223
101	363	380	0.87355308	0.90048074
102	433	381	0.55315734	-1.8284466
103	219	382	0.54956378	-0.013423207
103	321	383	0.52955131	-2.9824241
104	227	384	0.45557498	2.0774329
104	253	385	0.41433453	0.13123669
104	391	386	0.55583744	-0.59302781
104	406	387	0.43274425	-1.3761327
104	465	388	0.58601762	-2.8593507
105	176	389	0.47260734	-1.5104867
106	234	390	0.70878281	2.1973235
106	295	391	0.53710446	0.72486802
106	398	392	0.67235678	-1.6767054
106	429	393	0.49814031	-3.0639924
107	218	394	0.34518694	1.4672548
107	374	395	0.68990922	0.73169427
107	466	396	0.7258688	-2.6474191
108	148	397	0.46409035	1.9071793
108	209	398	0.34943696	0.83770351
108	213	399	0.38373984	-1.2646655
108	221	400	0.18561048	1.722379
108	472	401	0.29574734	-0.055915335
109	194	402	0.18114075	-1.7693133
109	236	403	0.39523904	-2.501647
109	407	404	0.58307657	3.0056849
109	460	405	0.38974238	-0.86618723
109	484	406	0.72723008	0.69155209
110	282	407	0.64533118	-1.3745878
110	313	408	0.57534897	2.3905013
110	426	409	0.51376424	-0.16756893
111	321	410	0.46441636	2.0882915
111	335	411	0.49527218	-1.1183242
111	344	412	0.42341711	-2.3069991
112	220	413	0.86859784	1.1420156
112	240	414	0.80870472	2.6855464
112	285	415	0.60985588	-1.6498903
112	371	416	0.6685975	-0.93425246
112	489	417	0.68852594	-2.7188484
113	412	418	0.25237696	-2.427895
113	485	419	0.43266465	-1.149135
114	250	420	0.69713111	2.0446779
114	267	421	0.17417072	0.56144565
114	452	422	0.39580717	-0.50120599
114	480	423	0.80276376	-1.0925278
115	262	424	0.40099713	-2.3640224
115	280	425	0.24810529	-2.8701124
115	317	426	0.28296765	-1.0088698
116	149	427	0.47876112	2.6495956
116	194	428	0.64128346	3.0648031
116	349	429	0.45343334	-0.026010452
116	460	430	0.35815726	-2.9444479
116	466	431	0.69311883	0.078764459
117	271	432	0.62429537	0.50954137
117	307	433	0.61244474	-2.4795024
118	134	434	0.9969011	2.7417573
118	179	435	0.77451904	-1.1041114
118	251	436	0.36936022	1.566472
118	341	437	0.69186825	-2.3112839
118	440	438	0.56324353	2.1499644
118	465	439	0.82289735	0.083720876
119	187	440	0.63732149	-1.5101883
119	432	441	0.45406662	-0.78786835
120	296	442	0.65514151	-2.9080234
120	324	443	0.32551944	-1.648722
120	369	444	0.69167449	0.2175866
121	167	445	0.65014816	-0.37449373
121	224	446	0.72973133	0.75029281
121	302	447	0.85313854	-2.7025223
121	436	448	0.35853217	-1.6696687
121	470	449	0.63309227	2.9746389
122	169	450	1.4673038	-1.692116
122	435	451	0.76055172	0.52781507
122	451	452	0.53308976	-0.13928309
122	482	453	1.4157265	1.8334916
123	257	454	0.45356309	1.4271879
123	329	455	0.73020791	-2.9421892
123	414	456	1.1012731	-0.10653852
123	474	457	0.81135435	-3.122389
124	196	458	0.58212589	-2.9649942
124	287	459	0.65852571	1.2028745
124	434	460	0.63031557	-0.17263275
124	440	461	0.52600297	-2.3125247
125	131	462	0.55224333	-2.912622
125	241	463	0.50768246	1.5422416
125	349	464	0.47716499	-2.0570249
126	207	465	0.50507644	0.61413287
126	267	466	0.64983049	2.3835496
126	431	467	0.48415996	0.42697793
127	325	468	0.51301444	1.414726
127	338	469	0.65729423	2.6852991
127	401	470	0.49611467	-0.03715718
128	200	471	0.37304114	-2.7183034
128	310	472	0.35348593	0.16704521
128	425	473	0.41869213	0.72911063
129	156	474	0.55545105	-0.77761463
129	162	475	0.54058069	3.050226
129	277	476	0.58668488	-1.7903192
129	388	477	0.71618429	1.1950474
130	359	478	0.75085595	0.37128511
130	470	479	0.46211499	-0.74588529
130	488	480	0.91550789	-2.5079295
130	498	481	0.4191342	-2.0010758
131	177	482	0.3533258	-2.8128736
131	468	483	0.51443244	2.5612714
132	166	484	0.18077515	-2.9847801
133	318	485	0.34481294	-2.1131439
133	353	486	0.58139195	1.296844
133	408	487	0.48950788	3.0096516
133	468	488	0.51145507	-0.49627782
134	160	489	0.75738501	-1.7433406
134	196	490	0.5384686	0.75468401
134	244	491	0.58753725	1.7790558
134	438	492	0.57794486	-2.0061398
134	440	493	0.61565702	0.13576551
134	453	494	0.9265454	2.3043864
135	181	495	0.72689734	-1.4871681
135	330	496	0.69832849	1.5246941
135	334	497	0.38100039	2.1827501
135	420	498	0.41301666	-2.9278021
136	460	499	0.32188356	-2.4062126
136	484	500	0.54912096	1.4448026
137	219	501	0.47016132	-2.9360238
137	326	502	0.40884816	1.1472625
137	355	503	0.56039855	-0.30170553
137	376	504	0.48964647	-1.4801798
138	261	505	0.67520138	-0.40577392
138	263	506	0.81279322	1.8770302
138	309	507	0.34833393	2.5867494
139	380	508	0.44950805	1.116276
139	454	509	0.49025196	-0.74652152
140	336	510	0.18962083	0.14140886
140	384	511	0.56549606	1.7458144
141	170	512	0.63166237	-2.5166612
141	198	513	0.45398462	0.036013439
141	316	514	0.43101828	-2.252183
141	331	515	0.33518361	2.2754054
141	477	516	0.4214407	1.0275741
142	255	517	0.59083991	-1.0216146
142	320	518	0.31899823	1.666682
142	493	519	0.48676185	1.6357009
143	191	520	0.24597875	-3.0528628
143	259	521	0.38694302	-0.45016881
143	310	522	0.31919955	1.7795023
143	345	523	0.27380508	0.95088319
144	167	524	0.48296084	-2.9871291
144	490	525	0.60514369	1.143219
145	254	526	1.0343588	2.0156816
145	482	527	0.75130914	-1.6169194
145	495	528	0.67366681	2.5601197
146	231	529	0.1339308	-1.9849595
146	265	530	0.40604215	-2.9333739
146	393	531	0.34741664	1.2620626
146	417	532	0.30559848	1.8939614
147	228	533	0.90828168	2.7447382
147	443	534	0.50828688	2.3779479
148	209	535	0.42616092	-0.43195437
148	210	536	0.31110448	-2.2903787
148	491	537	0.52171172	1.4820405
149	177	538	0.2327103	-0.24081913
149	318	539	0.5752943	2.6156317
149	468	540	0.36465513	1.2057195
150	200	541	0.52482763	-0.67389991
151	201	542	0.80597253	-2.8665415
151	398	543	0.81070726	0.36575068
152	246	544	1.0968707	-1.840427
152	433	545	1.0296098	1.1350439
153	225	546	0.28452907	3.0586119
153	250	547	0.75752229	-1.4434765
153	317	548	0.44541606	2.004013
153	479	549	0.53224063	1.8111566
155	214	550	0.56816131	-1.2418208
155	405	551	0.68556188	1.4754647
156	277	552	0.55459812	-2.8054922
156	306	553	0.76492114	-0.2966648
157	266	554	0.78402038	1.0357085
157	320	555	0.88234764	-1.613377
158	243	556	0.63926785	0.24477456
158	360	557	0.21805252	1.4731329
158	474	558	0.6558739	-2.4616928
159	328	559	0.29539467	-0.16667471
159	382	560	0.4630356	-2.3145428
159	464	561	0.42106838	1.6569723
160	449	562	0.4350191	-2.3727395
160	486	563	0.19096874	-3.1255991
161	357	564	0.41682286	0.33500892
161	423	565	0.38904581	-0.77042447
162	260	566	0.80354509	0.96757866
162	289	567	0.49822628	-2.002511
162	425	568	0.79514494	-2.5340238
163	320	569	0.93258428	1.2836852
163	362	570	0.9002696	-1.1333307
163	367	571	0.33009691	-2.8665044
163	380	572	0.68112869	-1.97027
163	423	573	0.65105841	2.0421178
164	360	574	0.52104689	-1.3219035
165	178	575	0.19257784	1.9714981
165	239	576	0.54564953	2.1455104
165	322	577	0.50205041	-0.85002627
165	339	578	0.35736532	0.29956514
165	426	579	0.31685091	-2.1048476
166	173	580	0.9568875	2.7119183
166	182	581	0.69014681	-1.2986033
166	295	582	0.58990149	-1.8096328
166	340	583	0.7629357	0.85514463
166	447	584	0.60886977	-0.22529951
167	189	585	0.071355544	0.47840823
168	235	586	0.19543872	1.4769465
168	270	587	0.42374715	-2.7923034
168	278	588	0.53333126	-0.80130368
169	175	589	1.5305664	-2.3148181
169	405	590	0.85746445	-1.7593151
170	333	591	0.63727203	-1.4102642
170	405	592	0.80334823	-2.9992185
171	215	593	0.57697412	1.861423
171	287	594	0.78774844	-1.042543
171	315	595	0.74050753	3.0137525
171	458	596	0.49262509	2.1608087
172	270	597	0.62872307	-0.55542791
173	234	598	0.75876778	-1.6861068
173	355	599	0.6950344	2.9253017
173	404	600	0.88490423	1.2666727
173	411	601	0.68314975	1.8143651
173	428	602	0.75938827	-2.5262959
174	305	603	0.26925385	-1.0932473
174	439	604	0.2905575	-2.8818006
174	453	605	0.26453392	-0.38796998
175	405	606	0.92073083	0.31338426
175	437	607	1.4591455	-2.7246801
176	258	608	0.45235454	-1.8440362
177	468	609	0.40754497	1.8080965
178	239	610	0.35753804	2.2389006
178	339	611	0.42272102	-0.17083084
179	444	612	0.70657603	-1.1484864
179	445	613	0.35853412	-0.9062181
180	451	614	0.50075102	2.0430488
181	361	615	0.44047411	-2.0095895
181	477	616	0.51351555	-1.9298732
181	492	617	0.2208325	-1.0845733
182	263	618	0.51168226	-0.39572088
182	295	619	0.33774973	2.8670026
183	346	620	0.60497459	-2.6283272
183	439	621	0.48415025	-0.099665062
183	467	622	0.43482473	0.71677342
184	372	623	0.53985153	-0.73527715
184	383	624	0.51198535	-2.9691429
185	304	625	0.43148681	1.2064242
185	314	626	0.39181835	-2.0388829
185	319	627	0.38983439	0.56939636
185	373	628	0.58209571	2.4695083
185	411	629	0.57327567	-1.1521945
186	359	630	0.45313401	-2.8330752
186	437	631	0.39776547	1.3014831
187	432	632	0.42203907	0.84006068
187	492	633	0.43443537	-0.75956057
188	226	634	0.45653516	-2.8432619
188	233	635	0.66566545	0.79194737
189	247	636	0.8163964	0.76664383
189	374	637	0.49285947	-2.4742686
189	436	638	0.72000906	-2.9291598
189	476	639	0.18571616	0.063892783
190	421	640	0.45403946	1.9561428
190	456	641	0.24837669	0.82521577
191	310	642	0.37894447	1.0791993
192	209	643	0.66652555	2.1699648
192	213	644	0.49975815	-2.9906514
192	281	645	0.48530527	1.134473
192	384	646	0.79038656	-0.66205854
192	473	647	0.49468417	-0.51907946
193	230	648	0.43606632	-1.3616233
193	232	649	0.65688527	-0.32088194
193	241	650	0.65054586	-2.1262284
193	279	651	0.4936004	-2.4194224
193	365	652	0.86977613	-2.7189095
193	409	653	0.81704662	0.32179569
194	236	654	0.28731362	-2.9367813
194	312	655	0.48059481	-3.0459623
194	318	656	0.5435314	2.1122378
194	460	657	0.31191049	-0.39264653
195	356	658	0.36682293	-1.251402
196	244	659	0.55349235	2.7603126
196	440	660	0.35908881	-0.91936779
197	370	661	0.45364307	-2.6605073
197	377	662	0.39963059	-1.3934015
199	215	663	0.25922114	-1.7027939
199	458	664	0.42513	-1.9135195
200	357	665	0.59191081	-2.4594367
200	364	666	0.68487434	-1.6438048
200	425	667	0.78252616	0.58508585
201	325	668	0.5802153	-2.6455359
201	396	669	0.63676907	2.7310416
201	401	670	0.80689243	-1.6878688
201	457	671	0.55039164	1.1107702
202	203	672	0.44021813	-0.20096055
202	300	673	0.75144498	-1.0908909
202	444	674	0.52179068	0.92319029
202	494	675	0.33188581	2.1273337
203	300	676	0.58481373	-1.7156565
203	402	677	0.52689837	0.10473647
203	444	678	0.5173216	1.798089
204	247	679	1.1254071	-2.3384263
204	258	680	0.6070494	2.4333983
204	292	681	0.85199996	1.3631771
204	343	682	0.49711327	-0.62172456
204	393	683	0.36207453	-2.6050126
204	446	684	0.73052829	0.82487676
205	215	685	0.4110083	-0.26234877
205	248	686	0.6580957	-0.60056453
205	366	687	0.74903544	3.0035859
206	220	688	1.3857542	2.6274088
207	431	689	0.094752019	-1.2718339
208	403	690	0.30884278	-1.0357717
209	281	691	0.59141625	-0.18808569
209	323	692	0.2822169	-0.93833449
209	491	693	0.77680553	2.0249321
210	221	694	0.33084011	-0.062373731
211	237	695	0.46960423	-0.14817642
211	285	696	0.4801225	1.3935465
211	384	697	0.6008267	-0.91164856
211	472	698	0.63722482	2.67765
212	216	699	0.86719437	2.9186697
212	222	700	0.49260336	-0.39632701
212	348	701	0.32528266	-1.9096939
212	462	702	0.5275643	-2.944066
212	488	703	0.89156359	0.17348176
215	458	704	0.18000347	-2.2194942
216	237	705	0.75816743	2.3611836
216	342	706	0.35288696	-2.4187046
216	384	707	0.6479854	2.9430775
216	386	708	0.52424573	-1.2630257
216	462	709	0.44163354	-0.73225106
217	249	710	0.31210787	-0.17045388
217	264	711	0.4817538	-2.0465358
217	288	712	0.36670556	-1.5582876
218	302	713	0.63389555	2.7103934
218	374	714	0.49191191	0.24142944
218	436	715	0.31504697	1.0345824
219	376	716	0.63874473	-0.66008148
220	356	717	0.96553013	2.4945398
221	472	718	0.38017802	-0.55400401
221	489	719	0.5063681	0.66615088
222	348	720	0.5745194	-2.9371849
222	484	721	0.561245	-0.38713367
222	488	722	0.54584685	0.68196103
225	299	723	0.51279743	-2.605112
226	381	724	0.66082796	1.9879975
226	396	725	0.57057042	-1.9172406
227	434	726	0.50827421	2.9021006
228	243	727	0.91440406	3.1292501
228	327	728	0.77280035	3.0210788
228	383	729	0.30253798	0.48463253
228	443	730	0.47054558	0.00093926995
229	273	731	0.35895005	2.5546028
229	454	732	0.46227287	1.4961099
231	247	733	0.35484742	-2.638433
231	265	734	0.3455457	3.0294437
231	393	735	0.4808104	1.2327451
232	268	736	0.73739664	0.56340313
232	374	737	0.44423569	-1.1383614
232	409	738	0.48969781	1.2557231
233	368	739	0.56192952	2.4338296
233	428	740	0.68307218	1.3620212
233	429	741	0.64778164	-0.41292666
234	428	742	0.61917531	2.6071026
234	429	743	0.61811749	-1.7023103
235	327	744	0.37578506	-0.67872699
236	312	745	0.19748921	3.0780267
236	407	746	0.40888176	2.2620624
237	285	747	0.66176836	2.18208
237	371	748	0.6157504	1.4637114
237	384	749	0.41694974	-1.8043222
238	286	750	0.67495207	1.563966
238	311	751	0.39089032	-3.0141518
238	316	752	0.48593086	0.33727709
238	446	753	0.64259302	-2.5333383
238	463	754	0.49282919	-0.92200318
239	344	755	0.62496226	1.0969276
239	394	756	0.48807415	2.8081048
240	489	757	0.64613004	-1.4183124
241	365	758	0.49098959	2.7310416
242	364	759	0.31729551	3.0007107
242	459	760	0.51913537	-1.4830236
243	257	761	0.27413284	-2.757186
243	360	762	0.60216078	3.0382891
244	453	763	0.51160224	2.9181331
246	485	764	0.56192632	-2.4166432
246	497	765	0.95833073	-1.6529693
247	265	766	0.21228098	1.724529
247	268	767	0.54297612	-3.0044829
247	476	768	0.68527672	-2.1988822
248	301	769	0.76055828	-0.53165127
248	372	770	0.50828734	-2.7150503
249	264	771	0.64798427	-2.5238422
250	487	772	0.11291022	3.0429721
251	440	773	0.32624184	2.8235061
252	308	774	0.83836169	-1.2279657
252	340	775	0.70137945	-1.8509647
252	358	776	0.78256368	2.4171353
253	391	777	0.36829473	-1.4341822
254	299	778	0.6437199	1.47504
254	495	779	0.57583973	-1.7768427
255	485	780	0.69975132	1.7301445
255	497	781	0.25510431	0.43888293
256	360	782	0.43045917	0.33853599
256	474	783	0.50228389	-1.8228491
258	261	784	0.64959711	3.0367646
258	292	785	0.77328346	0.60346801
258	393	786	0.59901168	-1.3178839
258	417	787	0.62340067	-1.6554732
258	424	788	0.77099415	1.2248894
259	271	789	0.71021952	-0.32311614
259	345	790	0.43462491	2.0215002
260	296	791	0.62933272	1.1673305
260	388	792	0.34819491	-0.12912288
260	389	793	0.4561398	0.66945853
262	280	794	0.21981496	1.3565261
262	299	795	0.60931425	-1.7369837
262	317	796	0.43853158	0.09560914
263	392	797	0.25876308	-0.35124879
263	447	798	0.72879071	1.6590005
264	269	799	0.71371945	-2.1301423
264	288	800	0.23349486	0.26688989
265	268	801	0.57970203	-2.6296261
265	417	802	0.47937147	0.89401749
266	269	803	1.1180718	0.93415486
266	298	804	0.79165826	-1.9600723
267	452	805	0.34628626	-0.95615539
268	409	806	0.47710539	2.9905851
269	363	807	0.47025907	-2.5201915
270	369	808	0.70103048	-1.1761463
271	277	809	0.76075209	1.6509381
271	415	810	0.7016457	-0.12231566
272	300	811	0.7744693	2.051502
272	382	812	0.74913709	-1.4173482
272	464	813	0.39226712	0.050845209
273	454	814	0.42410532	0.66643617
274	490	815	0.4955571	-2.1670314
275	347	816	0.45546472	1.2517075
275	387	817	0.57251165	-0.70299607
275	444	818	0.59308585	-2.0241286
276	461	819	0.48707872	-2.9120705
277	289	820	0.64180267	2.8744613
278	283	821	0.71375311	-0.029128131
278	369	822	0.64579764	-2.4555708
279	365	823	0.42394361	-3.0695566
280	471	824	0.4572317	0.59209295
280	479	825	0.45408492	-0.13308368
281	282	826	0.64225303	2.0832955
281	323	827	0.43038032	-2.8661621
281	338	828	0.56202947	-0.05451057
281	400	829	0.75837292	0.71250705
281	473	830	0.72105706	-1.2542904
283	315	831	0.92637998	0.16647514
283	378	832	0.35640343	-0.87022897
284	362	833	0.48377449	0.59669934
284	380	834	0.52155958	2.0622602
284	454	835	0.28931046	-1.8639717
285	371	836	0.45112332	0.1564559
285	489	837	0.66484212	2.6300225
286	328	838	0.34116843	2.4187519
287	434	839	0.8184507	-1.0823109
288	296	840	0.61559653	-1.0310769
289	310	841	0.46433072	-2.6441368
289	345	842	0.36075932	-2.1023083
289	425	843	0.4443745	-3.1384129
291	379	844	0.29054178	-2.6913395
291	402	845	0.79584929	2.4924126
291	461	846	0.47133053	1.7530184
292	311	847	0.46022004	0.044262922
292	382	848	0.67896591	1.5833919
292	424	849	0.47214532	2.4895916
292	446	850	0.43680229	-0.74816986
292	483	851	0.57661989	1.029954
294	360	852	0.76306214	0.42709754
296	324	853	0.63596525	-0.27533297
296	389	854	0.31574417	-1.2129078
297	433	855	0.54338828	-2.4839258
297	474	856	0.81531659	0.55774832
298	320	857	0.83485151	-1.7355161
299	301	858	0.72680788	2.3680505
300	385	859	0.70618859	-2.4118966
300	390	860	0.57858702	-0.021359618
301	303	861	0.44131342	1.1631202
302	436	862	0.73684829	0.0079888499
302	484	863	0.89141343	-2.7785687
302	488	864	0.95960879	2.8894495
304	319	865	0.26022548	-0.8354896
304	455	866	0.44024728	1.3440095
305	453	867	0.18441031	0.85420972
306	370	868	0.68828789	0.85009019
306	373	869	0.54954891	-1.6679216
306	455	870	0.65950785	-0.11740145
307	321	871	0.61909818	-1.1093739
307	332	872	0.63273033	-2.0818249
307	459	873	0.44442462	-2.9844111
308	340	874	0.48959187	2.9033467
308	385	875	0.89638192	-0.41043116
308	447	876	0.7085725	-2.1416036
310	345	877	0.24230841	-0.37794705
310	425	878	0.2231371	1.7342876
311	446	879	0.34686181	-1.9850729
312	448	880	0.52025789	2.2600547
313	350	881	0.49892351	-2.180426
313	454	882	0.59623333	2.0471947
313	491	883	0.77902522	-1.6484967
314	326	884	0.49423087	-2.8360153
314	411	885	0.44525851	-0.40174276
315	458	886	0.55779265	0.59994895
316	331	887	0.5926363	1.4789156
316	463	888	0.57637368	-1.8534858
317	479	889	0.12778358	1.0795291
318	408	890	0.47310315	2.277718
318	448	891	0.54049435	-2.9362932
318	468	892	0.62986181	0.082332921
319	404	893	0.64595605	-1.0265795
319	455	894	0.62653867	1.6917129
320	351	895	1.0235637	-1.3869672
320	416	896	0.43290325	3.0698457
321	332	897	0.58509385	3.1373898
321	419	898	0.37081859	-1.9646906
321	442	899	0.37689946	-2.3689602
322	339	900	0.48275552	1.5498419
322	396	901	0.66361119	-0.44506659
322	400	902	0.50700026	-1.54035
322	426	903	0.50357326	2.9326393
324	346	904	0.71182461	-0.56306893
324	369	905	0.84588379	0.59460133
324	388	906	0.68348472	-2.4214788
324	389	907	0.51623515	-2.9013344
325	396	908	0.53538343	1.7086564
325	400	909	0.72623144	2.701738
325	401	910	0.6700194	-0.90087656
326	355	911	0.6523153	-0.97315201
326	415	912	0.65489173	1.9655622
327	360	913	0.7463453	-3.1154258
327	383	914	1.0360092	0.046386405
328	464	915	0.57165401	2.1809247
328	483	916	0.5626098	-2.1318863
329	474	917	0.16053345	2.2076634
329	475	918	0.68955409	-2.6801916
330	410	919	0.28152905	1.2568894
330	456	920	0.66657852	1.7940626
332	442	921	0.41214616	-0.70010017
332	459	922	0.49940646	1.8330884
333	395	923	0.26897381	-1.2094133
334	420	924	0.4401356	-2.0039523
334	435	925	0.53704395	2.5019916
335	381	926	0.54606356	-0.83415606
335	478	927	0.30239997	-3.0623559
336	384	928	0.60245191	2.0658188
336	386	929	0.51710701	-0.18923428
337	378	930	0.35722685	1.1466004
337	453	931	0.44325745	-1.2499244
337	467	932	0.54327723	-3.0284016
338	400	933	0.52654758	1.5467025
339	381	934	0.63543158	0.6263235
342	384	935	0.51755643	2.3690167
342	386	936	0.50014315	-0.56115555
344	418	937	0.47528473	-0.65330257
344	419	938	0.3850775	1.8006892
344	442	939	0.5027299	2.0134128
344	478	940	0.25292451	-0.66267633
346	370	941	0.85753194	-1.3318267
346	427	942	0.48852157	1.6062688
347	406	943	0.46154629	0.39591279
347	441	944	0.46735161	-0.89742919
347	465	945	0.49167016	2.036297
348	386	946	0.5787854	-3.1396738
349	466	947	0.24677137	0.27213531
350	491	948	0.43111836	-1.0211884
351	362	949	0.70703568	-1.6696792
352	474	950	0.68195961	0.53086805
352	475	951	0.11231488	-0.9413564
353	365	952	0.86378273	-0.30152207
353	401	953	0.93058028	2.399167
354	387	954	0.46343766	2.2205017
354	402	955	0.41488039	-2.5159514
354	461	956	0.33606019	-0.88720973
355	428	957	0.5904074	-1.4711713
356	362	958	0.78674855	2.1412738
357	364	959	0.51352052	-0.64778425
357	423	960	0.42374213	-1.8443243
358	404	961	0.88605899	-2.5067048
358	449	962	0.59285396	1.2534999
359	437	963	0.74862946	0.76976325
361	477	964	0.082290093	-1.4895349
365	468	965	0.76308651	-2.3428748
366	383	966	0.41918817	-1.7692911
367	422	967	0.7016263	-1.377557
367	423	968	0.67010103	1.5378649
368	376	969	0.56959182	1.537362
368	381	970	0.83123975	-2.6814411
368	428	971	0.6441976	0.48953051
369	427	972	0.38358363	-1.8782857
369	467	973	0.80320566	-0.3442686
370	377	974	0.50702024	-0.37019718
370	455	975	0.62737526	-1.2450733
372	383	976	0.94542778	2.8472557
373	415	977	0.51305798	-2.6185998
374	476	978	0.65431993	0.50555359
376	428	979	0.61065432	-0.45136575
377	403	980	0.54836267	0.96591392
377	455	981	0.49276449	-2.1553392
379	390	982	0.40419276	-3.0460196
380	422	983	0.17157697	-1.0727261
381	418	984	0.54910339	2.6744693
381	450	985	0.2683209	-2.5262101
382	424	986	0.53711958	-2.3223787
382	483	987	0.35687607	-0.54362118
384	473	988	0.30890023	2.2493132
385	397	989	0.4045855	-0.96797033
386	407	990	0.7093083	-0.7412595
386	462	991	0.26558104	0.87803099
387	402	992	0.61453024	-1.6619506
387	441	993	0.4372718	1.5763844
388	389	994	0.32813186	1.5330302
390	402	995	0.64682552	1.5244361
390	464	996	0.67648406	-1.3145991
391	406	997	0.39404967	-2.8482853
391	481	998	0.2137988	-1.4767075
393	417	999	0.20676085	-2.9409301
395	463	1000	0.38038136	1.8832946
396	400	1001	0.62400174	-2.7794531
398	429	1002	0.76024425	2.1649103
399	406	1003	0.66995466	2.331054
399	481	1004	0.39188453	1.7357859
400	426	1005	0.79480444	2.264278
402	444	1006	0.78223277	2.5303197
402	461	1007	0.5488271	-0.032056721
404	411	1008	0.46642648	-2.7423486
406	465	1009	0.6973679	2.7574334
406	481	1010	0.4094379	-0.24402782
410	456	1011	0.44846854	2.1210895
412	485	1012	0.43361035	-0.55789301
412	493	1013	0.15521947	0.46249073
416	423	1014	0.36830012	-1.925527
418	478	1015	0.22238397	2.4989512
419	442	1016	0.15023084	2.5852267
420	435	1017	0.76094649	1.900196
421	480	1018	0.51332089	1.6894085
422	454	1019	0.59157426	-1.4341991
430	495	1020	1.0052115	-0.70582961
434	465	1021	0.69885517	-1.3515465
435	451	1022	0.47494853	-1.8461242
438	449	1023	0.5610368	-1.9333042
438	486	1024	0.23803826	-1.9012969
439	453	1025	0.52629597	-0.048352026
439	467	1026	0.36760896	2.0028177
444	445	1027	0.36868634	1.7576371
444	494	1028	0.5081828	-2.8740525
449	486	1029	0.32321024	1.1847176
452	480	1030	0.52298677	-1.5280638
453	467	1031	0.76872218	2.6552889
456	480	1032	0.84817156	2.0617784
470	498	1033	0.5186377	-3.0114078
471	479	1034	0.32325324	-1.3503936
472	489	1035	0.51835266	1.4259936
477	492	1036	0.40246815	0.78869781
482	495	1037	1.2388264	2.0113739
484	488	1038	0.56416532	1.7416984
488	498	1039	0.58555317	0.27879574
140	1	1040	0.48261897	-0.55773561
336	1	1041	0.35887022	-0.90470316
386	1	1042	0.34066084	-2.5679068
448	1	1043	0.57605344	2.7962019
32	2	1044	0.49697614	0.82859867
89	2	1045	0.59321854	-0.95909583
119	2	1046	0.64623565	1.7714886
190	2	1047	0.51732635	-1.6378006
330	2	1048	0.35407966	-3.0038644
130	3	1049	0.84789724	1.8681697
206	3	1050	1.5891523	-0.30472306
437	3	1051	1.4858088	3.129988
25	4	1052	0.71471001	-0.57640528
48	4	1053	0.54731309	-1.4623395
318	4	1054	0.69630747	2.6247024
408	4	1055	0.29847282	-3.0892006
448	4	1056	0.46063199	1.7369808
13	5	1057	0.5141763	-2.9631572
147	5	1058	0.50583751	-1.3360504
414	5	1059	1.1093135	-0.16802408
430	5	1060	1.0518603	2.6181818
126	6	1061	0.49591757	0.23627169
431	6	1062	0.094043069	-1.1143922
19	7	1063	0.51089338	-2.2208738
65	7	1064	0.3494589	2.5055349
92	7	1065	0.49988293	-0.93853184
409	7	1066	0.58312412	1.1846995
87	8	1067	0.25305675	-2.1883015
102	8	1068	0.25351334	0.3492321
294	8	1069	0.73691977	-2.4755469
433	8	1070	0.72815119	1.0231073
50	9	1071	0.52328655	1.6959702
114	9	1072	0.42510619	-1.3817035
253	9	1073	0.5499639	-0.55289917
480	9	1074	0.41347788	2.3466182
265	10	1075	0.1806272	0.72620957
375	10	1076	0.38020778	-0.46318493
417	10	1077	0.30278819	-2.1477735
13	11	1078	0.31981673	1.5717099
30	11	1079	0.68962418	2.7064536
147	11	1080	0.62860188	-0.12903438
372	11	1081	0.41529253	-0.80247661
67	12	1082	0.48586404	1.8959921
229	12	1083	0.61626549	-1.2705728
240	12	1084	0.45114144	2.9643568
491	12	1085	0.26497991	1.8193859
71	13	1086	0.89004874	2.5295464
147	13	1087	0.74129949	-0.57108032
114	14	1088	0.71033509	2.3842162
250	14	1089	0.23815405	-2.5526151
254	14	1090	0.68402627	-0.0064359499
267	14	1091	0.77240017	2.6043624
299	14	1092	0.8965001	-0.8033093
51	15	1093	0.36097296	-1.5275427
94	15	1094	0.43984502	-0.18722253
34	16	1095	0.47386373	2.4998195
85	16	1096	0.33223809	1.1678006
106	16	1097	0.46585318	-0.0066644914
182	16	1098	0.3740621	-2.3442472
295	16	1099	0.36484155	-1.3950961
195	17	1100	0.41924479	1.0704944
220	17	1101	1.4675649	2.0559829
255	17	1102	0.88311598	-1.2372248
351	17	1103	0.78515929	-0.97439482
362	17	1104	0.51364272	0.1052689
497	17	1105	0.9446348	-1.5091225
41	18	1106	0.6880948	1.1494291
101	18	1107	0.68929322	-2.2914691
150	18	1108	0.21899132	1.0015099
157	18	1109	0.3300643	2.8425119
65	19	1110	0.61492088	1.5250881
92	19	1111	0.60464433	0.005687295
138	19	1112	0.75504956	-0.90696784
258	19	1113	0.84238766	-2.8275571
261	19	1114	0.36301431	-2.0124325
375	19	1115	0.50696399	2.0710184
137	20	1116	0.53468974	2.2324608
219	20	1117	0.53431904	1.3216857
271	20	1118	0.78416911	-0.9569256
326	20	1119	0.4989849	3.0429705
144	21	1120	0.33129294	-2.1784761
167	21	1121	0.34936028	-0.60144353
189	21	1122	0.32192919	-0.7981805
88	22	1123	0.17485894	1.2804578
171	22	1124	0.67506483	0.15936611
262	22	1125	0.60105939	2.953986
301	22	1126	0.20744071	1.4243535
303	22	1127	0.24679622	-2.1973013
228	23	1128	0.60683836	0.14956171
372	23	1129	0.61458178	2.7689632
443	23	1130	0.15770675	0.60717728
141	24	1131	0.48600965	0.79572946
187	24	1132	0.61766996	-1.3194342
198	24	1133	0.34980587	1.9015401
477	24	1134	0.12300251	-0.11063391
48	25	1135	0.56167605	-2.8627998
63	25	1136	0.46777541	0.025374691
473	25	1137	0.69736642	-0.61787953
121	26	1138	0.517675	2.5815421
130	26	1139	0.54445279	-0.26729801
359	26	1140	0.45135333	-1.9679369
470	26	1141	0.25162631	0.74069245
105	27	1142	0.48676647	1.8362328
385	27	1143	0.77405305	-1.12072
397	27	1144	0.37920854	-1.2837804
424	27	1145	0.71558338	1.996511
95	28	1146	0.42363747	0.66078513
180	28	1147	0.22420294	-0.65304775
420	28	1148	0.32065679	-1.475252
264	29	1149	0.46482427	-1.9514572
296	29	1150	0.71513339	3.0926883
363	29	1151	0.73901776	0.64987764
71	30	1152	0.55029114	1.759848
254	30	1153	0.98936241	2.3049183
299	30	1154	0.73039687	3.0128816
301	30	1155	0.46174031	-2.0292952
372	30	1156	1.0874871	-0.57271891
229	31	1157	0.46644889	0.56190506
240	31	1158	0.94556525	1.8182427
284	31	1159	0.56219239	-1.0563545
356	31	1160	0.5573032	-2.962812
362	31	1161	0.77122724	-1.7316882
454	31	1162	0.41822096	-0.53287317
89	32	1163	0.85192898	-1.5652193
93	32	1164	0.93330882	1.3780115
119	32	1165	0.53597523	2.6201181
276	32	1166	0.43306488	-1.3126809
291	32	1167	0.52312129	0.30206516
49	33	1168	0.82656337	1.9089119
112	33	1169	0.70176701	-0.085759534
206	33	1170	0.88471045	-2.9499315
220	33	1171	0.91482916	-1.192292
371	33	1172	0.56489824	1.0072525
85	34	1173	0.51035013	0.043042218
138	34	1174	0.73202744	2.5289935
154	34	1175	0.26998079	0.44674357
182	34	1176	0.56384674	-1.3594918
309	34	1177	0.38480003	2.4767162
45	35	1178	0.69330917	-0.70803002
202	35	1179	0.76925754	2.7554387
223	35	1180	0.34601682	-0.82607996
252	35	1181	0.63550321	0.45595578
494	35	1182	0.53735282	3.1268467
172	36	1183	0.50787017	-2.9884396
217	36	1184	0.44950359	0.75297009
249	36	1185	0.36089438	1.5142385
233	37	1186	0.44674616	-1.32792
429	37	1187	0.51600455	-2.7982935
457	37	1188	0.60401485	0.8968685
92	38	1189	0.78693367	-2.8635617
193	38	1190	0.98754457	1.6289874
398	38	1191	1.0542726	-0.94295506
469	38	1192	0.31275305	1.4989173
113	39	1193	0.40827324	0.87918481
152	39	1194	0.95684842	-2.2887963
320	39	1195	0.65701405	1.0773073
493	39	1196	0.51570258	0.92039989
108	40	1197	0.31675736	-1.0293058
192	40	1198	0.44688037	3.098373
213	40	1199	0.10577771	1.1038948
472	40	1200	0.28707426	-2.0486732
357	41	1201	0.28138427	1.9880852
423	41	1202	0.66522817	1.5701574
126	42	1203	0.9028146	-2.2447741
145	42	1204	1.0196697	-0.65134285
435	42	1205	1.130719	1.7298935
86	43	1206	0.69903789	0.71970743
171	43	1207	0.62988637	-2.8346848
315	43	1208	0.31466845	-1.1308605
358	44	1209	0.71815436	2.2555183
377	44	1210	0.64157614	-0.90300457
449	44	1211	0.63921023	-3.1306705
455	44	1212	0.67562001	-0.13780853
52	45	1213	0.3753088	-2.3015017
160	45	1214	0.66690932	-1.3710629
223	45	1215	0.35206711	2.5495746
252	45	1216	0.73202913	1.5107735
341	45	1217	0.67292763	-2.30172
358	45	1218	0.66468502	0.32475124
449	45	1219	0.56685584	-0.66812777
188	46	1220	0.49439625	-1.9675835
201	46	1221	0.49086199	1.8702588
226	46	1222	0.4046347	-0.91947037
396	46	1223	0.48880683	0.45513718
457	46	1224	0.38991482	-3.079598
97	47	1225	0.39471189	2.702971
128	47	1226	0.49589026	-1.6963228
191	47	1227	0.31729351	-2.3898124
242	47	1228	0.38909202	1.5352218
364	47	1229	0.47551568	0.80964148
127	48	1230	0.64069603	-1.2834095
401	48	1231	0.67372528	-2.0559178
408	48	1232	0.63792265	2.1653148
53	49	1233	0.8872057	2.3856977
74	49	1234	0.52759646	1.7228795
371	49	1235	0.65041701	-0.48324233
89	50	1236	0.74130502	1.679383
391	50	1237	0.65563431	-0.74219153
421	50	1238	0.40351339	2.3549522
480	50	1239	0.31696902	-2.3566317
94	51	1240	0.50122344	0.58977314
214	51	1241	0.59659893	0.52330176
333	51	1242	0.48397373	-2.1428994
395	51	1243	0.38943345	-2.7313811
463	51	1244	0.57030825	-2.0055017
341	52	1245	0.29761886	-2.3019952
74	53	1246	0.5723137	-0.15271807
413	53	1247	0.39526453	1.0365628
488	53	1248	1.0127573	2.8689791
496	53	1249	0.3816514	1.3503155
118	54	1250	0.56192603	1.1431225
124	54	1251	0.39449384	-1.0798382
251	54	1252	0.27152899	0.55014483
434	54	1253	0.49659283	-2.6380461
68	55	1254	0.79745127	1.9722348
82	55	1255	0.84103888	-1.5853962
245	55	1256	0.47558082	-1.12721
313	55	1257	0.84475689	1.4331054
332	55	1258	0.81460786	-2.1276128
394	55	1259	0.47577874	2.0388705
422	55	1260	0.54658315	-0.53601187
454	55	1261	0.49578953	0.66753024
286	56	1262	0.49367563	-2.4323319
292	56	1263	0.6382051	0.72551726
311	56	1264	0.40348819	1.5268952
328	56	1265	0.55994766	-1.7845295
483	56	1266	0.19400302	-0.37389547
83	57	1267	0.49176013	-2.8441102
186	57	1268	0.389508	0.059758243
224	57	1269	0.35524344	1.506717
437	57	1270	0.45803524	-0.90483978
387	58	1271	0.43608477	0.80796076
399	58	1272	0.34321019	-2.5899346
441	58	1273	0.32736083	-0.38198545
95	59	1274	0.35255475	0.26586445
290	59	1275	0.38362781	1.3622602
420	59	1276	0.48791642	-1.4963459
235	60	1277	0.73498815	0.36514597
366	60	1278	0.724596	3.0872241
67	61	1279	0.37368944	-1.7792504
210	61	1280	0.32205201	0.60991095
221	61	1281	0.21551477	1.8830695
489	61	1282	0.47667606	-2.9134149
141	62	1283	0.36612981	2.5405014
169	62	1284	0.85835991	-0.17763217
170	62	1285	0.61377287	1.2210311
290	62	1286	0.45245213	-2.0109704
361	62	1287	0.56467386	-2.7109424
477	62	1288	0.54204675	-2.8540719
473	63	1289	0.42790156	-1.3329821
354	64	1290	0.32652485	-0.12101342
461	64	1291	0.24782938	1.1023787
265	65	1292	0.49131822	2.8940359
268	65	1293	0.40542333	1.49912
375	65	1294	0.31981503	-2.583258
409	65	1295	0.60111545	0.58634503
334	66	1296	0.3621791	1.2912186
410	66	1297	0.38719852	-2.2329036
435	66	1298	0.53154721	0.05188713
148	67	1299	0.34422007	1.1637381
240	67	1300	0.47799975	-2.2196523
489	67	1301	0.46497979	2.5539778
110	68	1302	0.49539677	1.5566691
239	68	1303	0.39379908	-2.7516861
313	68	1304	0.4397101	0.23575904
394	68	1305	0.32427966	-1.2672086
426	68	1306	0.76627188	2.2809474
121	69	1307	0.70336558	0.059262073
167	69	1308	0.29585189	1.2365995
490	69	1309	0.71947813	-2.6407242
77	70	1310	0.5802892	-0.13550499
94	70	1311	0.4168645	-1.7178009
214	70	1312	0.39493405	-1.4715086
293	70	1313	0.50402199	2.3000152
254	71	1314	0.59209075	2.8077119
430	71	1315	0.34027422	0.31569844
495	71	1316	0.87698102	2.0984707
90	72	1317	0.4794634	-0.226729
134	72	1318	0.71966065	2.9376615
305	72	1319	0.40508333	-1.4799859
403	72	1320	0.52416074	0.48963325
152	73	1321	1.0101943	0.98156888
297	73	1322	0.52267694	-2.1897662
352	73	1323	0.65398126	-2.2423513
433	73	1324	0.15756958	-0.63565719
475	73	1325	0.63336436	-2.41411
75	74	1326	0.41974933	0.23947695
216	74	1327	0.37025574	1.0541081
216	75	1328	0.31623959	2.3617906
237	75	1329	0.44192794	-0.78084338
125	76	1330	0.62668523	0.49942617
232	76	1331	0.70089554	-2.2326389
214	77	1332	0.62135082	-2.61069
274	77	1333	0.51639021	-0.49428455
490	77	1334	0.75121489	0.22155204
124	78	1335	0.29669344	2.7032716
196	78	1336	0.3804561	0.64323155
104	79	1337	0.47200745	1.475835
227	79	1338	0.27527503	0.26288301
250	79	1339	0.54884078	-2.4888216
253	79	1340	0.55384299	2.2927695
434	79	1341	0.76116618	-0.064462642
487	79	1342	0.47265997	-2.3250153
87	80	1343	0.97187737	0.47261857
235	80	1344	0.8094135	-2.655527
249	80	1345	0.76036947	0.089213058
294	80	1346	0.47372321	0.42056925
327	80	1347	1.0181451	-3.0014695
360	80	1348	0.28936555	-2.7038075
155	81	1349	0.5199698	-2.9263075
175	81	1350	0.59277707	-1.0349295
274	81	1351	0.57929118	1.0286902
245	82	1352	0.46483425	1.0865756
332	82	1353	0.44411193	2.7985125
364	82	1354	0.8974286	-1.4916853
459	82	1355	0.4406952	-2.2852238
175	83	1356	0.99431064	-2.1948684
224	83	1357	0.70115423	0.79119423
274	83	1358	0.61774495	2.8135506
437	83	1359	0.78350894	-0.27933089
490	83	1360	0.68186824	2.0370563
306	84	1361	0.47030007	-2.1425367
373	84	1362	0.25182265	2.4962958
415	84	1363	0.4747857	1.0327947
106	85	1364	0.4559653	-0.74379421
154	85	1365	0.28271812	2.8001013
398	85	1366	0.54299436	0.72446725
244	86	1367	0.57572675	1.9246532
337	86	1368	0.43922466	0.013773074
378	86	1369	0.43294803	-0.83010475
453	86	1370	0.52123728	0.95896392
102	87	1371	0.48364009	0.65098082
249	87	1372	0.38992581	-1.8514254
269	87	1373	1.0025319	0.64858931
294	87	1374	0.49940422	-2.6196036
171	88	1375	0.61940563	-0.097689016
280	88	1376	0.73852474	-2.7669928
287	88	1377	0.65763635	1.2306449
190	89	1378	0.37653751	-3.0604661
276	89	1379	0.445928	1.3312714
399	89	1380	0.75279288	-0.88096493
421	89	1381	0.49548843	-1.9965373
197	90	1382	0.55895477	0.82875496
439	90	1383	0.46085582	-1.6270251
278	91	1384	0.26439572	-1.1256928
283	91	1385	0.63796151	-2.7931079
369	91	1386	0.63677429	0.27098957
467	91	1387	0.46398078	1.883056
138	92	1388	0.61417913	-1.7997959
187	93	1389	0.68227619	-3.1227333
286	93	1390	0.78748131	1.2747547
291	93	1391	0.82522556	-1.1717654
328	93	1392	0.7170014	0.8267779
331	93	1393	0.73228134	1.961057
204	94	1394	0.72271912	-0.40532153
214	94	1395	0.10206489	0.1910321
343	94	1396	0.26011018	0.017528648
169	95	1397	0.94632471	0.60770434
180	95	1398	0.42597877	-1.946735
290	95	1399	0.38457704	2.3158456
420	95	1400	0.65407102	-2.0539698
111	96	1401	0.42837327	0.89098125
219	96	1402	0.59187671	-2.890567
321	96	1403	0.50399579	-0.14027224
143	97	1404	0.42331948	-1.8568273
191	97	1405	0.40431808	-1.2549937
242	97	1406	0.43210579	0.5374487
259	97	1407	0.52477965	-2.6714017
307	97	1408	0.67830749	1.7385668
157	98	1409	0.5547431	-2.125561
320	98	1410	0.48264648	2.1265774
416	98	1411	0.41832691	1.1335425
118	99	1412	0.69170571	-0.39141267
275	99	1413	0.59787558	2.0177954
347	99	1414	0.41525031	2.8818246
465	99	1415	0.37856382	-2.0681771
138	100	1416	0.27056113	-0.74876318
157	101	1417	0.63076644	1.347881
266	101	1418	0.26700151	-2.9177304
363	101	1419	0.87355308	-2.2411119
433	102	1420	0.55315734	1.3131461
219	103	1421	0.54956378	3.1281694
321	103	1422	0.52955131	0.15916854
227	104	1423	0.45557498	-1.0641597
253	104	1424	0.41433453	-3.010356
391	104	1425	0.55583744	2.5485648
406	104	1426	0.43274425	1.7654599
465	104	1427	0.58601762	0.28224198
176	105	1428	0.47260734	1.631106
234	106	1429	0.70878281	-0.94426913
295	106	1430	0.53710446	-2.4167246
398	106	1431	0.67235678	1.4648872
429	106	1432	0.49814031	0.07760024
218	107	1433	0.34518694	-1.6743379
374	107	1434	0.68990922	-2.4098984
466	107	1435	0.7258688	0.49417359
148	108	1436	0.46409035	-1.2344133
209	108	1437	0.34943696	-2.3038891
213	108	1438	0.38373984	1.8769272
221	108	1439	0.18561048	-1.4192137
472	108	1440	0.29574734	3.0856773
194	109	1441	0.18114075	1.3722793
236	109	1442	0.39523904	0.63994569
407	109	1443	0.58307657	-0.13590777
460	109	1444	0.38974238	2.2754054
484	109	1445	0.72723008	-2.4500406
282	110	1446	0.64533118	1.7670048
313	110	1447	0.57534897	-0.75109138
426	110	1448	0.51376424	2.9740237
321	111	1449	0.46441636	-1.0533012
335	111	1450	0.49527218	2.0232685
344	111	1451	0.42341711	0.83459358
220	112	1452	0.86859784	-1.999577
240	112	1453	0.80870472	-0.45604622
285	112	1454	0.60985588	1.4917024
371	112	1455	0.6685975	2.2073402
489	112	1456	0.68852594	0.42274421
412	113	1457	0.25237696	0.7136977
485	113	1458	0.43266465	1.9924576
250	114	1459	0.69713111	-1.0969147
267	114	1460	0.17417072	-2.580147
452	114	1461	0.39580717	2.6403867
480	114	1462	0.80276376	2.0490648
262	115	1463	0.40099713	0.77757027
280	115	1464	0.24810529	0.27148023
317	115	1465	0.28296765	2.1327229
149	116	1466	0.47876112	-0.49199709
194	116	1467	0.64128346	-0.076789548
349	116	1468	0.45343334	3.1155822
460	116	1469	0.35815726	0.1971448
466	116	1470	0.69311883	-3.0628282
271	117	1471	0.62429537	-2.6320513
307	117	1472	0.61244474	0.66209024
134	118	1473	0.9969011	-0.39983531
179	118	1474	0.77451904	2.0374812
251	118	1475	0.36936022	-1.5751207
341	118	1476	0.69186825	0.83030875
440	118	1477	0.56324353	-0.99162825
465	118	1478	0.82289735	-3.0578718
187	119	1479	0.63732149	1.6314044
432	119	1480	0.45406662	2.3537243
296	120	1481	0.65514151	0.23356928
324	120	1482	0.32551944	1.4928706
369	120	1483	0.69167449	-2.9240061
167	121	1484	0.65014816	2.7670989
224	121	1485	0.72973133	-2.3912998
302	121	1486	0.85313854	0.43907036
436	121	1487	0.35853217	1.4719239
470	121	1488	0.63309227	-0.16695374
169	122	1489	1.4673038	1.4494766
435	122	1490	0.76055172	-2.6137776
451	122	1491	0.53308976	3.0023096
482	122	1492	1.4157265	-1.3081011
257	123	1493	0.45356309	-1.7144047
329	123	1494	0.73020791	0.19940344
414	123	1495	1.1012731	3.0350541
474	123	1496	0.81135435	0.019203693
196	124	1497	0.58212589	0.17659847
287	124	1498	0.65852571	-1.9387182
434	124	1499	0.63031557	2.9689599
440	124	1500	0.52600297	0.82906798
131	125	1501	0.55224333	0.22897069
241	125	1502	0.50768246	-1.5993511
349	125	1503	0.47716499	1.0845677
207	126	1504	0.50507644	-2.5274598
267	126	1505	0.64983049	-0.7580431
431	126	1506	0.48415996	-2.7146147
325	127	1507	0.51301444	-1.7268667
338	127	1508	0.65729423	-0.45629351
401	127	1509	0.49611467	3.1044355
200	128	1510	0.37304114	0.42328929
310	128	1511	0.35348593	-2.9745474
425	128	1512	0.41869213	-2.412482
156	129	1513	0.55545105	2.363978
162	129	1514	0.54058069	-0.091366655
277	129	1515	0.58668488	1.3512734
388	129	1516	0.71618429	-1.9465452
359	130	1517	0.75085595	-2.7703075
470	130	1518	0.46211499	2.3957074
488	130	1519	0.91550789	0.63366316
498	130	1520	0.4191342	1.1405168
177	131	1521	0.3533258	0.32871905
468	131	1522	0.51443244	-0.58032124
166	132	1523	0.18077515	0.15681251
318	133	1524	0.34481294	1.0284487
353	133	1525	0.58139195	-1.8447486
408	133	1526	0.48950788	-0.13194103
468	133	1527	0.51145507	2.6453148
160	134	1528	0.75738501	1.398252
196	134	1529	0.5384686	-2.3869086
244	134	1530	0.58753725	-1.3625368
438	134	1531	0.57794486	1.1354529
440	134	1532	0.61565702	-3.0058271
453	134	1533	0.9265454	-0.8372063
181	135	1534	0.72689734	1.6544246
330	135	1535	0.69832849	-1.6168986
334	135	1536	0.38100039	-0.95884255
420	135	1537	0.41301666	0.21379057
460	136	1538	0.32188356	0.73538009
484	136	1539	0.54912096	-1.69679
219	137	1540	0.47016132	0.20556885
326	137	1541	0.40884816	-1.9943302
355	137	1542	0.56039855	2.8398871
376	137	1543	0.48964647	1.6614129
261	138	1544	0.67520138	2.7358187
263	138	1545	0.81279322	-1.2645624
309	138	1546	0.34833393	-0.55484329
380	139	1547	0.44950805	-2.0253167
454	139	1548	0.49025196	2.3950711
336	140	1549	0.18962083	-3.0001838
384	140	1550	0.56549606	-1.3957783
170	141	1551	0.63166237	0.62493147
198	141	1552	0.45398462	-3.1055792
316	141	1553	0.43101828	0.88940966
331	141	1554	0.33518361	-0.86618727
477	141	1555	0.4214407	-2.1140186
255	142	1556	0.59083991	2.1199781
320	142	1557	0.31899823	-1.4749107
493	142	1558	0.48676185	-1.5058917
191	143	1559	0.24597875	0.088729879
259	143	1560	0.38694302	2.6914238
310	143	1561	0.31919955	-1.3620904
345	143	1562	0.27380508	-2.1907095
167	144	1563	0.48296084	0.15446356
490	144	1564	0.60514369	-1.9983737
254	145	1565	1.0343588	-1.1259111
482	145	1566	0.75130914	1.5246732
495	145	1567	0.67366681	-0.58147298
231	146	1568	0.1339308	1.1566331
265	146	1569	0.40604215	0.20821875
393	146	1570	0.34741664	-1.8795301
417	146	1571	0.30559848	-1.2476312
228	147	1572	0.90828168	-0.39685441
443	147	1573	0.50828688	-0.76364475
209	148	1574	0.42616092	2.7096383
210	148	1575	0.31110448	0.8512139
491	148	1576	0.52171172	-1.6595521
177	149	1577	0.2327103	2.9007735
318	149	1578	0.5752943	-0.52596095
468	149	1579	0.36465513	-1.9358732
200	150	1580	0.52482763	2.4676927
201	151	1581	0.80597253	0.27505114
398	151	1582	0.81070726	-2.775842
246	152	1583	1.0968707	1.3011657
433	152	1584	1.0296098	-2.0065488
225	153	1585	0.28452907	-0.082980776
250	153	1586	0.75752229	1.6981162
317	153	1587	0.44541606	-1.1375797
479	153	1588	0.53224063	-1.3304361
214	155	1589	0.56816131	1.8997718
405	155	1590	0.68556188	-1.6661279
277	156	1591	0.55459812	0.33610046
306	156	1592	0.76492114	2.8449279
266	157	1593	0.78402038	-2.1058842
320	157	1594	0.88234764	1.5282157
243	158	1595	0.63926785	-2.8968181
360	158	1596	0.21805252	-1.6684598
474	158	1597	0.6558739	0.67989985
328	159	1598	0.29539467	2.9749179
382	159	1599	0.4630356	0.82704989
464	159	1600	0.42106838	-1.4846204
449	160	1601	0.4350191	0.76885316
486	160	1602	0.19096874	0.015993542
357	161	1603	0.41682286	-2.8065837
423	161	1604	0.38904581	2.3711682
260	162	1605	0.80354509	-2.174014
289	162	1606	0.49822628	1.1390816
425	162	1607	0.79514494	0.60756885
320	163	1608	0.93258428	-1.8579074
362	163	1609	0.9002696	2.0082619
367	163	1610	0.33009691	0.27508822
380	163	1611	0.68112869	1.1713226
423	163	1612	0.65105841	-1.0994748
360	164	1613	0.52104689	1.8196892
178	165	1614	0.19257784	-1.1700945
239	165	1615	0.54564953	-0.99608227
322	165	1616	0.50205041	2.2915664
339	165	1617	0.35736532	-2.8420275
426	165	1618	0.31685091	1.0367451
173	166	1619	0.9568875	-0.42967432
182	166	1620	0.69014681	1.8429894
295	166	1621	0.58990149	1.3319599
340	166	1622	0.7629357	-2.286448
447	166	1623	0.60886977	2.9162931
189	167	1624	0.071355544	-2.6631844
235	168	1625	0.19543872	-1.6646462
270	168	1626	0.42374715	0.34928922
278	168	1627	0.53333126	2.340289
175	169	1628	1.5305664	0.82677459
405	169	1629	0.85746445	1.3822775
333	170	1630	0.63727203	1.7313284
405	170	1631	0.80334823	0.14237416
215	171	1632	0.57697412	-1.2801696
287	171	1633	0.78774844	2.0990497
315	171	1634	0.74050753	-0.12784011
458	171	1635	0.49262509	-0.98078397
270	172	1636	0.62872307	2.5861647
234	173	1637	0.75876778	1.4554858
355	173	1638	0.6950344	-0.21629099
404	173	1639	0.88490423	-1.8749199
411	173	1640	0.68314975	-1.3272276
428	173	1641	0.75938827	0.61529676
305	174	1642	0.26925385	2.0483454
439	174	1643	0.2905575	0.25979201
453	174	1644	0.26453392	2.7536227
405	175	1645	0.92073083	-2.8282084
437	175	1646	1.4591455	0.41691258
258	176	1647	0.45235454	1.2975565
468	177	1648	0.40754497	-1.3334962
239	178	1649	0.35753804	-0.90269206
339	178	1650	0.42272102	2.9707618
444	179	1651	0.70657603	1.9931062
445	179	1652	0.35853412	2.2353746
451	180	1653	0.50075102	-1.0985439
361	181	1654	0.44047411	1.1320032
477	181	1655	0.51351555	1.2117195
492	181	1656	0.2208325	2.0570193
263	182	1657	0.51168226	2.7458718
295	182	1658	0.33774973	-0.27459001
346	183	1659	0.60497459	0.51326549
439	183	1660	0.48415025	3.0419276
467	183	1661	0.43482473	-2.4248192
372	184	1662	0.53985153	2.4063155
383	184	1663	0.51198535	0.17244974
304	185	1664	0.43148681	-1.9351685
314	185	1665	0.39181835	1.1027097
319	185	1666	0.38983439	-2.5721963
373	185	1667	0.58209571	-0.67208434
411	185	1668	0.57327567	1.9893981
359	186	1669	0.45313401	0.30851748
437	186	1670	0.39776547	-1.8401096
432	187	1671	0.42203907	-2.301532
492	187	1672	0.43443537	2.3820321
226	188	1673	0.45653516	0.29833075
233	188	1674	0.66566545	-2.3496453
247	189	1675	0.8163964	-2.3749488
374	189	1676	0.49285947	0.66732402
436	189	1677	0.72000906	0.21243283
476	189	1678	0.18571616	-3.0776999
421	190	1679	0.45403946	-1.1854498
456	190	1680	0.24837669	-2.3163769
310	191	1681	0.37894447	-2.0623934
209	192	1682	0.66652555	-0.97162784
213	192	1683	0.49975815	0.15094127
281	192	1684	0.48530527	-2.0071197
384	192	1685	0.79038656	2.4795341
473	192	1686	0.49468417	2.6225132
230	193	1687	0.43606632	1.7799693
232	193	1688	0.65688527	2.8207107
241	193	1689	0.65054586	1.0153643
279	193	1690	0.4936004	0.72217021
365	193	1691	0.86977613	0.42268313
409	193	1692	0.81704662	-2.819797
236	194	1693	0.28731362	0.2048114
312	194	1694	0.48059481	0.095630328
318	194	1695	0.5435314	-1.0293548
460	194	1696	0.31191049	2.7489461
356	195	1697	0.36682293	1.8901906
244	196	1698	0.55349235	-0.38128001
440	196	1699	0.35908881	2.2222249
370	197	1700	0.45364307	0.4810854
377	197	1701	0.39963059	1.7481912
215	199	1702	0.25922114	1.4387988
458	199	1703	0.42513	1.2280732
357	200	1704	0.59191081	0.68215597
364	200	1705	0.68487434	1.4977878
425	200	1706	0.78252616	-2.5565068
325	201	1707	0.5802153	0.49605674
396	201	1708	0.63676907	-0.41055106
401	201	1709	0.80689243	1.4537239
457	201	1710	0.55039164	-2.0308225
203	202	1711	0.44021813	2.9406321
300	202	1712	0.75144498	2.0507018
444	202	1713	0.52179068	-2.2184024
494	202	1714	0.33188581	-1.014259
300	203	1715	0.58481373	1.4259362
402	203	1716	0.52689837	-3.0368562
444	203	1717	0.5173216	-1.3435037
247	204	1718	1.1254071	0.80316636
258	204	1719	0.6070494	-0.70819433
292	204	1720	0.85199996	-1.7784155
343	204	1721	0.49711327	2.5198681
393	204	1722	0.36207453	0.53658006
446	204	1723	0.73052829	-2.3167159
215	205	1724	0.4110083	2.8792439
248	205	1725	0.6580957	2.5410281
366	205	1726	0.74903544	-0.13800679
220	206	1727	1.3857542	-0.51418383
431	207	1728	0.094752019	1.8697588
403	208	1729	0.30884278	2.105821
281	209	1730	0.59141625	2.953507
323	209	1731	0.2822169	2.2032582
491	209	1732	0.77680553	-1.1166606
221	210	1733	0.33084011	3.0792189
237	211	1734	0.46960423	2.9934162
285	211	1735	0.4801225	-1.7480462
384	211	1736	0.6008267	2.2299441
472	211	1737	0.63722482	-0.46394268
216	212	1738	0.86719437	-0.22292296
222	212	1739	0.49260336	2.7452656
348	212	1740	0.32528266	1.2318988
462	212	1741	0.5275643	0.19752666
488	212	1742	0.89156359	-2.9681109
458	215	1743	0.18000347	0.92209844
237	216	1744	0.75816743	-0.78040905
342	216	1745	0.35288696	0.72288803
384	216	1746	0.6479854	-0.19851515
386	216	1747	0.52424573	1.8785669
462	216	1748	0.44163354	2.4093416
249	217	1749	0.31210787	2.9711388
264	217	1750	0.4817538	1.0950569
288	217	1751	0.36670556	1.583305
302	218	1752	0.63389555	-0.43119923
374	218	1753	0.49191191	-2.9001632
436	218	1754	0.31504697	-2.1070102
376	219	1755	0.63874473	2.4815112
356	220	1756	0.96553013	-0.64705286
472	221	1757	0.38017802	2.5875886
489	221	1758	0.5063681	-2.4754418
348	222	1759	0.5745194	0.20440779
484	222	1760	0.561245	2.754459
488	222	1761	0.54584685	-2.4596316
299	225	1762	0.51279743	0.53648063
381	226	1763	0.66082796	-1.1535952
396	226	1764	0.57057042	1.224352
434	227	1765	0.50827421	-0.23949204
243	228	1766	0.91440406	-0.012342583
327	228	1767	0.77280035	-0.12051384
383	228	1768	0.30253798	-2.6569601
443	228	1769	0.47054558	-3.1406534
273	229	1770	0.35895005	-0.58698985
454	229	1771	0.46227287	-1.6454828
247	231	1772	0.35484742	0.50315967
265	231	1773	0.3455457	-0.11214895
393	231	1774	0.4808104	-1.9088475
268	232	1775	0.73739664	-2.5781895
374	232	1776	0.44423569	2.0032312
409	232	1777	0.48969781	-1.8858695
368	233	1778	0.56192952	-0.70776302
428	233	1779	0.68307218	-1.7795715
429	233	1780	0.64778164	2.728666
428	234	1781	0.61917531	-0.53449002
429	234	1782	0.61811749	1.4392823
327	235	1783	0.37578506	2.4628657
312	236	1784	0.19748921	-0.063565978
407	236	1785	0.40888176	-0.87953021
285	237	1786	0.66176836	-0.95951261
371	237	1787	0.6157504	-1.6778812
384	237	1788	0.41694974	1.3372705
286	238	1789	0.67495207	-1.5776267
311	238	1790	0.39089032	0.12744089
316	238	1791	0.48593086	-2.8043156
446	238	1792	0.64259302	0.60825439
463	238	1793	0.49282919	2.2195895
344	239	1794	0.62496226	-2.044665
394	239	1795	0.48807415	-0.33348789
489	240	1796	0.64613004	1.7232803
365	241	1797	0.49098959	-0.41055101
364	242	1798	0.31729551	-0.14088197
459	242	1799	0.51913537	1.658569
257	243	1800	0.27413284	0.38440669
360	243	1801	0.60216078	-0.10330359
453	244	1802	0.51160224	-0.22345955
485	246	1803	0.56192632	0.72494948
497	246	1804	0.95833073	1.4886234
265	247	1805	0.21228098	-1.4170637
268	247	1806	0.54297612	0.1371098
476	247	1807	0.68527672	0.94271045
301	248	1808	0.76055828	2.6099414
372	248	1809	0.50828734	0.42654237
264	249	1810	0.64798427	0.6177505
487	250	1811	0.11291022	-0.098620583
440	251	1812	0.32624184	-0.31808655
308	252	1813	0.83836169	1.9136269
340	252	1814	0.70137945	1.2906279
358	252	1815	0.78256368	-0.7244574
391	253	1816	0.36829473	1.7074104
299	254	1817	0.6437199	-1.6665527
495	254	1818	0.57583973	1.3647499
485	255	1819	0.69975132	-1.4114482
497	255	1820	0.25510431	-2.7027097
360	256	1821	0.43045917	-2.8030567
474	256	1822	0.50228389	1.3187436
261	258	1823	0.64959711	-0.1048281
292	258	1824	0.77328346	-2.5381246
393	258	1825	0.59901168	1.8237088
417	258	1826	0.62340067	1.4861194
424	258	1827	0.77099415	-1.9167033
271	259	1828	0.71021952	2.8184765
345	259	1829	0.43462491	-1.1200924
296	260	1830	0.62933272	-1.9742622
388	260	1831	0.34819491	3.0124698
389	260	1832	0.4561398	-2.4721341
280	262	1833	0.21981496	-1.7850666
299	262	1834	0.60931425	1.4046089
317	262	1835	0.43853158	-3.0459835
392	263	1836	0.25876308	2.7903439
447	263	1837	0.72879071	-1.4825922
269	264	1838	0.71371945	1.0114504
288	264	1839	0.23349486	-2.8747028
268	265	1840	0.57970203	0.51196654
417	265	1841	0.47937147	-2.2475752
269	266	1842	1.1180718	-2.2074378
298	266	1843	0.79165826	1.1815204
452	267	1844	0.34628626	2.1854373
409	268	1845	0.47710539	-0.15100752
363	269	1846	0.47025907	0.62140117
369	270	1847	0.70103048	1.9654464
277	271	1848	0.76075209	-1.4906545
415	271	1849	0.7016457	3.019277
300	272	1850	0.7744693	-1.0900906
382	272	1851	0.74913709	1.7242444
464	272	1852	0.39226712	-3.0907474
454	273	1853	0.42410532	-2.4751565
490	274	1854	0.4955571	0.97456121
347	275	1855	0.45546472	-1.8898852
387	275	1856	0.57251165	2.4385966
444	275	1857	0.59308585	1.117464
461	276	1858	0.48707872	0.22952216
289	277	1859	0.64180267	-0.26713133
283	278	1860	0.71375311	3.1124645
369	278	1861	0.64579764	0.68602182
365	279	1862	0.42394361	0.072036043
471	280	1863	0.4572317	-2.5494997
479	280	1864	0.45408492	3.008509
282	281	1865	0.64225303	-1.0582972
323	281	1866	0.43038032	0.27543052
338	281	1867	0.56202947	3.0870821
400	281	1868	0.75837292	-2.4290856
473	281	1869	0.72105706	1.8873023
315	283	1870	0.92637998	-2.9751175
378	283	1871	0.35640343	2.2713637
362	284	1872	0.48377449	-2.5448933
380	284	1873	0.52155958	-1.0793324
454	284	1874	0.28931046	1.277621
371	285	1875	0.45112332	-2.9851368
489	285	1876	0.66484212	-0.51157016
328	286	1877	0.34116843	-0.7228408
434	287	1878	0.8184507	2.0592817
296	288	1879	0.61559653	2.1105157
310	289	1880	0.46433072	0.4974559
345	289	1881	0.36075932	1.0392844
425	289	1882	0.4443745	0.0031797982
379	291	1883	0.29054178	0.45025319
402	291	1884	0.79584929	-0.64918002
461	291	1885	0.47133053	-1.3885742
311	292	1886	0.46022004	-3.0973297
382	292	1887	0.67896591	-1.5582007
424	292	1888	0.47214532	-0.65200105
446	292	1889	0.43680229	2.3934228
483	292	1890	0.57661989	-2.1116386
360	294	1891	0.76306214	-2.7144951
324	296	1892	0.63596525	2.8662597
389	296	1893	0.31574417	1.9286849
433	297	1894	0.54338828	0.65766685
474	297	1895	0.81531659	-2.5838443
320	298	1896	0.83485151	1.4060765
301	299	1897	0.72680788	-0.77354212
385	300	1898	0.70618859	0.72969608
390	300	1899	0.57858702	3.120233
303	301	1900	0.44131342	-1.9784724
436	302	1901	0.73684829	-3.1336038
484	302	1902	0.89141343	0.36302396
488	302	1903	0.95960879	-0.25214311
319	304	1904	0.26022548	2.3061031
455	304	1905	0.44024728	-1.7975832
453	305	1906	0.18441031	-2.2873829
370	306	1907	0.68828789	-2.2915025
373	306	1908	0.54954891	1.4736711
455	306	1909	0.65950785	3.0241912
321	307	1910	0.61909818	2.0322188
332	307	1911	0.63273033	1.0597677
459	307	1912	0.44442462	0.15718154
340	308	1913	0.48959187	-0.23824599
385	308	1914	0.89638192	2.7311615
447	308	1915	0.7085725	0.99998906
345	310	1916	0.24230841	2.7636456
425	310	1917	0.2231371	-1.407305
446	311	1918	0.34686181	1.1565197
448	312	1919	0.52025789	-0.881538
350	313	1920	0.49892351	0.96116665
454	313	1921	0.59623333	-1.0943979
491	313	1922	0.77902522	1.493096
326	314	1923	0.49423087	0.30557739
411	314	1924	0.44525851	2.7398499
458	315	1925	0.55779265	-2.5416437
331	316	1926	0.5926363	-1.662677
463	316	1927	0.57637368	1.2881069
479	317	1928	0.12778358	-2.0620636
408	318	1929	0.47310315	-0.86387462
448	318	1930	0.54049435	0.20529949
468	318	1931	0.62986181	-3.0592597
404	319	1932	0.64595605	2.1150131
455	319	1933	0.62653867	-1.4498797
351	320	1934	1.0235637	1.7546254
416	320	1935	0.43290325	-0.071746904
332	321	1936	0.58509385	-0.0042028175
419	321	1937	0.37081859	1.176902
442	321	1938	0.37689946	0.7726325
339	322	1939	0.48275552	-1.5917508
396	322	1940	0.66361119	2.6965261
400	322	1941	0.50700026	1.6012427
426	322	1942	0.50357326	-0.20895337
346	324	1943	0.71182461	2.5785237
369	324	1944	0.84588379	-2.5469913
388	324	1945	0.68348472	0.72011384
389	324	1946	0.51623515	0.24025828
396	325	1947	0.53538343	-1.4329362
400	325	1948	0.72623144	-0.43985469
401	325	1949	0.6700194	2.2407161
355	326	1950	0.6523153	2.1684406
415	326	1951	0.65489173	-1.1760305
360	327	1952	0.7463453	0.026166819
383	327	1953	1.0360092	-3.0952062
464	328	1954	0.57165401	-0.96066795
483	328	1955	0.5626098	1.0097063
474	329	1956	0.16053345	-0.93392928
475	329	1957	0.68955409	0.46140102
410	330	1958	0.28152905	-1.8847033
456	330	1959	0.66657852	-1.34753
442	332	1960	0.41214616	2.4414925
459	332	1961	0.49940646	-1.3085043
395	333	1962	0.26897381	1.9321794
420	334	1963	0.4401356	1.1376404
435	334	1964	0.53704395	-0.6396011
381	335	1965	0.54606356	2.3074366
478	335	1966	0.30239997	0.079236704
384	336	1967	0.60245191	-1.0757739
386	336	1968	0.51710701	2.9523584
378	337	1969	0.35722685	-1.9949923
453	337	1970	0.44325745	1.8916682
467	337	1971	0.54327723	0.11319102
400	338	1972	0.52654758	-1.5948902
381	339	1973	0.63543158	-2.5152691
384	342	1974	0.51755643	-0.77257595
386	342	1975	0.50014315	2.5804371
418	344	1976	0.47528473	2.4882901
419	344	1977	0.3850775	-1.3409034
442	344	1978	0.5027299	-1.1281799
478	344	1979	0.25292451	2.4789163
370	346	1980	0.85753194	1.8097659
427	346	1981	0.48852157	-1.5353238
406	347	1982	0.46154629	-2.7456799
441	347	1983	0.46735161	2.2441635
465	347	1984	0.49167016	-1.1052957
386	348	1985	0.5787854	0.0019188251
466	349	1986	0.24677137	-2.8694573
491	350	1987	0.43111836	2.1204042
362	351	1988	0.70703568	1.4719134
474	352	1989	0.68195961	-2.6107246
475	352	1990	0.11231488	2.2002362
365	353	1991	0.86378273	2.8400706
401	353	1992	0.93058028	-0.74242566
387	354	1993	0.46343766	-0.92109097
402	354	1994	0.41488039	0.62564124
461	354	1995	0.33606019	2.2543829
428	355	1996	0.5904074	1.6704213
362	356	1997	0.78674855	-1.0003188
364	357	1998	0.51352052	2.4938084
423	357	1999	0.42374213	1.2972684
404	358	2000	0.88605899	0.63488783
449	358	2001	0.59285396	-1.8880927
437	359	2002	0.74862946	-2.3718294
477	361	2003	0.082290093	1.6520578
468	365	2004	0.76308651	0.79871784
383	366	2005	0.41918817	1.3723016
422	367	2006	0.7016263	1.7640356
423	367	2007	0.67010103	-1.6037278
376	368	2008	0.56959182	-1.6042306
381	368	2009	0.83123975	0.46015157
428	368	2010	0.6441976	-2.6520621
427	369	2011	0.38358363	1.2633069
467	369	2012	0.80320566	2.7973241
377	370	2013	0.50702024	2.7713955
455	370	2014	0.62737526	1.8965194
383	372	2015	0.94542778	-0.29433697
415	373	2016	0.51305798	0.52299284
476	374	2017	0.65431993	-2.6360391
428	376	2018	0.61065432	2.6902269
403	377	2019	0.54836267	-2.1756787
455	377	2020	0.49276449	0.98625348
390	379	2021	0.40419276	0.095573037
422	380	2022	0.17157697	2.0688666
418	381	2023	0.54910339	-0.46712333
450	381	2024	0.2683209	0.61538251
424	382	2025	0.53711958	0.81921391
483	382	2026	0.35687607	2.5979715
473	384	2027	0.30890023	-0.89227946
397	385	2028	0.4045855	2.1736223
407	386	2029	0.7093083	2.4003332
462	386	2030	0.26558104	-2.2635617
402	387	2031	0.61453024	1.479642
441	387	2032	0.4372718	-1.5652082
389	388	2033	0.32813186	-1.6085624
402	390	2034	0.64682552	-1.6171565
464	390	2035	0.67648406	1.8269936
406	391	2036	0.39404967	0.29330737
481	391	2037	0.2137988	1.6648851
417	393	2038	0.20676085	0.20066253
463	395	2039	0.38038136	-1.258298
400	396	2040	0.62400174	0.36213956
429	398	2041	0.76024425	-0.97668236
406	399	2042	0.66995466	-0.81053863
481	399	2043	0.39188453	-1.4058068
426	400	2044	0.79480444	-0.87731466
444	402	2045	0.78223277	-0.61127291
461	402	2046	0.5488271	3.1095359
411	404	2047	0.46642648	0.39924406
465	406	2048	0.6973679	-0.38415922
481	406	2049	0.4094379	2.8975648
456	410	2050	0.44846854	-1.0205031
485	412	2051	0.43361035	2.5836996
493	412	2052	0.15521947	-2.6791019
423	416	2053	0.36830012	1.2160657
478	418	2054	0.22238397	-0.64264143
442	419	2055	0.15023084	-0.55636595
435	420	2056	0.76094649	-1.2413966
480	421	2057	0.51332089	-1.4521841
454	422	2058	0.59157426	1.7073936
495	430	2059	1.0052115	2.435763
465	434	2060	0.69885517	1.7900461
451	435	2061	0.47494853	1.2954684
449	438	2062	0.5610368	1.2082885
486	438	2063	0.23803826	1.2402958
453	439	2064	0.52629597	3.0932406
467	439	2065	0.36760896	-1.138775
445	444	2066	0.36868634	-1.3839556
494	444	2067	0.5081828	0.2675402
486	449	2068	0.32321024	-1.9568751
480	452	2069	0.52298677	1.6135289
467	453	2070	0.76872218	-0.48630379
480	456	2071	0.84817156	-1.0798142
498	470	2072	0.5186377	0.1301849
479	471	2073	0.32325324	1.791199
489	472	2074	0.51835266	-1.7155991
492	477	2075	0.40246815	-2.3528948
495	482	2076	1.2388264	-1.1302188
488	484	2077	0.56416532	-1.3998943
498	488	2078	0.58555317	-2.8627969
