from	to	label	distance	angle
1	136	1	0.24222985	-2.5838361
1	324	2	0.24572808	2.5086408
1	374	3	0.17444729	0.2767198
1	436	4	0.34487957	0.34042722
2	31	5	0.43003894	-2.4345829
2	117	6	0.48875406	-0.64871757
2	182	7	0.3603204	2.2044922
2	318	8	0.42380665	1.551299
3	307	9	0.23989145	0.54021086
3	396	10	0.42215847	1.5515199
3	436	11	0.44298012	-1.7993426
4	12	12	0.28392813	-0.094275596
4	143	13	0.68404256	3.062013
4	402	14	0.31197198	1.6283722
4	418	15	0.66461903	-0.25885643
5	124	16	0.40382783	-2.2762665
5	419	17	0.28854079	0.86776376
6	63	18	0.39354618	-1.3242502
6	90	19	0.39477478	1.814256
7	85	20	0.28828383	2.2915687
7	100	21	0.057418488	0.76890889
7	421	22	0.38119372	-0.66998924
8	48	23	0.41199205	-0.92539333
8	112	24	0.33690732	1.8007565
8	244	25	0.316276	3.0660384
9	255	26	0.5106262	-0.37964786
9	363	27	0.50117976	2.7847967
10	12	28	0.36019776	-0.22420203
10	29	29	0.58656905	-0.38429848
10	360	30	0.65408624	2.8201379
11	65	31	0.31646084	-1.3596207
11	221	32	0.48921678	1.9536872
11	231	33	0.23377339	-0.0027621554
11	477	34	0.38375436	-1.1832411
12	69	35	0.49355701	-0.31626296
13	112	36	0.64543759	-0.80759213
13	241	37	0.12817057	2.1776423
13	288	38	0.65087613	2.3215199
14	49	39	0.22482288	0.63220869
14	92	40	0.31578873	-3.0467944
15	33	41	0.30668668	-0.35036424
15	83	42	0.16035435	-2.9147148
15	104	43	0.26916606	2.754695
16	187	44	0.32016168	-2.9101817
16	246	45	0.54275697	2.0104437
16	339	46	0.39131838	-1.4581018
16	350	47	0.75878229	-1.1930808
16	483	48	0.67318124	1.657286
17	39	49	0.43517522	-1.6687926
17	99	50	0.40225942	1.1731776
17	153	51	0.13927036	2.5110342
18	90	52	0.41985235	2.3181078
18	363	53	0.39278073	-0.87975567
19	211	54	0.45768666	-0.86148623
19	261	55	0.46993565	2.3489182
20	161	56	0.29225208	1.8120329
21	86	57	0.18223763	-1.6926718
21	164	58	0.41123706	-2.6619132
21	252	59	0.39312795	0.13057765
21	292	60	0.22871107	1.5324893
22	220	61	0.37632559	-2.5515438
22	360	62	0.31938966	0.090375775
22	431	63	0.18088719	0.31032352
23	137	64	0.33337155	-1.9165431
23	179	65	0.34911391	1.5929088
23	464	66	0.13812642	1.8105014
24	61	67	0.070093017	-2.1322135
24	460	68	0.25198948	1.1489948
25	119	69	0.43518334	0.69263445
25	128	70	0.42129169	-2.8538971
26	373	71	0.21737764	2.1508001
27	93	72	0.27984909	-1.2852837
27	408	73	0.33655864	2.7964007
28	285	74	0.61831433	0.20846724
28	351	75	0.62531603	-2.795377
29	69	76	0.2768138	-0.049428436
29	290	77	0.55128206	-0.50122545
30	221	78	0.14283447	-2.5768584
30	231	79	0.60777073	-1.0623244
30	274	80	0.28235088	2.624
30	350	81	0.5596252	1.7585234
31	87	82	0.5433194	1.7715276
31	266	83	0.28348481	1.4005306
31	280	84	0.69679446	-1.826029
32	47	85	0.60914054	-0.66798029
32	110	86	0.31565572	2.9682472
32	198	87	0.28939553	2.5685064
32	212	88	0.52899715	2.3254789
32	359	89	0.27303615	-1.2359873
33	150	90	0.14993172	-0.76669025
33	174	91	0.19802457	1.5294208
33	298	92	0.30061736	-0.69003828
34	194	93	0.32678154	0.075670822
34	215	94	0.17387234	-0.79384988
34	243	95	0.43961703	-3.0974021
34	480	96	0.3099478	0.44332764
35	224	97	0.23437494	2.1995148
35	417	98	0.4169378	0.59924307
35	445	99	0.43118753	-2.3180831
36	90	100	0.48025662	-0.591255
36	386	101	0.50695988	2.4430691
36	456	102	0.18435616	-1.3855264
37	148	103	0.4676872	0.32953216
37	308	104	0.2288719	-3.0733739
37	479	105	0.37608231	-2.3519133
38	184	106	0.33603931	1.0246765
38	205	107	0.072513572	2.3317984
39	345	108	0.28019599	-0.81674041
39	411	109	0.37445177	-1.7548735
40	124	110	0.46855003	-0.29257572
40	141	111	0.48737806	3.0810871
41	164	112	0.27634824	-0.24321329
41	304	113	0.25744295	-2.9865918
42	437	114	0.33848088	-0.50810682
42	443	115	0.33150919	2.3459557
43	156	116	0.17540934	2.636494
43	243	117	0.4387704	-1.3272596
43	329	118	0.415998	0.964888
43	346	119	0.14005321	-2.1824747
43	437	120	0.33814728	2.4954753
44	180	121	0.33079924	1.0385065
44	193	122	0.29920206	-1.5531712
44	218	123	0.26946078	1.7503062
44	384	124	0.39526961	-2.5051796
44	445	125	0.25577626	0.1647267
45	95	126	0.20669936	-0.42920901
45	183	127	0.21728466	1.1454998
45	233	128	0.17994161	-1.785997
46	125	129	0.42259623	1.9096124
46	396	130	0.41141845	-1.1784159
47	72	131	0.72099937	-0.56640569
47	359	132	0.40644583	2.8433579
48	87	133	0.55614288	-1.0406747
48	379	134	0.32843598	2.8396561
48	467	135	0.35435641	1.1899521
49	206	136	0.57700747	-1.7885913
49	321	137	0.30200207	-0.37680106
49	383	138	0.28327555	1.2970641
49	451	139	0.55546752	1.6909041
50	329	140	0.15454118	-2.6156971
51	72	141	0.80599192	2.6652025
51	401	142	0.23107036	-1.2232127
51	474	143	0.72917609	-0.35025091
51	482	144	0.29941933	-1.1804731
52	116	145	0.5171235	-1.3279145
52	122	146	0.30347858	2.4441771
52	242	147	0.23394886	-1.5938359
52	422	148	0.50720775	1.5785368
53	66	149	0.49156501	-0.63590439
53	236	150	0.31928535	2.307315
53	302	151	0.49381379	-0.87547044
53	320	152	0.43411935	1.4581899
53	382	153	0.32524194	-0.43541964
53	410	154	0.76385413	2.1142228
53	442	155	0.61195741	-1.8878259
54	276	156	0.35821541	1.3308792
54	281	157	0.44016414	-1.9026439
54	300	158	0.22824983	-1.2746491
54	316	159	0.29174181	1.2988606
55	81	160	0.28338358	2.2539559
55	425	161	0.10356053	0.24403385
56	375	162	0.33145222	-1.7802217
56	387	163	0.30314116	1.5405189
56	429	164	0.16773291	2.0589275
57	93	165	0.28974672	2.1767318
57	279	166	0.30162634	-2.0419811
58	226	167	0.28405857	-1.23429
59	65	168	0.23976853	1.7253631
59	202	169	0.19886235	-1.7462733
59	213	170	0.16915365	-0.54645153
59	475	171	0.28779677	0.49309289
60	137	172	0.55936408	-1.8848781
60	279	173	0.58296396	1.3963231
60	464	174	0.12516293	-2.4039296
61	460	175	0.32154844	1.1186547
62	342	176	0.25931316	3.0714384
63	258	177	0.30364927	-1.632407
63	363	178	0.37739537	0.42073095
63	397	179	0.38348934	-2.237911
64	398	180	0.17518975	-1.5776323
64	423	181	0.27232222	-2.8976318
65	475	182	0.30738159	-0.33370212
66	108	183	0.50279681	-0.9117809
66	230	184	0.2789244	0.61803411
66	382	185	0.18457521	2.1471408
67	161	186	0.2972211	2.1207758
68	75	187	0.35727472	-1.9054674
68	92	188	0.46040306	1.9852464
68	206	189	0.18682535	0.1115302
68	282	190	0.2956341	-0.65168705
69	481	191	0.5828678	-0.40861363
70	88	192	0.19169295	2.9181561
70	131	193	0.29500288	-0.34712478
70	294	194	0.21649794	1.5287164
70	391	195	0.23571889	-2.8001396
71	148	196	0.63571163	-1.9241571
71	286	197	0.60224327	0.95930401
71	340	198	0.27075481	2.4864852
71	421	199	0.098112868	2.5687167
71	462	200	0.24990264	2.1802861
72	73	201	0.36682174	-3.1141668
73	228	202	0.34817186	2.8231068
74	123	203	0.31769296	-3.082466
74	223	204	0.31747648	0.36013954
75	206	205	0.46921001	0.86872934
75	264	206	0.38378872	-1.567862
75	476	207	0.47961471	-2.3103329
76	122	208	0.223988	-0.96064409
76	188	209	0.21845381	-3.0175842
77	219	210	0.21874535	2.9295111
77	241	211	0.49866393	1.3554674
77	244	212	0.54866449	-0.78732786
77	422	213	0.48029038	-3.0045875
78	315	214	0.29973338	-0.15023401
78	348	215	0.28355489	-2.2700998
79	167	216	0.13575512	-0.27224785
79	264	217	0.28773021	2.435962
80	236	218	0.31109673	-1.5788814
80	447	219	0.34936089	1.0784045
81	167	220	0.26637584	0.13561789
81	216	221	0.29120655	-1.2482598
81	264	222	0.27296635	1.8907194
81	425	223	0.34056569	-0.6088042
81	476	224	0.50154128	2.5285338
82	295	225	0.33788953	1.5724093
82	361	226	0.17469156	1.7513859
82	403	227	0.36603196	-1.5394337
83	104	228	0.16612008	2.1651686
83	386	229	0.15876076	-1.9788393
84	235	230	0.44313195	-0.36427298
84	325	231	0.49083273	2.7527717
84	366	232	0.41587659	2.3261582
84	441	233	0.47352178	-0.73965828
85	100	234	0.29122409	-0.65179409
85	240	235	0.33037231	2.3797333
85	259	236	0.1193716	-0.74597116
86	164	237	0.3427862	-3.1156322
86	270	238	0.36303312	0.74056276
86	277	239	0.3769534	-1.4732837
87	182	240	0.22504758	0.16646416
87	266	241	0.29744156	-1.0172581
87	409	242	0.34492941	1.4916748
88	189	243	0.24210583	-1.8924014
88	427	244	0.22512197	1.6046989
89	268	245	0.1640454	1.8879999
89	273	246	0.4886112	0.11602992
89	357	247	0.48741837	-2.808662
90	135	248	0.34792841	1.1430533
91	276	249	0.53661747	-1.4513173
91	280	250	0.78325074	1.8908065
91	316	251	0.60244793	-1.475702
91	319	252	0.40606391	0.39327289
92	196	253	0.59483765	2.3706121
92	331	254	0.2828744	-0.67836252
93	163	255	0.32267866	0.15243314
93	172	256	0.32331327	0.42433249
93	279	257	0.50769964	-1.5154225
93	408	258	0.5501567	2.373059
94	109	259	0.35388794	-2.6440957
94	211	260	0.52574487	0.12584332
94	309	261	0.43436029	3.026992
95	139	262	0.33853106	1.7200986
95	183	263	0.30048076	1.9040781
95	233	264	0.24352674	-2.7640515
95	250	265	0.33641223	0.020735586
95	296	266	0.43711723	-1.3910071
96	153	267	0.32917394	0.90004973
96	308	268	0.17548924	-1.4436997
96	404	269	0.30223312	-1.581467
97	116	270	0.49620029	2.8359065
97	265	271	0.39217538	-0.95902953
97	335	272	0.26543544	-0.17947076
97	453	273	0.33319316	0.67547865
98	135	274	0.21248822	2.5104248
99	153	275	0.39413753	-2.3193877
99	256	276	0.20518426	2.6069802
99	351	277	0.54889015	0.81773185
100	421	278	0.3779529	-0.82116453
101	211	279	0.15106459	-0.68223048
102	244	280	0.3365824	1.8397383
102	379	281	0.17447324	0.4075466
102	394	282	0.21240139	-1.0088513
102	453	283	0.31590034	-1.8627403
103	168	284	0.24708881	2.5677404
104	225	285	0.42537772	2.707821
104	284	286	0.51505407	0.34736173
104	386	287	0.28494339	-1.4652217
104	417	288	0.42660373	-2.7872187
105	210	289	0.14340412	-2.9467889
105	362	290	0.26327312	1.7988766
106	201	291	0.29278668	0.70139854
106	213	292	0.13846598	2.4305602
107	186	293	0.22271892	-2.9771968
107	227	294	0.29651885	-2.7533984
107	395	295	0.41367468	3.0417087
107	448	296	0.14172732	-2.5498467
107	470	297	0.53653272	0.28267858
108	272	298	0.52777881	-1.2049647
108	302	299	0.4960332	2.4657925
108	414	300	0.50444035	-0.38668983
109	309	301	0.24958232	2.0747517
109	323	302	0.26618124	-2.5789164
109	332	303	0.29214096	-2.0182836
110	212	304	0.33490326	1.7250891
110	231	305	0.5048557	2.4332922
110	275	306	0.25519032	-1.2212782
110	359	307	0.50799312	-0.66214479
110	475	308	0.27275189	-2.8399374
111	400	309	0.32222318	2.0018976
111	471	310	0.38463869	-0.60494584
112	467	311	0.56209428	-0.62349651
113	252	312	0.28148519	-2.3162571
113	306	313	0.1834535	-1.1404897
114	145	314	0.37402839	1.7888541
114	186	315	0.20020855	-1.5739873
114	448	316	0.26315574	-1.1750403
115	296	317	0.25011106	-0.084952125
116	171	318	0.52768691	-0.91317765
116	242	319	0.29781305	2.0216162
116	329	320	0.39858283	-2.106891
116	428	321	0.48369261	2.4484432
117	179	322	0.37378357	-1.2812869
117	420	323	0.32790706	-0.016792119
118	285	324	0.58464977	-2.9355907
118	312	325	0.12356109	-1.3879367
118	357	326	0.58110672	0.16348878
119	161	327	0.70153323	0.22202089
119	291	328	0.59044781	3.0114718
120	423	329	0.81546772	-0.6858354
120	468	330	0.80304255	2.4717172
121	248	331	0.30326797	2.1933832
121	317	332	0.10752391	-0.90955897
121	461	333	0.40082761	-0.93428339
122	188	334	0.37896675	2.7157375
122	422	335	0.38706972	0.93871132
122	428	336	0.38808281	-1.6096847
123	232	337	0.35965221	2.5475566
123	337	338	0.2393684	-1.3977303
124	199	339	0.29007721	0.84320832
124	257	340	0.49772838	-1.3663893
125	313	341	0.31024283	1.5936126
125	326	342	0.42653165	3.1279171
125	389	343	0.34135945	0.33911613
126	192	344	0.093003108	-2.6492576
126	299	345	0.23324829	-0.68532282
127	152	346	0.33489344	-1.8064735
127	157	347	0.34482495	-2.4421367
127	267	348	0.25416407	2.2297797
127	376	349	0.44809623	0.72051565
128	347	350	0.30697387	-1.2242129
128	457	351	0.31291654	-1.5098511
128	474	352	0.50080608	2.3918144
128	484	353	0.2052863	2.8473441
129	455	354	0.18626804	2.0968443
130	307	355	0.36731486	-1.7882867
130	341	356	0.47043891	1.168337
130	396	357	0.28327187	-2.9283032
130	455	358	0.30125175	-1.3601577
131	426	359	0.43893247	-1.4209161
131	428	360	0.48799845	-0.15109465
131	441	361	0.54355689	2.2247328
132	173	362	0.54461303	-1.3052805
132	318	363	0.21541062	2.8873276
132	322	364	0.43792002	1.9058516
132	408	365	0.31067952	1.4916812
133	470	366	0.30740703	1.7192362
134	211	367	0.41289663	3.0207053
134	343	368	0.41796694	-0.015927016
134	364	369	0.19489389	-1.5096421
135	253	370	0.32459525	1.0790086
135	298	371	0.251515	2.4401872
136	324	372	0.27366314	1.5437826
137	190	373	0.30480006	-0.22070335
137	305	374	0.70640649	-1.8793224
137	319	375	0.35342135	-2.4505561
137	464	376	0.45494296	1.3936158
138	246	377	0.32010645	0.1310949
139	183	378	0.069866009	-2.3271099
139	299	379	0.29911933	1.5423145
140	161	380	0.66802071	3.1261296
140	476	381	0.65910185	0.065819091
141	481	382	0.53771042	-2.9092332
142	222	383	0.13499731	-1.2541794
142	255	384	0.28365115	2.3910376
142	381	385	0.15563523	0.017453618
143	220	386	0.6388311	-3.0905689
143	431	387	0.27797699	2.1538985
144	201	388	0.36543118	0.56352599
144	202	389	0.19921506	-3.0849903
145	307	390	0.37751742	1.7810402
146	192	391	0.26929941	-0.50719925
147	193	392	0.16358291	1.9449179
148	237	393	0.84709463	-1.7139749
148	421	394	0.66401732	1.362151
149	217	395	0.13345595	1.8688054
149	241	396	0.42530859	-1.317537
149	306	397	0.27188546	2.2928553
149	466	398	0.29700386	1.8900163
151	206	399	0.41140179	2.0179802
151	393	400	0.33755997	-1.4846402
152	295	401	0.35442418	-1.695681
153	256	402	0.40385538	1.3417401
153	308	403	0.46885297	-1.9702891
154	234	404	0.63076025	0.46359313
154	461	405	0.62787299	-2.5806199
155	316	406	0.38738961	2.1359671
155	370	407	0.37413751	-2.0909791
155	452	408	0.303346	-0.18338007
156	437	409	0.16631663	2.3466912
157	251	410	0.51790146	0.81711466
157	413	411	0.63205436	-2.3200591
158	308	412	0.51108791	1.5937217
158	355	413	0.54009408	-1.0677299
158	368	414	0.3382733	3.0905804
158	411	415	0.18203683	0.33333714
159	170	416	0.27182236	2.2678401
159	310	417	0.28491576	-0.69951
160	284	418	0.51052294	-2.7243761
160	328	419	0.54196809	0.79462965
160	435	420	0.34607675	-1.2316814
161	181	421	0.53533483	1.6796907
162	226	422	0.38632719	2.0100586
162	260	423	0.22874889	1.8608
162	268	424	0.47713194	-1.1888625
164	277	425	0.52732496	-0.76782375
164	304	426	0.52325875	3.0903401
164	446	427	0.4103019	2.1955279
165	225	428	0.48262918	-0.77270072
165	343	429	0.42978805	2.9134977
165	399	430	0.32568591	1.6458781
166	441	431	0.23059345	-1.3900755
167	393	432	0.30298784	1.0181114
167	425	433	0.23129615	-1.5039615
168	249	434	0.33074756	2.542143
169	455	435	0.20751555	1.4547477
170	230	436	0.4793825	2.7913571
170	327	437	0.41026342	-0.17082875
171	432	438	0.46488142	-0.8508605
171	433	439	0.24748504	-0.71465017
173	349	440	0.36539405	-1.3518087
173	478	441	0.39544621	-1.2460311
174	284	442	0.19420972	1.8915143
175	334	443	0.26215821	-1.1077483
176	371	444	0.31646147	-1.2180057
177	293	445	0.18833698	1.7300769
177	399	446	0.25200061	-1.7063548
178	425	447	0.2973492	2.2698586
179	478	448	0.12319094	1.6548103
180	218	449	0.21690956	-3.0497139
180	224	450	0.3556332	0.83136504
181	238	451	0.735466	0.77637714
181	362	452	0.30392526	2.6942207
181	424	453	0.65224116	-2.6674077
181	463	454	0.27406407	1.0761261
182	409	455	0.36314924	2.1365724
183	299	456	0.35434406	1.4107676
184	201	457	0.50294213	1.9401101
184	205	458	0.32477514	-2.334178
184	372	459	0.47600327	-0.45811239
184	460	460	0.28938967	0.76199052
185	232	461	0.18285575	-2.1422833
185	269	462	0.22680752	-2.8384355
185	353	463	0.43054577	3.0946963
185	397	464	0.50560927	0.069751519
186	227	465	0.093489713	-2.1963163
186	301	466	0.25860708	2.8315826
186	448	467	0.1106217	-0.39538737
188	235	468	0.43615624	2.8585055
189	358	469	0.22159285	-1.5124971
189	365	470	0.13881655	-1.183165
191	207	471	0.31371118	-1.5640424
192	345	472	0.35018936	-2.6881357
192	352	473	0.38127224	-1.7961634
192	413	474	0.51000791	0.59913964
193	313	475	0.31220849	-2.3758343
193	384	476	0.32948532	2.9453616
193	389	477	0.42587274	-1.3242448
193	445	478	0.4211618	0.94397973
194	195	479	0.30490999	0.20859454
194	480	480	0.1175616	1.971543
195	390	481	0.31290903	-0.20609539
195	432	482	0.25615607	1.970073
196	238	483	0.85803939	-2.5004117
196	249	484	0.1205174	-0.6313375
196	281	485	0.65324165	1.0667524
196	434	486	0.56682727	0.9552665
197	207	487	0.31803563	-1.8422579
198	212	488	0.25769429	2.0518306
200	391	489	0.22162176	-0.74036561
201	271	490	0.57044947	0.71179159
201	311	491	0.24765223	0.68818058
201	477	492	0.46752145	2.7454866
202	213	493	0.20921238	0.54191087
203	228	494	0.49092579	-0.46858742
203	275	495	0.31180676	2.1659409
203	459	496	0.39728043	2.7865932
204	208	497	0.48632925	2.7776265
204	214	498	0.4697561	-0.24404628
207	446	499	0.50147184	-1.6982947
208	228	500	0.59897284	2.3507346
208	374	501	0.25763302	-1.0554975
208	450	502	0.30463981	-1.5670138
209	240	503	0.23443527	-0.82462338
209	254	504	0.30978334	-0.69025992
209	278	505	0.28320297	2.4331047
210	362	506	0.29557616	1.2926284
210	424	507	0.26780333	-2.5690627
211	364	508	0.48744626	-0.5250182
212	344	509	0.65192756	2.1674346
213	459	510	0.26482668	-0.20805127
213	475	511	0.24922718	1.1181802
214	336	512	0.39555778	-3.0696099
214	470	513	0.57756386	-0.11049992
217	288	514	0.28134065	-2.4986291
218	369	515	0.30289322	2.4127743
219	422	516	0.28474416	-2.7387051
220	234	517	0.67229723	-2.7635208
220	315	518	0.35032675	3.0301043
220	371	519	0.28825607	1.2685684
221	442	520	0.48770118	1.769259
222	238	521	0.23092914	2.7117566
222	381	522	0.17338464	0.85651667
223	258	523	0.27327989	1.9080468
223	362	524	0.52546286	-0.5144696
223	397	525	0.40363327	2.4427005
224	356	526	0.47081833	2.6784485
224	417	527	0.48428149	0.094304069
225	417	528	0.32712212	-1.6139558
226	315	529	0.1462282	2.5633558
227	301	530	0.24619825	2.4622542
227	395	531	0.20584137	2.3000624
228	359	532	0.50564289	2.2048785
228	372	533	0.21281331	-2.2433185
229	276	534	0.43883618	1.851316
229	300	535	0.20126035	-2.3400883
229	305	536	0.70699746	1.2132289
229	434	537	0.56424112	-2.2136017
229	451	538	0.64350342	-1.2705695
230	332	539	0.38108707	1.9346334
230	382	540	0.32798704	-3.1206778
231	475	541	0.42753683	-1.2790118
232	353	542	0.37408944	2.6578627
233	352	543	0.48392284	1.9147921
233	447	544	0.5156018	-1.3971199
234	348	545	0.23262449	2.6244952
235	441	546	0.17362699	-1.9499476
237	471	547	0.46894214	-2.1348589
237	483	548	0.71055836	-1.5617739
238	255	549	0.22895792	1.7443905
238	463	550	0.48048625	-2.5344468
239	360	551	0.31363763	-1.5369104
240	254	552	0.083585185	-0.30508362
241	473	553	0.29920867	0.71568145
242	428	554	0.24576088	2.9739673
243	328	555	0.52829272	-1.7237194
243	346	556	0.36263409	2.1101046
244	379	557	0.35707378	-0.79671022
245	288	558	0.26214197	-1.5267647
245	481	559	0.16332532	2.7366529
246	471	560	0.50089236	1.7398214
246	483	561	0.24921551	0.80431136
247	348	562	0.58297385	0.63984013
247	461	563	0.5728375	-2.409233
249	405	564	0.44657412	-2.7459544
249	412	565	0.41462057	0.91575151
250	261	566	0.39510607	-0.13710925
250	333	567	0.1920884	2.5881233
251	376	568	0.28319706	0.51709243
251	377	569	0.4118097	0.88733268
252	270	570	0.14455948	3.0524744
252	288	571	0.27470702	-0.84266357
252	306	572	0.27045107	0.14881545
253	380	573	0.21726543	-0.41990989
253	435	574	0.33373711	1.7164492
254	259	575	0.37634105	-0.85491277
255	405	576	0.41477135	0.10742713
256	259	577	0.38715261	1.2202128
257	440	578	0.51948532	-1.5335732
258	397	579	0.21858444	3.1333576
259	351	580	0.42439294	-0.16015304
261	403	581	0.37677304	1.642293
262	370	582	0.29345801	2.8302266
263	442	583	0.32052995	0.31982658
264	476	584	0.3256952	3.0510259
265	335	585	0.27601563	1.4402155
265	375	586	0.37585133	-0.70783898
265	432	587	0.30478017	-1.800434
268	273	588	0.54560483	-0.18301059
268	357	589	0.51672284	-2.4856403
269	353	590	0.23098375	2.7512358
270	458	591	0.31650837	0.67275685
271	272	592	0.53470094	1.9628121
271	311	593	0.3229192	-2.4116941
271	326	594	0.43346599	0.40271104
271	388	595	0.59451655	0.86668262
271	460	596	0.64317011	-1.6346294
273	304	597	0.67537605	0.24477241
273	366	598	0.3870973	-0.99109344
274	442	599	0.26353143	1.4622337
275	359	600	0.32154648	-0.22761411
275	475	601	0.38232971	2.7134795
276	316	602	0.067274587	-1.6714359
277	422	603	0.62592558	-0.98390245
280	367	604	0.19898146	-2.6460674
280	390	605	0.55593934	2.6007788
281	300	606	0.28852137	0.75555034
281	370	607	0.24746648	0.18438762
281	434	608	0.10984019	-1.4633007
281	469	609	0.33916987	1.0689017
283	348	610	0.3073385	-1.06768
285	377	611	0.25361552	-0.62348117
286	421	612	0.61390999	-2.3426726
286	461	613	0.86322725	0.9521894
287	308	614	0.33515654	-0.29650023
288	290	615	0.57763521	2.5820401
289	373	616	0.37838682	-2.6961308
289	378	617	0.3655476	0.70464881
290	292	618	0.10612823	2.3462195
291	424	619	0.70429451	0.45926683
291	470	620	0.73779095	-2.880922
291	474	621	0.53661416	-2.891598
294	441	622	0.13060034	2.0685388
295	361	623	0.16887661	-1.7543929
296	309	624	0.452392	-0.77107797
296	447	625	0.27292468	-2.4806108
297	328	626	0.43703208	2.8698158
297	373	627	0.4239884	-0.16660349
299	413	628	0.42221119	1.1856213
301	436	629	0.37204494	2.1997624
303	314	630	0.17128961	-2.6374543
303	399	631	0.18558052	-0.19065973
304	446	632	0.41652623	0.82513834
306	466	633	0.11644267	0.73359923
308	404	634	0.13064871	-1.7669957
309	407	635	0.17898913	-2.7160092
309	430	636	0.28465744	-2.2042466
310	327	637	0.32233019	1.5342145
310	384	638	0.42233119	-0.58991118
310	414	639	0.35256623	-2.5622532
312	334	640	0.32840299	1.4008045
312	357	641	0.59175231	0.37380202
312	376	642	0.51781635	-2.4618928
312	377	643	0.41542205	-2.7820489
313	384	644	0.2972817	1.9071047
313	388	645	0.43385029	-3.0929885
313	389	646	0.3832667	-0.53865112
314	343	647	0.19039778	-1.9026376
315	348	648	0.50887706	-2.7965082
315	371	649	0.49407533	0.49848361
316	469	650	0.40410009	-1.7163023
317	461	651	0.29334861	-0.94334507
318	444	652	0.4519793	1.9863555
320	430	653	0.27977183	0.16859403
320	447	654	0.43474216	1.7924597
322	408	655	0.19798115	-0.55224281
322	423	656	0.47128112	2.1844508
323	465	657	0.21027592	-2.4289148
324	372	658	0.49798737	2.2551557
324	374	659	0.37875421	-0.26088869
325	366	660	0.20544853	0.60407172
325	454	661	0.50595657	2.9131178
326	388	662	0.28359263	1.6199152
327	369	663	0.40942384	0.36127216
330	372	664	0.41822097	2.380464
330	374	665	0.42531728	-0.47651014
332	430	666	0.30032872	2.1429403
332	465	667	0.25833482	-3.0791897
334	415	668	0.2459603	0.10569759
335	429	669	0.24417799	-0.18821927
335	453	670	0.25572114	1.5752761
336	374	671	0.39929874	2.9119215
338	477	672	0.33798511	0.46625652
339	350	673	0.39466802	-0.93036254
340	462	674	0.082032195	0.50864718
341	353	675	0.5894901	-0.17931438
341	389	676	0.5920478	2.4010132
342	375	677	0.29438427	2.4930968
342	390	678	0.25345783	-2.3814451
343	416	679	0.20961363	-2.7990213
344	350	680	0.65141902	2.1673955
345	352	681	0.31675808	-0.75999904
345	411	682	0.30764719	-2.5797972
346	437	683	0.37043191	2.1079951
349	464	684	0.35715712	-1.4808941
354	371	685	0.315282	-1.4956294
355	410	686	0.75165258	-1.1519216
355	411	687	0.54002267	1.7351776
356	364	688	0.48020841	2.1251346
356	369	689	0.39069091	-2.3002218
357	415	690	0.28408533	2.6522399
357	454	691	0.50819163	-0.2183681
358	365	692	0.10078776	1.1674308
358	443	693	0.21099259	-0.8179826
360	371	694	0.54623442	3.0738463
362	463	695	0.41875789	0.26514058
364	416	696	0.23937046	0.51290468
365	391	697	0.2370638	1.6177539
365	443	698	0.26797236	-1.1694168
367	378	699	0.29389604	3.0473165
369	438	700	0.16054505	-2.8915544
370	412	701	0.41596237	-2.0969394
370	469	702	0.26439506	1.878594
372	460	703	0.46441083	2.0583465
373	385	704	0.22637777	-0.50187042
374	395	705	0.49028093	-0.49882893
374	450	706	0.14933637	-2.5726046
375	390	707	0.3561055	-1.4272772
378	390	708	0.35327819	1.5961686
379	394	709	0.25329265	-1.757469
381	405	710	0.24033602	1.3640654
383	451	711	0.31333882	2.0451887
384	388	712	0.45100815	-2.4087839
386	417	713	0.45090855	2.8367805
387	394	714	0.29683264	2.0045605
388	414	715	0.46329944	2.3060081
390	432	716	0.50473125	2.5050025
390	449	717	0.23659569	-0.28999456
392	399	718	0.15317827	-1.3369583
394	453	719	0.23818789	-2.5999567
398	444	720	0.32575861	-2.3927985
400	479	721	0.32589756	1.2091961
404	411	722	0.38503954	-0.99640357
406	465	723	0.25652831	0.25794259
407	430	724	0.15563129	-1.6059771
408	423	725	0.65789295	2.3032752
409	467	726	0.49739209	1.9340976
418	481	727	0.68800516	-0.35896776
423	439	728	0.32159744	0.7242106
426	437	729	0.43662954	-1.390069
426	472	730	0.11119312	1.7844122
427	441	731	0.15496105	0.42286146
432	433	732	0.22224415	2.1389384
432	480	733	0.31026365	-2.478837
440	467	734	0.55398948	-1.6985882
444	467	735	0.46800375	2.6410108
458	466	736	0.26677242	-0.35222685
459	475	737	0.31667757	2.0646912
464	478	738	0.33792936	1.5271736
468	481	739	0.79204812	2.4982246
470	474	740	0.20128891	0.28913493
474	484	741	0.32908832	-1.0277801
136	1	742	0.24222985	0.55775659
324	1	743	0.24572808	-0.63295186
374	1	744	0.17444729	-2.8648729
436	1	745	0.34487957	-2.8011654
31	2	746	0.43003894	0.70700972
117	2	747	0.48875406	2.4928751
182	2	748	0.3603204	-0.93710043
318	2	749	0.42380665	-1.5902936
307	3	750	0.23989145	-2.6013818
396	3	751	0.42215847	-1.5900728
436	3	752	0.44298012	1.34225
12	4	753	0.28392813	3.0473171
143	4	754	0.68404256	-0.07957967
402	4	755	0.31197198	-1.5132205
418	4	756	0.66461903	2.8827362
124	5	757	0.40382783	0.86532617
419	5	758	0.28854079	-2.2738289
63	6	759	0.39354618	1.8173424
90	6	760	0.39477478	-1.3273367
85	7	761	0.28828383	-0.85002397
100	7	762	0.057418488	-2.3726838
421	7	763	0.38119372	2.4716034
48	8	764	0.41199205	2.2161993
112	8	765	0.33690732	-1.3408361
244	8	766	0.316276	-0.075554235
255	9	767	0.5106262	2.7619448
363	9	768	0.50117976	-0.35679595
12	10	769	0.36019776	2.9173906
29	10	770	0.58656905	2.7572942
360	10	771	0.65408624	-0.32145474
65	11	772	0.31646084	1.781972
221	11	773	0.48921678	-1.1879055
231	11	774	0.23377339	3.1388305
477	11	775	0.38375436	1.9583515
69	12	776	0.49355701	2.8253297
112	13	777	0.64543759	2.3340005
241	13	778	0.12817057	-0.96395037
288	13	779	0.65087613	-0.82007278
49	14	780	0.22482288	-2.509384
92	14	781	0.31578873	0.094798246
33	15	782	0.30668668	2.7912284
83	15	783	0.16035435	0.22687781
104	15	784	0.26916606	-0.38689763
187	16	785	0.32016168	0.23141092
246	16	786	0.54275697	-1.131149
339	16	787	0.39131838	1.6834909
350	16	788	0.75878229	1.9485119
483	16	789	0.67318124	-1.4843066
39	17	790	0.43517522	1.4728
99	17	791	0.40225942	-1.9684151
153	17	792	0.13927036	-0.63055843
90	18	793	0.41985235	-0.8234849
363	18	794	0.39278073	2.261837
211	19	795	0.45768666	2.2801064
261	19	796	0.46993565	-0.79267448
161	20	797	0.29225208	-1.3295598
86	21	798	0.18223763	1.4489209
164	21	799	0.41123706	0.4796794
252	21	800	0.39312795	-3.011015
292	21	801	0.22871107	-1.6091033
220	22	802	0.37632559	0.59004885
360	22	803	0.31938966	-3.0512169
431	22	804	0.18088719	-2.8312691
137	23	805	0.33337155	1.2250496
179	23	806	0.34911391	-1.5486839
464	23	807	0.13812642	-1.3310912
61	24	808	0.070093017	1.0093791
460	24	809	0.25198948	-1.9925979
119	25	810	0.43518334	-2.4489582
128	25	811	0.42129169	0.28769555
373	26	812	0.21737764	-0.99079257
93	27	813	0.27984909	1.856309
408	27	814	0.33655864	-0.34519197
285	28	815	0.61831433	-2.9331254
351	28	816	0.62531603	0.34621566
69	29	817	0.2768138	3.0921642
290	29	818	0.55128206	2.6403672
221	30	819	0.14283447	0.56473429
231	30	820	0.60777073	2.0792682
274	30	821	0.28235088	-0.51759261
350	30	822	0.5596252	-1.3830693
87	31	823	0.5433194	-1.370065
266	31	824	0.28348481	-1.7410621
280	31	825	0.69679446	1.3155636
47	32	826	0.60914054	2.4736124
110	32	827	0.31565572	-0.17334543
198	32	828	0.28939553	-0.57308622
212	32	829	0.52899715	-0.81611374
359	32	830	0.27303615	1.9056053
150	33	831	0.14993172	2.3749024
174	33	832	0.19802457	-1.6121719
298	33	833	0.30061736	2.4515544
194	34	834	0.32678154	-3.0659218
215	34	835	0.17387234	2.3477428
243	34	836	0.43961703	0.044190577
480	34	837	0.3099478	-2.698265
224	35	838	0.23437494	-0.94207784
417	35	839	0.4169378	-2.5423496
445	35	840	0.43118753	0.8235096
90	36	841	0.48025662	2.5503377
386	36	842	0.50695988	-0.69852359
456	36	843	0.18435616	1.7560662
148	37	844	0.4676872	-2.8120605
308	37	845	0.2288719	0.068218767
479	37	846	0.37608231	0.78967934
184	38	847	0.33603931	-2.1169162
205	38	848	0.072513572	-0.80979424
345	39	849	0.28019599	2.3248522
411	39	850	0.37445177	1.3867192
124	40	851	0.46855003	2.8490169
141	40	852	0.48737806	-0.060505508
164	41	853	0.27634824	2.8983794
304	41	854	0.25744295	0.15500084
437	42	855	0.33848088	2.6334858
443	42	856	0.33150919	-0.79563693
156	43	857	0.17540934	-0.5050987
243	43	858	0.4387704	1.8143331
329	43	859	0.415998	-2.1767047
346	43	860	0.14005321	0.95911794
437	43	861	0.33814728	-0.64611732
180	44	862	0.33079924	-2.1030862
193	44	863	0.29920206	1.5884215
218	44	864	0.26946078	-1.3912865
384	44	865	0.39526961	0.63641302
445	44	866	0.25577626	-2.976866
95	45	867	0.20669936	2.7123836
183	45	868	0.21728466	-1.9960929
233	45	869	0.17994161	1.3555957
125	46	870	0.42259623	-1.2319803
396	46	871	0.41141845	1.9631767
72	47	872	0.72099937	2.575187
359	47	873	0.40644583	-0.29823478
87	48	874	0.55614288	2.100918
379	48	875	0.32843598	-0.30193659
467	48	876	0.35435641	-1.9516405
206	49	877	0.57700747	1.3530014
321	49	878	0.30200207	2.7647916
383	49	879	0.28327555	-1.8445285
451	49	880	0.55546752	-1.4506886
329	50	881	0.15454118	0.5258956
72	51	882	0.80599192	-0.47639018
401	51	883	0.23107036	1.91838
474	51	884	0.72917609	2.7913417
482	51	885	0.29941933	1.9611195
116	52	886	0.5171235	1.8136781
122	52	887	0.30347858	-0.69741551
242	52	888	0.23394886	1.5477568
422	52	889	0.50720775	-1.5630558
66	53	890	0.49156501	2.5056883
236	53	891	0.31928535	-0.83427768
302	53	892	0.49381379	2.2661222
320	53	893	0.43411935	-1.6834028
382	53	894	0.32524194	2.706173
410	53	895	0.76385413	-1.0273699
442	53	896	0.61195741	1.2537668
276	54	897	0.35821541	-1.8107134
281	54	898	0.44016414	1.2389488
300	54	899	0.22824983	1.8669436
316	54	900	0.29174181	-1.842732
81	55	901	0.28338358	-0.88763678
425	55	902	0.10356053	-2.8975588
375	56	903	0.33145222	1.3613709
387	56	904	0.30314116	-1.6010738
429	56	905	0.16773291	-1.0826651
93	57	906	0.28974672	-0.96486081
279	57	907	0.30162634	1.0996116
226	58	908	0.28405857	1.9073027
65	59	909	0.23976853	-1.4162296
202	59	910	0.19886235	1.3953194
213	59	911	0.16915365	2.5951411
475	59	912	0.28779677	-2.6484998
137	60	913	0.55936408	1.2567145
279	60	914	0.58296396	-1.7452695
464	60	915	0.12516293	0.73766307
460	61	916	0.32154844	-2.022938
342	62	917	0.25931316	-0.070154297
258	63	918	0.30364927	1.5091856
363	63	919	0.37739537	-2.7208617
397	63	920	0.38348934	0.90368161
398	64	921	0.17518975	1.5639603
423	64	922	0.27232222	0.24396084
475	65	923	0.30738159	2.8078905
108	66	924	0.50279681	2.2298117
230	66	925	0.2789244	-2.5235585
382	66	926	0.18457521	-0.99445186
161	67	927	0.2972211	-1.0208169
75	68	928	0.35727472	1.2361252
92	68	929	0.46040306	-1.1563462
206	68	930	0.18682535	-3.0300624
282	68	931	0.2956341	2.4899056
481	69	932	0.5828678	2.732979
88	70	933	0.19169295	-0.22343654
131	70	934	0.29500288	2.7944679
294	70	935	0.21649794	-1.6128763
391	70	936	0.23571889	0.34145304
148	71	937	0.63571163	1.2174356
286	71	938	0.60224327	-2.1822886
340	71	939	0.27075481	-0.65510744
421	71	940	0.098112868	-0.57287597
462	71	941	0.24990264	-0.96130656
73	72	942	0.36682174	0.027425843
228	73	943	0.34817186	-0.3184858
123	74	944	0.31769296	0.059126674
223	74	945	0.31747648	-2.7814531
206	75	946	0.46921001	-2.2728633
264	75	947	0.38378872	1.5737306
476	75	948	0.47961471	0.83125974
122	76	949	0.223988	2.1809486
188	76	950	0.21845381	0.12400849
219	77	951	0.21874535	-0.21208153
241	77	952	0.49866393	-1.7861252
244	77	953	0.54866449	2.3542648
422	77	954	0.48029038	0.13700513
315	78	955	0.29973338	2.9913586
348	78	956	0.28355489	0.87149289
167	79	957	0.13575512	2.8693448
264	79	958	0.28773021	-0.70563066
236	80	959	0.31109673	1.5627112
447	80	960	0.34936089	-2.0631881
167	81	961	0.26637584	-3.0059748
216	81	962	0.29120655	1.8933328
264	81	963	0.27296635	-1.2508733
425	81	964	0.34056569	2.5327884
476	81	965	0.50154128	-0.61305886
295	82	966	0.33788953	-1.5691834
361	82	967	0.17469156	-1.3902068
403	82	968	0.36603196	1.602159
104	83	969	0.16612008	-0.97642406
386	83	970	0.15876076	1.1627533
235	84	971	0.44313195	2.7773197
325	84	972	0.49083273	-0.38882091
366	84	973	0.41587659	-0.81543444
441	84	974	0.47352178	2.4019344
100	85	975	0.29122409	2.4897986
240	85	976	0.33037231	-0.7618594
259	85	977	0.1193716	2.3956215
164	86	978	0.3427862	0.025960485
270	86	979	0.36303312	-2.4010299
277	86	980	0.3769534	1.668309
182	87	981	0.22504758	-2.9751285
266	87	982	0.29744156	2.1243346
409	87	983	0.34492941	-1.6499179
189	88	984	0.24210583	1.2491913
427	88	985	0.22512197	-1.5368938
268	89	986	0.1640454	-1.2535928
273	89	987	0.4886112	-3.0255627
357	89	988	0.48741837	0.33293067
135	90	989	0.34792841	-1.9985394
276	91	990	0.53661747	1.6902754
280	91	991	0.78325074	-1.2507861
316	91	992	0.60244793	1.6658906
319	91	993	0.40606391	-2.7483198
196	92	994	0.59483765	-0.77098058
331	92	995	0.2828744	2.4632301
163	93	996	0.32267866	-2.9891595
172	93	997	0.32331327	-2.7172602
279	93	998	0.50769964	1.6261701
408	93	999	0.5501567	-0.76853363
109	94	1000	0.35388794	0.497497
211	94	1001	0.52574487	-3.0157493
309	94	1002	0.43436029	-0.11460061
139	95	1003	0.33853106	-1.4214941
183	95	1004	0.30048076	-1.2375146
233	95	1005	0.24352674	0.37754119
250	95	1006	0.33641223	-3.1208571
296	95	1007	0.43711723	1.7505856
153	96	1008	0.32917394	-2.2415429
308	96	1009	0.17548924	1.6978929
404	96	1010	0.30223312	1.5601257
116	97	1011	0.49620029	-0.3056862
265	97	1012	0.39217538	2.1825631
335	97	1013	0.26543544	2.9621219
453	97	1014	0.33319316	-2.466114
135	98	1015	0.21248822	-0.63116787
153	99	1016	0.39413753	0.82220493
256	99	1017	0.20518426	-0.53461242
351	99	1018	0.54889015	-2.3238608
421	100	1019	0.3779529	2.3204281
211	101	1020	0.15106459	2.4593622
244	102	1021	0.3365824	-1.3018544
379	102	1022	0.17447324	-2.7340461
394	102	1023	0.21240139	2.1327414
453	102	1024	0.31590034	1.2788523
168	103	1025	0.24708881	-0.57385228
225	104	1026	0.42537772	-0.43377161
284	104	1027	0.51505407	-2.7942309
386	104	1028	0.28494339	1.6763709
417	104	1029	0.42660373	0.35437395
210	105	1030	0.14340412	0.19480373
362	105	1031	0.26327312	-1.3427161
201	106	1032	0.29278668	-2.4401941
213	106	1033	0.13846598	-0.71103241
186	107	1034	0.22271892	0.16439587
227	107	1035	0.29651885	0.3881943
395	107	1036	0.41367468	-0.099883968
448	107	1037	0.14172732	0.59174599
470	107	1038	0.53653272	-2.8589141
272	108	1039	0.52777881	1.9366279
302	108	1040	0.4960332	-0.67580012
414	108	1041	0.50444035	2.7549028
309	109	1042	0.24958232	-1.066841
323	109	1043	0.26618124	0.56267629
332	109	1044	0.29214096	1.1233091
212	110	1045	0.33490326	-1.4165035
231	110	1046	0.5048557	-0.70830049
275	110	1047	0.25519032	1.9203145
359	110	1048	0.50799312	2.4794479
475	110	1049	0.27275189	0.30165525
400	111	1050	0.32222318	-1.139695
471	111	1051	0.38463869	2.5366468
467	112	1052	0.56209428	2.5180961
252	113	1053	0.28148519	0.82533556
306	113	1054	0.1834535	2.001103
145	114	1055	0.37402839	-1.3527386
186	114	1056	0.20020855	1.5676054
448	114	1057	0.26315574	1.9665524
296	115	1058	0.25011106	3.0566405
171	116	1059	0.52768691	2.228415
242	116	1060	0.29781305	-1.1199765
329	116	1061	0.39858283	1.0347016
428	116	1062	0.48369261	-0.69314948
179	117	1063	0.37378357	1.8603058
420	117	1064	0.32790706	3.1248005
285	118	1065	0.58464977	0.20600191
312	118	1066	0.12356109	1.753656
357	118	1067	0.58110672	-2.9781039
161	119	1068	0.70153323	-2.9195718
291	119	1069	0.59044781	-0.1301209
423	120	1070	0.81546772	2.4557573
468	120	1071	0.80304255	-0.66987549
248	121	1072	0.30326797	-0.9482095
317	121	1073	0.10752391	2.2320337
461	121	1074	0.40082761	2.2073093
188	122	1075	0.37896675	-0.42585511
422	122	1076	0.38706972	-2.2028813
428	122	1077	0.38808281	1.5319079
232	123	1078	0.35965221	-0.59403601
337	123	1079	0.2393684	1.7438624
199	124	1080	0.29007721	-2.2983843
257	124	1081	0.49772838	1.7752034
313	125	1082	0.31024283	-1.54798
326	125	1083	0.42653165	-0.013675533
389	125	1084	0.34135945	-2.8024765
192	126	1085	0.093003108	0.49233503
299	126	1086	0.23324829	2.4562698
152	127	1087	0.33489344	1.3351192
157	127	1088	0.34482495	0.69945598
267	127	1089	0.25416407	-0.91181291
376	127	1090	0.44809623	-2.421077
347	128	1091	0.30697387	1.9173797
457	128	1092	0.31291654	1.6317416
474	128	1093	0.50080608	-0.74977828
484	128	1094	0.2052863	-0.29424855
455	129	1095	0.18626804	-1.0447483
307	130	1096	0.36731486	1.3533059
341	130	1097	0.47043891	-1.9732557
396	130	1098	0.28327187	0.21328948
455	130	1099	0.30125175	1.781435
426	131	1100	0.43893247	1.7206765
428	131	1101	0.48799845	2.990498
441	131	1102	0.54355689	-0.91685987
173	132	1103	0.54461303	1.8363121
318	132	1104	0.21541062	-0.25426504
322	132	1105	0.43792002	-1.2357411
408	132	1106	0.31067952	-1.6499115
470	133	1107	0.30740703	-1.4223565
211	134	1108	0.41289663	-0.1208874
343	134	1109	0.41796694	3.1256656
364	134	1110	0.19489389	1.6319506
253	135	1111	0.32459525	-2.0625841
298	135	1112	0.251515	-0.70140544
324	136	1113	0.27366314	-1.5978101
190	137	1114	0.30480006	2.9208893
305	137	1115	0.70640649	1.2622703
319	137	1116	0.35342135	0.69103654
464	137	1117	0.45494296	-1.7479769
246	138	1118	0.32010645	-3.0104977
183	139	1119	0.069866009	0.81448271
299	139	1120	0.29911933	-1.5992782
161	140	1121	0.66802071	-0.015463063
476	140	1122	0.65910185	-3.0757736
481	141	1123	0.53771042	0.23235949
222	142	1124	0.13499731	1.8874132
255	142	1125	0.28365115	-0.75055509
381	142	1126	0.15563523	-3.124139
220	143	1127	0.6388311	0.051023743
431	143	1128	0.27797699	-0.98769418
201	144	1129	0.36543118	-2.5780667
202	144	1130	0.19921506	0.056602371
307	145	1131	0.37751742	-1.3605524
192	146	1132	0.26929941	2.6343934
193	147	1133	0.16358291	-1.1966747
237	148	1134	0.84709463	1.4276177
421	148	1135	0.66401732	-1.7794417
217	149	1136	0.13345595	-1.2727872
241	149	1137	0.42530859	1.8240556
306	149	1138	0.27188546	-0.84873737
466	149	1139	0.29700386	-1.2515764
206	151	1140	0.41140179	-1.1236125
393	151	1141	0.33755997	1.6569525
295	152	1142	0.35442418	1.4459116
256	153	1143	0.40385538	-1.7998526
308	153	1144	0.46885297	1.1713035
234	154	1145	0.63076025	-2.6779995
461	154	1146	0.62787299	0.56097279
316	155	1147	0.38738961	-1.0056256
370	155	1148	0.37413751	1.0506135
452	155	1149	0.303346	2.9582126
437	156	1150	0.16631663	-0.79490146
251	157	1151	0.51790146	-2.324478
413	157	1152	0.63205436	0.82153354
308	158	1153	0.51108791	-1.547871
355	158	1154	0.54009408	2.0738628
368	158	1155	0.3382733	-0.051012273
411	158	1156	0.18203683	-2.8082555
170	159	1157	0.27182236	-0.87375258
310	159	1158	0.28491576	2.4420826
284	160	1159	0.51052294	0.41721653
328	160	1160	0.54196809	-2.346963
435	160	1161	0.34607675	1.9099113
181	161	1162	0.53533483	-1.4619019
226	162	1163	0.38632719	-1.131534
260	162	1164	0.22874889	-1.2807926
268	162	1165	0.47713194	1.9527301
277	164	1166	0.52732496	2.3737689
304	164	1167	0.52325875	-0.05125257
446	164	1168	0.4103019	-0.94606472
225	165	1169	0.48262918	2.3688919
343	165	1170	0.42978805	-0.228095
399	165	1171	0.32568591	-1.4957145
441	166	1172	0.23059345	1.7515172
393	167	1173	0.30298784	-2.1234813
425	167	1174	0.23129615	1.6376311
249	168	1175	0.33074756	-0.59944969
455	169	1176	0.20751555	-1.686845
230	170	1177	0.4793825	-0.35023557
327	170	1178	0.41026342	2.9707639
432	171	1179	0.46488142	2.2907322
433	171	1180	0.24748504	2.4269425
349	173	1181	0.36539405	1.789784
478	173	1182	0.39544621	1.8955615
284	174	1183	0.19420972	-1.2500784
334	175	1184	0.26215821	2.0338444
371	176	1185	0.31646147	1.923587
293	177	1186	0.18833698	-1.4115158
399	177	1187	0.25200061	1.4352378
425	178	1188	0.2973492	-0.87173404
478	179	1189	0.12319094	-1.4867824
218	180	1190	0.21690956	0.091878704
224	180	1191	0.3556332	-2.3102276
238	181	1192	0.735466	-2.3652155
362	181	1193	0.30392526	-0.44737192
424	181	1194	0.65224116	0.47418497
463	181	1195	0.27406407	-2.0654666
409	182	1196	0.36314924	-1.0050203
299	183	1197	0.35434406	-1.730825
201	184	1198	0.50294213	-1.2014825
205	184	1199	0.32477514	0.80741469
372	184	1200	0.47600327	2.6834803
460	184	1201	0.28938967	-2.3796021
232	185	1202	0.18285575	0.99930939
269	185	1203	0.22680752	0.30315717
353	185	1204	0.43054577	-0.046896339
397	185	1205	0.50560927	-3.0718411
227	186	1206	0.093489713	0.94527635
301	186	1207	0.25860708	-0.31001007
448	186	1208	0.1106217	2.7462053
235	188	1209	0.43615624	-0.28308718
358	189	1210	0.22159285	1.6290955
365	189	1211	0.13881655	1.9584277
207	191	1212	0.31371118	1.5775502
345	192	1213	0.35018936	0.45345697
352	192	1214	0.38127224	1.3454293
413	192	1215	0.51000791	-2.542453
313	193	1216	0.31220849	0.76575835
384	193	1217	0.32948532	-0.19623109
389	193	1218	0.42587274	1.8173478
445	193	1219	0.4211618	-2.1976129
195	194	1220	0.30490999	-2.9329981
480	194	1221	0.1175616	-1.1700497
390	195	1222	0.31290903	2.9354973
432	195	1223	0.25615607	-1.1715197
238	196	1224	0.85803939	0.64118094
249	196	1225	0.1205174	2.5102552
281	196	1226	0.65324165	-2.0748403
434	196	1227	0.56682727	-2.1863261
207	197	1228	0.31803563	1.2993347
212	198	1229	0.25769429	-1.0897621
391	200	1230	0.22162176	2.401227
271	201	1231	0.57044947	-2.4298011
311	201	1232	0.24765223	-2.4534121
477	201	1233	0.46752145	-0.39610607
213	202	1234	0.20921238	-2.5996818
228	203	1235	0.49092579	2.6730052
275	203	1236	0.31180676	-0.97565172
459	203	1237	0.39728043	-0.3549995
208	204	1238	0.48632925	-0.36396611
214	204	1239	0.4697561	2.8975464
446	207	1240	0.50147184	1.4432979
228	208	1241	0.59897284	-0.79085801
374	208	1242	0.25763302	2.0860952
450	208	1243	0.30463981	1.5745789
240	209	1244	0.23443527	2.3169693
254	209	1245	0.30978334	2.4513327
278	209	1246	0.28320297	-0.70848793
362	210	1247	0.29557616	-1.8489643
424	210	1248	0.26780333	0.57252992
364	211	1249	0.48744626	2.6165745
344	212	1250	0.65192756	-0.97415802
459	213	1251	0.26482668	2.9335414
475	213	1252	0.24922718	-2.0234124
336	214	1253	0.39555778	0.071982788
470	214	1254	0.57756386	3.0310927
288	217	1255	0.28134065	0.64296354
369	218	1256	0.30289322	-0.72881832
422	219	1257	0.28474416	0.40288752
234	220	1258	0.67229723	0.37807186
315	220	1259	0.35032675	-0.1114884
371	220	1260	0.28825607	-1.8730242
442	221	1261	0.48770118	-1.3723336
238	222	1262	0.23092914	-0.42983605
381	222	1263	0.17338464	-2.285076
258	223	1264	0.27327989	-1.2335458
362	223	1265	0.52546286	2.6271231
397	223	1266	0.40363327	-0.69889218
356	224	1267	0.47081833	-0.4631442
417	224	1268	0.48428149	-3.0472886
417	225	1269	0.32712212	1.5276369
315	226	1270	0.1462282	-0.57823687
301	227	1271	0.24619825	-0.67933843
395	227	1272	0.20584137	-0.84153029
359	228	1273	0.50564289	-0.93671414
372	228	1274	0.21281331	0.89827414
276	229	1275	0.43883618	-1.2902766
300	229	1276	0.20126035	0.80150438
305	229	1277	0.70699746	-1.9283637
434	229	1278	0.56424112	0.92799098
451	229	1279	0.64350342	1.8710232
332	230	1280	0.38108707	-1.2069592
382	230	1281	0.32798704	0.020914833
475	231	1282	0.42753683	1.8625808
353	232	1283	0.37408944	-0.48372994
352	233	1284	0.48392284	-1.2268006
447	233	1285	0.5156018	1.7444728
348	234	1286	0.23262449	-0.51709749
441	235	1287	0.17362699	1.191645
471	237	1288	0.46894214	1.0067337
483	237	1289	0.71055836	1.5798187
255	238	1290	0.22895792	-1.3972021
463	238	1291	0.48048625	0.60714586
360	239	1292	0.31363763	1.6046823
254	240	1293	0.083585185	2.836509
473	241	1294	0.29920867	-2.4259112
428	242	1295	0.24576088	-0.16762532
328	243	1296	0.52829272	1.4178732
346	243	1297	0.36263409	-1.031488
379	244	1298	0.35707378	2.3448824
288	245	1299	0.26214197	1.614828
481	245	1300	0.16332532	-0.4049398
471	246	1301	0.50089236	-1.4017713
483	246	1302	0.24921551	-2.3372813
348	247	1303	0.58297385	-2.5017525
461	247	1304	0.5728375	0.73235964
405	249	1305	0.44657412	0.39563829
412	249	1306	0.41462057	-2.2258411
261	250	1307	0.39510607	3.0044834
333	250	1308	0.1920884	-0.55346932
376	251	1309	0.28319706	-2.6245002
377	251	1310	0.4118097	-2.25426
270	252	1311	0.14455948	-0.089118243
288	252	1312	0.27470702	2.2989291
306	252	1313	0.27045107	-2.9927772
380	253	1314	0.21726543	2.7216828
435	253	1315	0.33373711	-1.4251435
259	254	1316	0.37634105	2.2866799
405	255	1317	0.41477135	-3.0341655
259	256	1318	0.38715261	-1.9213798
440	257	1319	0.51948532	1.6080195
397	258	1320	0.21858444	-0.0082350695
351	259	1321	0.42439294	2.9814396
403	261	1322	0.37677304	-1.4992996
370	262	1323	0.29345801	-0.31136607
442	263	1324	0.32052995	-2.8217661
476	264	1325	0.3256952	-0.090566764
335	265	1326	0.27601563	-1.7013771
375	265	1327	0.37585133	2.4337537
432	265	1328	0.30478017	1.3411587
273	268	1329	0.54560483	2.9585821
357	268	1330	0.51672284	0.6559524
353	269	1331	0.23098375	-0.39035686
458	270	1332	0.31650837	-2.4688358
272	271	1333	0.53470094	-1.1787805
311	271	1334	0.3229192	0.72989858
326	271	1335	0.43346599	-2.7388816
388	271	1336	0.59451655	-2.27491
460	271	1337	0.64317011	1.5069633
304	273	1338	0.67537605	-2.8968202
366	273	1339	0.3870973	2.1504992
442	274	1340	0.26353143	-1.679359
359	275	1341	0.32154648	2.9139785
475	275	1342	0.38232971	-0.42811311
316	276	1343	0.067274587	1.4701567
422	277	1344	0.62592558	2.1576902
367	280	1345	0.19898146	0.49552527
390	280	1346	0.55593934	-0.54081384
300	281	1347	0.28852137	-2.3860423
370	281	1348	0.24746648	-2.957205
434	281	1349	0.10984019	1.6782919
469	281	1350	0.33916987	-2.072691
348	283	1351	0.3073385	2.0739127
377	285	1352	0.25361552	2.5181115
421	286	1353	0.61390999	0.79892008
461	286	1354	0.86322725	-2.1894033
308	287	1355	0.33515654	2.8450924
290	288	1356	0.57763521	-0.55955258
373	289	1357	0.37838682	0.44546187
378	289	1358	0.3655476	-2.4369438
292	290	1359	0.10612823	-0.79537315
424	291	1360	0.70429451	-2.6823258
470	291	1361	0.73779095	0.26067064
474	291	1362	0.53661416	0.24999465
441	294	1363	0.13060034	-1.0730538
361	295	1364	0.16887661	1.3871997
309	296	1365	0.452392	2.3705147
447	296	1366	0.27292468	0.66098186
328	297	1367	0.43703208	-0.27177685
373	297	1368	0.4239884	2.9749892
413	299	1369	0.42221119	-1.9559713
436	301	1370	0.37204494	-0.94183027
314	303	1371	0.17128961	0.50413837
399	303	1372	0.18558052	2.9509329
446	304	1373	0.41652623	-2.3164543
466	306	1374	0.11644267	-2.4079934
404	308	1375	0.13064871	1.3745969
407	309	1376	0.17898913	0.42558346
430	309	1377	0.28465744	0.93734608
327	310	1378	0.32233019	-1.6073782
384	310	1379	0.42233119	2.5516815
414	310	1380	0.35256623	0.57933945
334	312	1381	0.32840299	-1.7407882
357	312	1382	0.59175231	-2.7677906
376	312	1383	0.51781635	0.67969986
377	312	1384	0.41542205	0.35954376
384	313	1385	0.2972817	-1.234488
388	313	1386	0.43385029	0.048604158
389	313	1387	0.3832667	2.6029415
343	314	1388	0.19039778	1.2389551
348	315	1389	0.50887706	0.34508446
371	315	1390	0.49407533	-2.643109
469	316	1391	0.40410009	1.4252904
461	317	1392	0.29334861	2.1982476
444	318	1393	0.4519793	-1.1552372
430	320	1394	0.27977183	-2.9729986
447	320	1395	0.43474216	-1.349133
408	322	1396	0.19798115	2.5893498
423	322	1397	0.47128112	-0.95714189
465	323	1398	0.21027592	0.71267785
372	324	1399	0.49798737	-0.886437
374	324	1400	0.37875421	2.880704
366	325	1401	0.20544853	-2.5375209
454	325	1402	0.50595657	-0.22847485
388	326	1403	0.28359263	-1.5216775
369	327	1404	0.40942384	-2.7803205
372	330	1405	0.41822097	-0.76112865
374	330	1406	0.42531728	2.6650825
430	332	1407	0.30032872	-0.99865237
465	332	1408	0.25833482	0.062402944
415	334	1409	0.2459603	-3.0358951
429	335	1410	0.24417799	2.9533734
453	335	1411	0.25572114	-1.5663166
374	336	1412	0.39929874	-0.22967116
477	338	1413	0.33798511	-2.6753361
350	339	1414	0.39466802	2.2112301
462	340	1415	0.082032195	-2.6329455
353	341	1416	0.5894901	2.9622783
389	341	1417	0.5920478	-0.74057943
375	342	1418	0.29438427	-0.64849586
390	342	1419	0.25345783	0.7601476
416	343	1420	0.20961363	0.34257139
350	344	1421	0.65141902	-0.97419719
352	345	1422	0.31675808	2.3815936
411	345	1423	0.30764719	0.56179547
437	346	1424	0.37043191	-1.0335976
464	349	1425	0.35715712	1.6606985
371	354	1426	0.315282	1.6459633
410	355	1427	0.75165258	1.9896711
411	355	1428	0.54002267	-1.4064151
364	356	1429	0.48020841	-1.016458
369	356	1430	0.39069091	0.8413709
415	357	1431	0.28408533	-0.48935278
454	357	1432	0.50819163	2.9232246
365	358	1433	0.10078776	-1.9741619
443	358	1434	0.21099259	2.3236101
371	360	1435	0.54623442	-0.067746366
463	362	1436	0.41875789	-2.8764521
416	364	1437	0.23937046	-2.628688
391	365	1438	0.2370638	-1.5238388
443	365	1439	0.26797236	1.9721758
378	367	1440	0.29389604	-0.094276142
438	369	1441	0.16054505	0.25003821
412	370	1442	0.41596237	1.0446533
469	370	1443	0.26439506	-1.2629987
460	372	1444	0.46441083	-1.0832461
385	373	1445	0.22637777	2.6397222
395	374	1446	0.49028093	2.6427637
450	374	1447	0.14933637	0.56898801
390	375	1448	0.3561055	1.7143154
390	378	1449	0.35327819	-1.5454241
394	379	1450	0.25329265	1.3841237
405	381	1451	0.24033602	-1.7775272
451	383	1452	0.31333882	-1.0964039
388	384	1453	0.45100815	0.73280873
417	386	1454	0.45090855	-0.30481219
394	387	1455	0.29683264	-1.1370322
414	388	1456	0.46329944	-0.83558454
432	390	1457	0.50473125	-0.63659015
449	390	1458	0.23659569	2.8515981
399	392	1459	0.15317827	1.8046344
453	394	1460	0.23818789	0.54163592
444	398	1461	0.32575861	0.74879412
479	400	1462	0.32589756	-1.9323966
411	404	1463	0.38503954	2.1451891
465	406	1464	0.25652831	-2.8836501
430	407	1465	0.15563129	1.5356156
423	408	1466	0.65789295	-0.83831747
467	409	1467	0.49739209	-1.2074951
481	418	1468	0.68800516	2.7826249
439	423	1469	0.32159744	-2.4173821
437	426	1470	0.43662954	1.7515237
472	426	1471	0.11119312	-1.3571804
441	427	1472	0.15496105	-2.7187312
433	432	1473	0.22224415	-1.0026543
480	432	1474	0.31026365	0.66275569
467	440	1475	0.55398948	1.4430045
467	444	1476	0.46800375	-0.50058185
466	458	1477	0.26677242	2.7893658
475	459	1478	0.31667757	-1.0769014
478	464	1479	0.33792936	-1.614419
481	468	1480	0.79204812	-0.64336806
474	470	1481	0.20128891	-2.8524577
484	474	1482	0.32908832	2.1138126
