from	to	label	distance	angle
1	110	1	0.2268323	-0.6485963
2	49	2	0.2237719	-1.705458
3	11	3	0.247082	2.436694
3	90	4	0.2509252	-0.4179883
4	93	5	0.3859591	0.2858556
4	101	6	0.3864684	-2.914033
5	59	7	0.2504543	-0.106344
5	72	8	0.1181293	1.922387
5	104	9	0.2919677	2.902777
6	13	10	0.2879844	-1.452943
6	44	11	0.250137	1.388553
6	95	12	0.1624195	3.025365
7	24	13	0.2617151	-0.8577886
7	26	14	0.2630658	-1.338031
7	79	15	0.3508517	2.236026
8	62	16	0.2250403	-0.7295066
8	116	17	0.2910198	2.466486
9	35	18	0.3678671	-1.957916
9	55	19	0.3211193	1.434124
10	19	20	0.3670753	-0.861181
10	28	21	0.2264019	0.01937826
10	32	22	0.4253584	2.666396
10	57	23	0.1973879	-1.089113
11	41	24	0.5896907	2.746996
11	115	25	0.5672366	-0.2582025
12	55	26	0.253861	-1.496726
13	42	27	0.4035245	0.6548075
13	46	28	0.5070367	-1.689604
13	95	29	0.361958	2.14034
14	41	30	0.5682192	0.3894584
14	61	31	0.4631216	-2.999146
14	87	32	0.3479325	-2.187053
15	60	33	0.3174199	0.4681174
15	88	34	0.2429201	-2.680366
16	40	35	0.4838423	-0.9570557
16	89	36	0.4751734	2.336251
16	97	37	0.2044307	1.421104
17	111	38	0.2457179	2.725115
18	83	39	0.2412813	1.798111
18	114	40	0.3210208	-1.312425
19	105	41	0.27103	-0.9164971
20	27	42	0.6186579	-1.526305
20	31	43	0.2590187	1.656515
20	33	44	0.4485225	2.501
20	101	45	0.5018262	0.9120725
21	30	46	0.180454	-2.484449
22	43	47	0.2273627	2.616901
22	66	48	0.1924578	-0.2999679
22	73	49	0.1522739	-1.36196
23	41	50	0.520635	-1.615035
23	46	51	0.5110901	1.484945
24	64	52	0.1898157	-1.434595
25	54	53	0.2631447	-2.391866
26	64	54	0.1883753	-0.7619881
27	34	55	0.5463385	-1.852091
27	43	56	0.3966485	-0.7351121
29	35	57	0.2183703	-0.9437551
29	108	58	0.1218014	2.790718
30	65	59	0.2383093	2.727715
30	98	60	0.4378368	0.5771208
30	111	61	0.46447	-0.9938696
30	115	62	0.4962209	2.851709
31	33	63	0.3375718	3.111962
31	101	64	0.3573865	0.3987565
32	45	65	0.436464	2.796158
33	40	66	0.5323033	2.701273
34	82	67	0.2494446	-2.927597
34	86	68	0.2754333	-1.819454
34	113	69	0.4511231	-1.456379
35	53	70	0.4110146	-1.976911
36	58	71	0.3315745	-0.8293333
36	111	72	0.3858602	2.137867
37	53	73	0.209104	0.348686
38	87	74	0.3646117	0.5911619
38	93	75	0.3747587	-2.711677
39	79	76	0.3539295	-0.8497129
39	85	77	0.2606746	-2.224442
39	92	78	0.4828366	2.169712
39	102	79	0.4589861	-0.04064406
39	109	80	0.4118003	-2.31973
40	81	81	0.3620954	-2.599658
41	52	82	0.1270312	-0.5474051
42	106	83	0.3875715	0.7077167
43	73	84	0.3481937	-0.8555479
45	102	85	0.4503669	2.929225
47	74	86	0.2400253	0.5471021
48	106	87	0.2474701	-2.12305
48	117	88	0.1481555	-0.5506695
49	67	89	0.2587417	2.133636
49	80	90	0.3273623	-1.589537
50	104	91	0.212409	-1.648699
51	98	92	0.242936	3.015103
53	78	93	0.4481578	2.92421
53	89	94	0.4661021	-0.8728508
54	104	95	0.3496872	-2.284593
56	107	96	0.2052245	0.3544371
56	117	97	0.2676491	-2.728806
58	84	98	0.2606528	-0.6833774
60	77	99	0.356783	1.743809
60	78	100	0.3822606	-0.5209132
61	100	101	0.4632	-2.830424
63	92	102	0.4670671	-1.057493
63	113	103	0.4737021	1.922019
65	115	104	0.261408	2.964698
67	103	105	0.1791757	1.591383
68	112	106	0.2764532	1.022751
69	87	107	0.1984674	2.497019
70	110	108	0.2336736	-1.392424
71	94	109	0.3574232	-2.857716
71	98	110	0.3580733	0.195785
72	104	111	0.2465738	-2.971093
73	116	112	0.3397096	-0.7384363
74	81	113	0.3157366	0.541102
75	85	114	0.1600899	1.253554
75	109	115	0.09204356	2.46775
76	78	116	0.2435678	0.3333339
77	80	117	0.3473902	1.512453
77	96	118	0.182209	3.115027
85	109	119	0.1543143	-2.48115
86	113	120	0.2169501	-0.9886194
90	94	121	0.2825147	0.1578119
91	93	122	0.1496368	2.887293
94	115	123	0.1649796	2.685154
95	114	124	0.3711678	1.94212
97	99	125	0.182795	1.624822
98	104	126	0.4867463	0.5671804
100	110	127	0.4720692	-2.669244
101	110	128	0.4976162	0.9936237
106	117	129	0.2886307	0.4795121
109	112	130	0.3724114	-2.162796
110	1	131	0.2268323	2.492996
49	2	132	0.2237719	1.436135
11	3	133	0.247082	-0.7048988
90	3	134	0.2509252	2.723604
93	4	135	0.3859591	-2.855737
101	4	136	0.3864684	0.2275593
59	5	137	0.2504543	3.035249
72	5	138	0.1181293	-1.219205
104	5	139	0.2919677	-0.2388156
13	6	140	0.2879844	1.688649
44	6	141	0.250137	-1.75304
95	6	142	0.1624195	-0.1162274
24	7	143	0.2617151	2.283804
26	7	144	0.2630658	1.803562
79	7	145	0.3508517	-0.9055665
62	8	146	0.2250403	2.412086
116	8	147	0.2910198	-0.6751066
35	9	148	0.3678671	1.183677
55	9	149	0.3211193	-1.707468
19	10	150	0.3670753	2.280412
28	10	151	0.2264019	-3.122214
32	10	152	0.4253584	-0.4751965
57	10	153	0.1973879	2.05248
41	11	154	0.5896907	-0.3945971
115	11	155	0.5672366	2.88339
55	12	156	0.253861	1.644867
42	13	157	0.4035245	-2.486785
46	13	158	0.5070367	1.451989
95	13	159	0.361958	-1.001253
41	14	160	0.5682192	-2.752134
61	14	161	0.4631216	0.1424465
87	14	162	0.3479325	0.9545396
60	15	163	0.3174199	-2.673475
88	15	164	0.2429201	0.4612269
40	16	165	0.4838423	2.184537
89	16	166	0.4751734	-0.8053413
97	16	167	0.2044307	-1.720488
111	17	168	0.2457179	-0.416478
83	18	169	0.2412813	-1.343481
114	18	170	0.3210208	1.829168
105	19	171	0.27103	2.225096
27	20	172	0.6186579	1.615288
31	20	173	0.2590187	-1.485077
33	20	174	0.4485225	-0.6405922
101	20	175	0.5018262	-2.22952
30	21	176	0.180454	0.6571441
43	22	177	0.2273627	-0.524692
66	22	178	0.1924578	2.841625
73	22	179	0.1522739	1.779633
41	23	180	0.520635	1.526557
46	23	181	0.5110901	-1.656647
64	24	182	0.1898157	1.706997
54	25	183	0.2631447	0.7497269
64	26	184	0.1883753	2.379605
34	27	185	0.5463385	1.289502
43	27	186	0.3966485	2.406481
35	29	187	0.2183703	2.197838
108	29	188	0.1218014	-0.3508745
65	30	189	0.2383093	-0.4138773
98	30	190	0.4378368	-2.564472
111	30	191	0.46447	2.147723
115	30	192	0.4962209	-0.2898833
33	31	193	0.3375718	-0.02963026
101	31	194	0.3573865	-2.742836
45	32	195	0.436464	-0.3454343
40	33	196	0.5323033	-0.4403196
82	34	197	0.2494446	0.2139954
86	34	198	0.2754333	1.322139
113	34	199	0.4511231	1.685213
53	35	200	0.4110146	1.164682
58	36	201	0.3315745	2.312259
111	36	202	0.3858602	-1.003725
53	37	203	0.209104	-2.792907
87	38	204	0.3646117	-2.550431
93	38	205	0.3747587	0.4299154
79	39	206	0.3539295	2.29188
85	39	207	0.2606746	0.9171502
92	39	208	0.4828366	-0.9718808
102	39	209	0.4589861	3.100949
109	39	210	0.4118003	0.821863
81	40	211	0.3620954	0.5419344
52	41	212	0.1270312	2.594188
106	42	213	0.3875715	-2.433876
73	43	214	0.3481937	2.286045
102	45	215	0.4503669	-0.212368
74	47	216	0.2400253	-2.594491
106	48	217	0.2474701	1.018542
117	48	218	0.1481555	2.590923
67	49	219	0.2587417	-1.007957
80	49	220	0.3273623	1.552056
104	50	221	0.212409	1.492894
98	51	222	0.242936	-0.1264896
78	53	223	0.4481578	-0.2173831
89	53	224	0.4661021	2.268742
104	54	225	0.3496872	0.8569993
107	56	226	0.2052245	-2.787156
117	56	227	0.2676491	0.4127865
84	58	228	0.2606528	2.458215
77	60	229	0.356783	-1.397784
78	60	230	0.3822606	2.620679
100	61	231	0.4632	0.3111684
92	63	232	0.4670671	2.0841
113	63	233	0.4737021	-1.219573
115	65	234	0.261408	-0.1768948
103	67	235	0.1791757	-1.55021
112	68	236	0.2764532	-2.118842
87	69	237	0.1984674	-0.6445734
110	70	238	0.2336736	1.749169
94	71	239	0.3574232	0.2838764
98	71	240	0.3580733	-2.945808
104	72	241	0.2465738	0.1704997
116	73	242	0.3397096	2.403156
81	74	243	0.3157366	-2.600491
85	75	244	0.1600899	-1.888038
109	75	245	0.09204356	-0.673843
78	76	246	0.2435678	-2.808259
80	77	247	0.3473902	-1.62914
96	77	248	0.182209	-0.02656531
109	85	249	0.1543143	0.660443
113	86	250	0.2169501	2.152973
94	90	251	0.2825147	-2.983781
93	91	252	0.1496368	-0.2542996
115	94	253	0.1649796	-0.4564387
114	95	254	0.3711678	-1.199472
99	97	255	0.182795	-1.516771
104	98	256	0.4867463	-2.574412
110	100	257	0.4720692	0.4723485
110	101	258	0.4976162	-2.147969
117	106	259	0.2886307	-2.662081
112	109	260	0.3724114	0.978797
