from	to	label	distance	angle
1	26	1	0.38124599	-1.1715018
1	73	2	0.48543819	1.9709954
1	221	3	0.25962874	-1.2204243
2	60	4	0.20940319	1.3504517
2	265	5	0.22605925	-2.2819716
3	19	6	0.20281321	2.2374651
3	45	7	0.26939355	-2.9059425
3	158	8	0.28047385	0.96456174
3	277	9	0.39864965	-1.8916534
3	377	10	0.2988271	2.3214386
3	409	11	0.40037834	0.13694501
4	134	12	0.23807303	0.15149084
4	161	13	0.42536034	-1.5578672
4	416	14	0.38819621	0.68134622
4	421	15	0.37288882	2.3491975
4	450	16	0.27634196	-2.869389
5	46	17	0.39809968	2.2024487
5	133	18	0.57932537	-0.57683254
5	144	19	0.16023892	-3.0582966
5	248	20	0.26063171	-1.5505554
5	309	21	0.42306284	2.4631959
5	444	22	0.25988654	-2.777508
6	86	23	0.27475541	-1.2629962
7	297	24	0.193911	2.5323638
7	356	25	0.083989989	-1.1813652
8	387	26	0.23358367	2.3866175
9	207	27	0.33041926	2.4964843
9	422	28	0.30585123	-0.91122966
10	56	29	0.43376842	-0.58063722
10	92	30	0.26372861	2.6093432
10	108	31	0.35190508	2.244431
10	219	32	0.22159366	-2.9152081
10	370	33	0.22045636	-0.89915954
11	238	34	0.22418169	3.1361816
11	408	35	0.18175237	2.6809813
12	227	36	0.48714811	3.0269529
12	253	37	0.31209122	-2.2766653
12	383	38	0.45224801	0.017396775
12	384	39	0.37018953	0.66913587
13	241	40	0.35946636	1.0508496
13	368	41	0.39679416	-1.6864211
14	245	42	0.42977172	2.2898275
14	285	43	0.23269509	-0.70996052
14	389	44	0.20433743	-1.4850455
14	425	45	0.30705764	-0.96586721
15	366	46	0.23196191	2.6885075
16	63	47	0.21457415	2.3143973
16	358	48	0.45021237	2.4900173
16	381	49	0.50435109	-0.67249136
17	161	50	0.29329408	-0.56609076
17	249	51	0.31731007	-1.5339848
17	450	52	0.19522103	1.6946923
17	468	53	0.36068273	1.8585241
18	359	54	0.23956499	0.31386933
18	421	55	0.17636087	-1.399851
19	281	56	0.25665606	1.2931012
19	377	57	0.098212946	2.4955209
20	64	58	0.30659174	-1.1586884
20	290	59	0.35002628	2.0210289
20	297	60	0.11891505	-0.40410058
21	344	61	0.68579684	0.46644064
21	418	62	0.69020671	-2.6736658
22	34	63	0.088542358	0.8976913
22	423	64	0.29912951	-0.11745628
23	332	65	0.20192268	-0.37343032
23	417	66	0.22093362	2.6865369
24	110	67	0.17992659	-0.3209423
24	350	68	0.20699374	2.8729768
25	29	69	0.50590677	-0.30256193
25	146	70	0.21919897	-0.097167883
25	400	71	0.35073821	2.0477554
25	423	72	0.47263726	-2.8426587
26	201	73	0.34827316	-1.1745857
26	221	74	0.12258717	2.073849
27	428	75	0.37477883	-2.7315044
27	447	76	0.39011471	0.054916457
28	90	77	0.22347353	0.098950172
28	300	78	0.25928643	2.516821
28	422	79	0.27524815	-2.163009
29	146	80	0.29472564	2.6867552
29	191	81	0.46120384	1.4140277
29	346	82	0.57606276	-1.4400167
29	442	83	0.40982616	-0.39824373
29	467	84	0.32151068	0.42561113
30	92	85	0.27096002	-1.6290682
30	108	86	0.12955168	-1.633076
31	132	87	0.24678899	-0.3366511
31	366	88	0.31919061	-0.51962136
31	424	89	0.44877988	2.6641055
32	148	90	0.46358165	1.3978689
32	344	91	0.72135802	-3.1068701
32	455	92	0.72202013	-0.29632062
33	115	93	0.36774703	1.1759521
33	162	94	0.44255202	2.1416026
33	177	95	0.61171694	-2.5269954
33	219	96	0.41431955	-0.16302886
33	284	97	0.54152871	-0.3121613
33	403	98	0.2932772	2.0610679
34	178	99	0.16622075	0.5953034
34	194	100	0.084480268	0.45108905
34	423	101	0.26339354	-0.40707569
35	68	102	0.31859492	-3.0607069
35	105	103	0.33244976	0.60154017
35	317	104	0.30020422	-1.1631091
36	111	105	0.40837674	-1.6599747
36	399	106	0.39237448	1.6774966
37	55	107	0.35387918	1.685367
37	78	108	0.2379244	1.5803366
37	116	109	0.20636371	-0.91621618
37	396	110	0.36496649	-1.468591
38	142	111	0.41421156	-2.4516118
38	174	112	0.041789901	2.413288
38	278	113	0.41934315	0.98363192
39	142	114	0.25853325	2.2633188
40	66	115	0.12588244	-2.6796494
40	106	116	0.097688782	1.223038
41	454	117	0.27949177	1.2201837
42	159	118	0.22096243	-1.4290615
42	189	119	0.31770077	-1.2385903
42	245	120	0.42825471	1.9745692
42	389	121	0.1877125	-0.7885401
43	364	122	0.21739158	-0.0643261
44	447	123	0.25386589	-1.1318274
45	175	124	0.22778293	2.4958332
45	227	125	0.17139724	0.10742115
46	141	126	0.42306159	2.2096462
46	462	127	0.1518992	-1.9391639
47	173	128	0.28195461	1.3442125
48	145	129	0.25361178	-1.9642793
48	268	130	0.35772097	-0.43874542
48	272	131	0.47714045	1.6978554
48	382	132	0.41378627	-2.7977654
48	419	133	0.35659306	-0.30079724
49	226	134	0.16133777	-0.75294019
49	304	135	0.19875624	0.47283488
49	414	136	0.26793434	2.3693403
50	163	137	0.30390354	-0.032183742
50	374	138	0.50877298	-0.28940136
50	463	139	0.59101094	2.9295067
51	208	140	0.15354952	2.2125092
51	279	141	0.54863572	-1.2606546
51	433	142	0.381073	2.7043175
51	480	143	0.47405224	1.3413335
52	195	144	0.29547485	1.0018434
53	89	145	0.43420998	2.2223593
53	143	146	0.12630936	0.99340414
53	267	147	0.45411692	-1.1788724
54	65	148	0.63690905	1.8621243
54	223	149	0.43757121	2.4614612
54	312	150	0.35133056	-1.000413
54	355	151	0.55616587	-1.0505573
54	412	152	0.38162983	-1.1534439
55	78	153	0.11988937	-1.2466413
55	116	154	0.54137689	-1.2589658
55	141	155	0.2097329	1.6169702
55	372	156	0.58550664	1.8481729
56	206	157	0.54441578	-0.1915848
56	214	158	0.17409974	-0.28434911
56	305	159	0.43303882	2.8667667
56	331	160	0.35367352	-0.46086702
56	370	161	0.23478131	2.8594233
57	76	162	0.33505298	2.026938
57	178	163	0.18004959	2.7139592
57	194	164	0.22617396	3.0606427
57	276	165	0.29571847	2.7180198
57	330	166	0.26439263	2.3279992
57	359	167	0.47297255	-1.0788642
57	428	168	0.39385599	-0.1572373
58	206	169	0.44883649	3.0580062
58	322	170	0.44571134	-0.43485952
59	177	171	0.42170119	0.2254866
59	241	172	0.37645163	-2.5565195
60	160	173	0.54556689	1.7226167
60	218	174	0.60874799	-1.3357821
60	380	175	0.36158337	1.8982057
61	220	176	0.59735365	0.34004867
61	374	177	0.61279545	-2.8248072
62	139	178	0.29347095	-2.3614468
62	302	179	0.16266666	-0.70502454
63	358	180	0.24186197	2.6456511
64	103	181	0.25907302	-0.94906944
65	217	182	0.49725705	2.1740376
65	223	183	0.36997635	-2.0098521
65	422	184	0.56439707	1.3622413
66	106	185	0.20784125	0.79208495
66	187	186	0.48355264	2.6437593
66	379	187	0.4467521	-0.78848831
67	187	188	0.11805885	-1.4241522
68	82	189	0.50350752	-2.4729864
68	184	190	0.16436827	-0.94563681
68	368	191	0.42279651	0.93241257
69	239	192	0.23588403	1.7842567
70	103	193	0.18324076	-1.3759731
70	297	194	0.29466829	2.0234939
70	469	195	0.17139696	-0.4645599
71	207	196	0.18453392	-0.4932962
71	212	197	0.26626232	-1.8750239
71	229	198	0.2711401	2.2616959
72	222	199	0.44508483	1.8539255
72	225	200	0.30664333	-2.8782895
72	251	201	0.30497146	-0.99087814
72	452	202	0.37052425	-0.63088337
73	304	203	0.43510208	-3.0390653
73	374	204	0.50112639	1.2131183
74	89	205	0.32826401	1.6732474
74	237	206	0.2943057	-1.511732
74	256	207	0.16243792	-0.96705563
74	373	208	0.05778984	2.8226728
75	81	209	0.21485106	-1.9112574
75	119	210	0.22848762	0.3675499
76	117	211	0.20236941	0.85641807
76	178	212	0.22670992	-1.6425327
76	330	213	0.11384914	-1.8742701
76	398	214	0.32561551	1.9478408
77	333	215	0.48817199	-1.273151
77	341	216	0.31990268	-0.80101853
77	355	217	0.57335158	1.9919878
78	141	218	0.32668073	1.7178494
78	150	219	0.14073114	-1.5220347
78	462	220	0.21778409	-0.81295052
79	84	221	0.071395195	-2.1809764
79	272	222	0.2210479	2.9415051
80	89	223	0.64713808	-1.3152144
80	364	224	0.45286876	2.1404246
80	459	225	0.44218531	0.59930122
80	470	226	0.49814603	2.7876644
81	234	227	0.16851176	0.85019794
81	261	228	0.1695125	-2.5058488
81	316	229	0.23477094	2.3573578
81	404	230	0.42064467	-1.3740897
81	426	231	0.34746627	1.4386338
82	191	232	0.57274711	-2.3836106
82	298	233	0.25922625	0.68012499
83	161	234	0.36777815	2.4718884
83	258	235	0.31816588	-0.58230807
83	303	236	0.22290464	-0.48869716
83	327	237	0.32123598	-1.7389849
83	466	238	0.30140661	1.4870529
84	272	239	0.20340909	2.6137799
85	153	240	0.29834472	-0.44613017
85	204	241	0.4039351	2.9750233
85	321	242	0.28756257	0.36488935
86	162	243	0.36509996	-1.1834127
86	308	244	0.11343226	-2.9867459
87	265	245	0.17353466	3.0013355
88	286	246	0.13437866	-0.68353143
88	331	247	0.22039354	2.6130432
88	415	248	0.23353723	-1.1705637
88	443	249	0.12702358	-1.8085795
89	94	250	0.36333148	-2.7692996
89	256	251	0.4771448	-1.304007
89	260	252	0.35864284	0.90738011
89	343	253	0.36136585	2.9316838
89	373	254	0.30915813	-1.6397593
90	120	255	0.16856799	-2.2636866
91	375	256	0.41191704	-0.90821806
91	413	257	0.44537604	2.196758
91	458	258	0.17744967	-1.5314162
92	287	259	0.32091782	3.0178426
92	305	260	0.30761489	-0.97297841
93	158	261	0.21463092	-1.6173017
93	237	262	0.30312489	0.71754377
93	281	263	0.22814268	-2.9712245
94	258	264	0.2997462	2.3760475
94	445	265	0.36423963	-2.0112082
95	299	266	0.13029131	0.090529094
95	398	267	0.24907818	-0.64935217
96	149	268	0.26363846	-0.23764268
96	293	269	0.32681033	0.13143362
96	324	270	0.19841478	-2.3864231
96	427	271	0.41670302	2.9561501
97	185	272	0.32907527	-0.34585579
97	259	273	0.50586328	2.3111276
97	399	274	0.38985724	-1.246068
98	292	275	0.16222917	2.0718073
98	365	276	0.11658216	0.66810134
99	154	277	0.32813212	0.28884082
99	349	278	0.49403105	0.10261511
99	358	279	0.50457334	-0.66311506
99	455	280	0.73098469	2.9171149
100	198	281	0.063029102	2.4155957
100	277	282	0.29579059	0.95359692
101	170	283	0.35362152	-3.0191194
101	296	284	0.31548051	0.1562755
102	147	285	0.36448479	1.3683087
102	164	286	0.21950396	-0.46272694
102	216	287	0.32218969	1.4763548
102	262	288	0.55379193	-1.2760505
102	348	289	0.28413841	-1.0200709
102	381	290	0.46357933	2.344443
103	456	291	0.23700819	-0.95893296
104	259	292	0.7282709	-0.22003313
104	284	293	0.6027897	2.6035636
104	370	294	0.3933923	2.3308695
104	440	295	0.44916537	-1.929358
105	230	296	0.47559045	0.40612332
105	368	297	0.36219649	2.7873122
105	477	298	0.30525563	-1.2634711
106	279	299	0.53514306	1.8482908
106	379	300	0.49457157	-1.2221815
107	168	301	0.043995303	1.4005336
107	222	302	0.3944934	-0.34407664
107	249	303	0.33479724	2.2892555
108	115	304	0.27620656	2.8404511
109	214	305	0.22275835	1.4125302
109	464	306	0.29919502	-1.7430412
110	247	307	0.163083	-0.14872541
111	160	308	0.25396114	-0.24745914
111	165	309	0.3514616	-1.6618085
111	306	310	0.33220847	2.6105194
111	380	311	0.33508259	-0.88403929
111	478	312	0.22439449	2.8846605
112	392	313	0.5248415	-0.39139738
112	442	314	0.31821646	-2.9643218
112	467	315	0.4626197	2.6073535
113	280	316	0.25060238	-1.2437276
113	395	317	0.27408603	1.2866859
113	406	318	0.14875396	0.64278766
114	240	319	0.18601543	-0.99290667
114	247	320	0.43192906	0.1337861
114	275	321	0.45640944	0.040705667
114	350	322	0.21942989	2.0621088
114	361	323	0.56779212	-2.2467785
114	363	324	0.5131472	2.299763
115	479	325	0.28992159	1.6450387
116	200	326	0.30762365	-1.6682504
116	454	327	0.50695816	-0.97013995
117	190	328	0.15799401	1.5440239
117	400	329	0.27632858	-0.47235284
118	255	330	0.44980803	2.6229884
118	414	331	0.44645491	-0.43713634
119	137	332	0.35448957	-0.8678298
119	328	333	0.33781502	1.8171763
120	422	334	0.29426637	-2.7187428
121	142	335	0.27163687	0.8441784
121	220	336	0.28575141	-3.0192099
122	309	337	0.38845573	-0.64118321
122	420	338	0.40994165	2.1058221
122	449	339	0.14178524	-1.3969493
123	197	340	0.16165842	-0.84938769
123	203	341	0.2134695	0.0035428817
123	332	342	0.2528256	2.8904188
124	181	343	0.23684221	-1.2396434
124	201	344	0.29787201	1.9468698
125	362	345	0.41794257	-0.54418393
125	383	346	0.50242337	3.0104474
125	411	347	0.39709718	2.5503169
125	427	348	0.43792354	-0.24158022
126	130	349	0.17801369	1.7733448
126	326	350	0.30751564	-1.831494
126	340	351	0.31540673	1.5298567
127	263	352	0.3935686	0.98778534
127	413	353	0.41502522	-2.2268392
128	151	354	0.258122	-2.1171159
129	190	355	0.46435041	2.8241836
129	191	356	0.53674076	-0.27456381
129	400	357	0.24284448	-2.5335112
130	238	358	0.28774278	0.66870529
130	262	359	0.50413923	1.8479929
130	326	360	0.47349746	-1.6626965
130	465	361	0.24826958	-0.40191337
131	429	362	0.33539851	0.74435235
131	459	363	0.33595185	-1.4125679
131	481	364	0.32933915	3.0305508
133	453	365	0.40813154	-2.2157745
133	463	366	0.60222997	-0.18951161
134	416	367	0.21881941	1.2635653
134	470	368	0.2853536	-0.51804735
135	166	369	0.16712843	-2.282421
135	269	370	0.3103343	-1.5268534
135	376	371	0.33574598	2.052775
135	478	372	0.24605179	0.15135867
136	237	373	0.37899698	2.1291609
136	256	374	0.4977056	1.8266296
136	267	375	0.2559458	0.76272209
136	336	376	0.36094294	-0.67643942
136	393	377	0.25738381	2.8380561
136	409	378	0.33588961	-2.2172618
136	420	379	0.5555356	-1.2862942
137	167	380	0.41930368	-0.55612373
137	270	381	0.24940582	2.7620665
138	209	382	0.45140248	-1.1136381
138	317	383	0.4432021	2.034717
139	176	384	0.27764186	0.5986604
139	185	385	0.43191407	-1.3596697
139	192	386	0.26271215	2.5284332
139	229	387	0.45563817	-0.34521017
139	232	388	0.23919909	1.6520683
139	259	389	0.56379352	3.0301786
140	375	390	0.17168767	2.7914669
141	336	391	0.55039379	2.0156298
142	174	392	0.40994899	0.79090818
142	220	393	0.52150523	-2.6678693
143	260	394	0.53375136	1.7810653
143	267	395	0.53580893	-1.3744813
144	462	396	0.23267179	2.1640819
145	382	397	0.30730185	2.8281699
145	387	398	0.30068423	-0.82576612
147	216	399	0.056200127	-2.4397512
147	312	400	0.35595364	1.7606469
148	295	401	0.3467659	1.8824409
148	386	402	0.36654814	0.976367
149	293	403	0.124878	0.99723144
149	323	404	0.44426671	0.022946863
149	324	405	0.40746919	-2.9591397
150	462	406	0.14391845	-0.12271548
151	286	407	0.38679085	2.4368783
151	319	408	0.51815183	-0.46700475
151	415	409	0.33054201	2.7689166
151	461	410	0.22800543	-2.370896
152	430	411	0.27260313	-2.4943273
153	321	412	0.2313452	1.5730156
153	408	413	0.27181952	1.1271964
153	424	414	0.38662662	-1.1535484
154	349	415	0.1820113	-0.23770911
154	434	416	0.22158996	0.56039637
155	264	417	0.35226983	2.53951
155	436	418	0.34430721	-0.68889826
156	222	419	0.6136721	-1.7981236
156	346	420	0.61885751	1.3041178
157	179	421	0.23855	2.0009403
157	344	422	0.48731772	-1.1357982
157	404	423	0.42705679	1.9719267
158	281	424	0.2775654	2.4560798
158	393	425	0.25707466	0.71844168
158	409	426	0.29496205	-0.63866764
160	186	427	0.56347048	1.5681097
160	380	428	0.19979086	-1.7406467
161	168	429	0.36856154	-1.5926036
162	301	430	0.20645496	2.7819334
162	403	431	0.15206683	-0.84420857
163	374	432	0.22835251	-0.63478377
163	389	433	0.21217919	1.7060546
163	425	434	0.20620443	0.89793108
164	348	435	0.15183954	-1.8905589
165	407	436	0.35958245	-1.7437605
166	269	437	0.22076015	-0.98103628
166	353	438	0.22805408	2.8829399
167	243	439	0.17228533	1.0193051
167	274	440	0.24699573	0.22841721
167	295	441	0.36029254	-0.68760576
168	196	442	0.37787851	-1.2809905
169	182	443	0.36151459	1.2578783
169	293	444	0.32096399	-2.6595566
169	323	445	0.26029353	-1.2095586
170	283	446	0.45655342	-1.6119727
170	407	447	0.51422232	2.0343178
170	431	448	0.17489442	-1.0436757
171	218	449	0.21406759	2.8275692
172	183	450	0.13664054	-2.3132934
172	338	451	0.081878311	0.19812304
172	461	452	0.12676776	-2.8417507
173	367	453	0.343907	2.3175974
173	388	454	0.16860578	-0.44258153
173	453	455	0.30004481	0.5148112
174	278	456	0.41552944	0.88389645
175	280	457	0.31798524	1.5399616
175	351	458	0.19617948	-1.2353614
176	302	459	0.1170953	-0.49336389
177	252	460	0.46204929	-1.9692886
178	423	461	0.22331696	-1.0851368
179	404	462	0.1887341	1.9352519
180	188	463	0.32242093	2.8655826
180	376	464	0.47476701	-0.73282666
180	390	465	0.38492394	2.0295381
182	224	466	0.15877162	2.1785449
182	323	467	0.58777008	-1.6036231
182	361	468	0.57265263	0.76583839
182	365	469	0.32718063	2.4973609
182	375	470	0.410264	2.2191379
183	338	471	0.20845294	0.59471458
183	360	472	0.27129329	-2.6595807
183	461	473	0.069449958	1.9972095
184	298	474	0.29017258	-3.0870648
184	317	475	0.35979704	-0.32996149
185	186	476	0.55771423	-1.4486546
185	335	477	0.32718775	1.0128713
187	209	478	0.39373847	2.3179685
187	325	479	0.37281514	3.1093894
188	244	480	0.31962602	-3.056561
188	385	481	0.1787764	1.4350617
189	435	482	0.24355154	-1.215793
190	299	483	0.36006114	2.6987032
190	398	484	0.25682175	-3.1101089
191	467	485	0.39110625	-0.97083999
192	232	486	0.21401982	0.41980517
192	259	487	0.35659794	-2.8908099
193	296	488	0.28904832	-2.8710031
193	472	489	0.21950898	0.33000773
195	347	490	0.40971266	1.4431931
195	444	491	0.26711798	-0.54231316
196	406	492	0.39663837	-0.83588297
197	203	493	0.16218483	0.8527647
197	264	494	0.41015461	-0.68976147
197	332	495	0.39699091	2.6590326
198	277	496	0.29566201	0.74005865
199	411	497	0.2123726	1.4237763
200	367	498	0.18864446	-1.0918079
202	340	499	0.28443869	2.7883576
203	264	500	0.43677238	-1.0700381
203	392	501	0.43616688	1.8682777
204	268	502	0.30868717	2.9517501
204	419	503	0.30488838	2.7915425
205	239	504	0.3230284	0.031477164
205	476	505	0.35777325	2.9556063
206	259	506	0.35333026	-0.89215488
207	212	507	0.29407368	-2.5390935
207	229	508	0.44749673	2.4178098
207	300	509	0.39935604	-0.1516798
209	325	510	0.29610877	-1.9334632
209	378	511	0.16356857	2.0213883
210	278	512	0.60520777	-2.0212254
210	326	513	0.61825986	1.1412486
211	253	514	0.26420652	3.0665908
211	420	515	0.3354497	0.45403393
212	217	516	0.51017534	-0.95478724
212	319	517	0.51929609	2.7010768
213	251	518	0.28169869	0.48791524
214	331	519	0.18482516	-0.6270432
215	300	520	0.30468577	-1.5984411
215	402	521	0.34797738	2.9034901
215	430	522	0.31636047	0.41123747
216	412	523	0.33792035	1.747097
218	272	524	0.54528419	-1.1985422
218	431	525	0.27489669	-2.6824426
219	284	526	0.14547486	-0.7490957
219	370	527	0.37387729	-0.33476454
222	406	528	0.48005433	-1.5499148
223	349	529	0.4588782	3.1360392
224	375	530	0.25170566	2.244739
226	304	531	0.20938674	1.284039
227	236	532	0.41944809	1.9854194
227	250	533	0.29464415	-2.1194257
227	351	534	0.29534174	-2.9143392
228	252	535	0.25853669	-0.87853417
229	322	536	0.44749099	2.5031841
229	402	537	0.4014641	0.074690586
230	252	538	0.52025505	1.5836014
230	480	539	0.54588089	-0.64019143
231	244	540	0.23523364	-1.4817244
231	315	541	0.39578695	-2.3437641
231	440	542	0.44616375	0.89513009
233	289	543	0.23006439	-1.1692031
233	324	544	0.34930526	0.44867996
233	347	545	0.53347008	3.1079067
233	362	546	0.25337824	1.6418429
233	441	547	0.23012279	-1.5325234
233	476	548	0.37511809	-0.066774497
234	270	549	0.1724637	-0.11652158
234	471	550	0.14156857	1.1770149
235	432	551	0.21338109	-1.0640357
235	474	552	0.21924295	2.0085855
236	251	553	0.22940521	0.87849069
236	406	554	0.40243326	1.9128743
237	256	555	0.17670529	1.1334119
237	373	556	0.32017019	1.7984137
237	393	557	0.24857964	-1.7521129
238	333	558	0.37016783	1.7175803
238	408	559	0.10049002	0.91386657
238	465	560	0.27552354	-1.5609391
239	323	561	0.33550311	1.2341231
239	438	562	0.22533476	-0.96821572
242	251	563	0.51323248	2.8946485
242	339	564	0.50203384	-0.018476906
242	384	565	0.3971215	-0.71758914
242	452	566	0.39986338	2.7244361
243	274	567	0.17561414	-0.54348722
244	315	568	0.3013026	-2.9781739
244	391	569	0.23909008	-1.3766336
245	323	570	0.61040319	2.1937167
246	361	571	0.20024716	2.2988848
247	290	572	0.4583707	0.083025232
250	277	573	0.14512452	-0.60366691
251	406	574	0.34672414	2.5178081
251	452	575	0.13705467	0.2699796
253	277	576	0.3182784	-3.0138615
254	353	577	0.46231843	-0.56276585
254	391	578	0.45419274	2.5245636
255	454	579	0.45348049	2.6288688
257	339	580	0.54663781	-2.4986615
257	432	581	0.54337404	0.66847834
258	303	582	0.098466886	2.3460702
258	343	583	0.20112644	-0.0012052478
260	459	584	0.59328106	1.6033885
261	313	585	0.16128327	-1.1690588
262	340	586	0.39150143	-1.0737438
262	348	587	0.28804083	1.6131069
263	379	588	0.3766806	1.7297299
263	446	589	0.12539452	-0.038943203
263	473	590	0.29414061	-0.15161085
264	474	591	0.48268724	-1.1009685
265	407	592	0.35638734	2.2695124
265	431	593	0.3496667	-1.3144762
266	365	594	0.32799995	-0.61934251
266	448	595	0.33051088	2.4107502
267	336	596	0.41417014	-1.3358186
267	372	597	0.57573121	-1.2480322
269	353	598	0.419863	2.5278873
269	407	599	0.54402242	-0.86516543
270	471	600	0.19083853	2.2306003
271	318	601	0.36549486	-2.924974
271	401	602	0.19890097	1.3165705
271	429	603	0.37650602	-0.21347168
271	451	604	0.18838047	-2.763319
273	294	605	0.12788116	2.3336285
273	416	606	0.22171625	-1.4350066
273	483	607	0.2012671	0.51650436
274	295	608	0.28710723	-1.4386065
274	464	609	0.35353514	0.82190651
275	290	610	0.43569731	0.17778535
278	291	611	0.25696142	-0.72215207
280	377	612	0.28828481	-0.64580043
280	406	613	0.32875369	1.453246
281	377	614	0.23950782	-2.241048
281	445	615	0.40708987	1.797362
282	417	616	0.18805151	-0.43638628
283	307	617	0.44303087	-1.5937664
284	314	618	0.28984005	1.4186833
285	425	619	0.10091331	-1.5891124
286	331	620	0.35377023	2.5543755
287	460	621	0.29327658	-2.8936429
288	466	622	0.15074857	-1.336405
288	470	623	0.22348249	0.4703061
290	297	624	0.4465852	-0.94479064
290	307	625	0.49064252	1.2026828
290	382	626	0.45845679	0.46800764
292	458	627	0.21726293	1.8655263
294	359	628	0.25088083	-2.9679099
294	416	629	0.33381258	-1.2082888
294	428	630	0.32233505	1.8264393
294	483	631	0.26346593	0.026387769
295	386	632	0.31272244	-0.0844849
297	356	633	0.26840559	-0.77947517
299	398	634	0.17629503	-1.1709538
299	410	635	0.27251483	2.5473973
300	422	636	0.38423629	-1.4227864
300	482	637	0.32545123	0.80494361
301	308	638	0.25430244	1.7958611
301	394	639	0.2730466	2.3431192
301	460	640	0.42657451	-1.0093621
301	475	641	0.25585359	2.0814322
302	335	642	0.25519429	-1.843585
303	343	643	0.27911318	-0.25561218
304	414	644	0.38127827	2.8858888
305	310	645	0.3499048	-2.9821354
306	376	646	0.36164313	2.716421
306	478	647	0.13111529	-1.0128093
307	345	648	0.3640313	1.3749187
307	382	649	0.34217289	-0.82335182
308	475	650	0.07261188	-2.7948887
309	347	651	0.20687004	2.0215142
310	328	652	0.32904007	-2.7650106
311	386	653	0.14976836	2.8466561
312	412	654	0.063653967	-2.1532073
313	404	655	0.22562143	-0.81014916
315	391	656	0.39035384	-0.49542915
315	480	657	0.56310015	-2.9673721
317	477	658	0.30177065	0.60963369
318	439	659	0.29808941	-2.7870714
318	451	660	0.18211221	0.049347906
318	481	661	0.24416364	-0.90452485
318	483	662	0.33948999	3.0472558
320	354	663	0.28817354	-1.8172835
320	415	664	0.26141588	0.35174452
320	443	665	0.22025825	0.97008611
320	464	666	0.27213916	3.1048638
321	405	667	0.31596216	0.99358077
324	362	668	0.34777332	2.8462709
324	476	669	0.186323	-1.2454773
325	392	670	0.45681942	-2.8385469
326	424	671	0.39291172	0.33856361
327	395	672	0.31863282	-1.2873929
328	426	673	0.31032158	-2.1004707
328	460	674	0.41744783	1.8735455
329	424	675	0.25975912	2.6244571
332	417	676	0.42250489	2.7255137
333	405	677	0.17450464	-0.20782898
333	408	678	0.30901228	-1.1876967
334	405	679	0.28126541	3.1116757
337	421	680	0.1995603	-0.90703107
337	423	681	0.386483	1.4727988
337	468	682	0.34722001	-1.4542579
339	384	683	0.32333383	-2.2486084
339	411	684	0.34258022	-1.1894889
341	405	685	0.2878555	-1.2481549
342	425	686	0.24539585	2.3774445
345	431	687	0.39356548	1.453395
346	417	688	0.39311008	0.21521121
347	420	689	0.58661154	2.3940617
347	449	690	0.21776175	-2.6977666
349	352	691	0.22418027	0.36637184
350	363	692	0.30430177	2.4703514
354	386	693	0.29546078	-1.8906045
355	412	694	0.18085256	2.3094944
356	469	695	0.17821955	-1.0335634
357	421	696	0.29808699	-0.0051702696
359	416	697	0.45366452	-0.63406872
359	421	698	0.31706547	-2.2446919
360	386	699	0.38665121	-2.6520033
360	461	700	0.28375584	0.72888634
362	427	701	0.13050414	1.0259734
363	473	702	0.58771414	2.3857567
364	416	703	0.42867544	2.8060265
364	437	704	0.16560177	1.2026171
364	481	705	0.32914835	0.80084607
365	375	706	0.1312498	1.4650235
367	396	707	0.31039502	2.0583665
369	413	708	0.12417877	2.7765131
371	381	709	0.22791655	-3.1251208
375	458	710	0.28715178	2.6023563
379	473	711	0.54417006	-0.87123341
383	384	712	0.27452628	2.2011694
384	411	713	0.33679862	-0.19759028
388	453	714	0.2453792	1.1114392
390	440	715	0.35898771	2.1621251
395	445	716	0.30469784	-0.29825543
397	440	717	0.23016231	-1.4793964
401	429	718	0.41858826	-0.70818161
401	447	719	0.4279905	2.5556921
407	457	720	0.14007176	0.051731319
409	420	721	0.44566937	-0.63703546
413	432	722	0.41859142	-2.7419937
413	436	723	0.33865387	2.3776148
415	443	724	0.1517119	2.4931035
416	439	725	0.27403537	0.73424782
416	470	726	0.39426026	-1.0917253
417	442	727	0.33820695	1.8138931
418	429	728	0.69040532	-2.6378212
421	468	729	0.20503783	-1.9852867
424	465	730	0.2630856	1.9552374
429	459	731	0.5916148	-1.904462
430	482	732	0.20951196	-1.9257705
432	448	733	0.44472949	-0.57627896
432	474	734	0.43236685	2.0426038
433	477	735	0.36083009	2.7204808
437	481	736	0.18822426	0.44962011
448	458	737	0.31057657	-0.44273844
450	468	738	0.17106517	2.0457469
451	481	739	0.2033027	-1.7237905
466	470	740	0.29735214	0.98575706
26	1	741	0.38124599	1.9700908
73	1	742	0.48543819	-1.1705972
221	1	743	0.25962874	1.9211684
60	2	744	0.20940319	-1.7911409
265	2	745	0.22605925	0.85962102
19	3	746	0.20281321	-0.90412756
45	3	747	0.26939355	0.23565014
158	3	748	0.28047385	-2.1770309
277	3	749	0.39864965	1.2499393
377	3	750	0.2988271	-0.8201541
409	3	751	0.40037834	-3.0046476
134	4	752	0.23807303	-2.9901018
161	4	753	0.42536034	1.5837255
416	4	754	0.38819621	-2.4602464
421	4	755	0.37288882	-0.79239512
450	4	756	0.27634196	0.27220361
46	5	757	0.39809968	-0.93914399
133	5	758	0.57932537	2.5647601
144	5	759	0.16023892	0.08329606
248	5	760	0.26063171	1.5910372
309	5	761	0.42306284	-0.67839674
444	5	762	0.25988654	0.36408461
86	6	763	0.27475541	1.8785965
297	7	764	0.193911	-0.60922885
356	7	765	0.083989989	1.9602275
387	8	766	0.23358367	-0.75497514
207	9	767	0.33041926	-0.64510837
422	9	768	0.30585123	2.230363
56	10	769	0.43376842	2.5609554
92	10	770	0.26372861	-0.53224949
108	10	771	0.35190508	-0.89716165
219	10	772	0.22159366	0.22638456
370	10	773	0.22045636	2.2424331
238	11	774	0.22418169	-0.0054110603
408	11	775	0.18175237	-0.46061138
227	12	776	0.48714811	-0.11463974
253	12	777	0.31209122	0.86492739
383	12	778	0.45224801	-3.1241959
384	12	779	0.37018953	-2.4724568
241	13	780	0.35946636	-2.090743
368	13	781	0.39679416	1.4551716
245	14	782	0.42977172	-0.85176515
285	14	783	0.23269509	2.4316321
389	14	784	0.20433743	1.6565472
425	14	785	0.30705764	2.1757254
366	15	786	0.23196191	-0.45308511
63	16	787	0.21457415	-0.82719537
358	16	788	0.45021237	-0.65157534
381	16	789	0.50435109	2.4691013
161	17	790	0.29329408	2.5755019
249	17	791	0.31731007	1.6076078
450	17	792	0.19522103	-1.4469004
468	17	793	0.36068273	-1.2830686
359	18	794	0.23956499	-2.8277233
421	18	795	0.17636087	1.7417416
281	19	796	0.25665606	-1.8484914
377	19	797	0.098212946	-0.64607172
64	20	798	0.30659174	1.9829042
290	20	799	0.35002628	-1.1205637
297	20	800	0.11891505	2.7374921
344	21	801	0.68579684	-2.675152
418	21	802	0.69020671	0.46792688
34	22	803	0.088542358	-2.2439013
423	22	804	0.29912951	3.0241364
332	23	805	0.20192268	2.7681623
417	23	806	0.22093362	-0.45505576
110	24	807	0.17992659	2.8206504
350	24	808	0.20699374	-0.26861584
29	25	809	0.50590677	2.8390307
146	25	810	0.21919897	3.0444248
400	25	811	0.35073821	-1.0938373
423	25	812	0.47263726	0.29893398
201	26	813	0.34827316	1.967007
221	26	814	0.12258717	-1.0677437
428	27	815	0.37477883	0.4100883
447	27	816	0.39011471	-3.0866762
90	28	817	0.22347353	-3.0426425
300	28	818	0.25928643	-0.62477161
422	28	819	0.27524815	0.9785837
146	29	820	0.29472564	-0.4548375
191	29	821	0.46120384	-1.727565
346	29	822	0.57606276	1.7015759
442	29	823	0.40982616	2.7433489
467	29	824	0.32151068	-2.7159815
92	30	825	0.27096002	1.5125245
108	30	826	0.12955168	1.5085167
132	31	827	0.24678899	2.8049415
366	31	828	0.31919061	2.6219713
424	31	829	0.44877988	-0.47748718
148	32	830	0.46358165	-1.7437238
344	32	831	0.72135802	0.034722548
455	32	832	0.72202013	2.845272
115	33	833	0.36774703	-1.9656406
162	33	834	0.44255202	-0.99999
177	33	835	0.61171694	0.61459729
219	33	836	0.41431955	2.9785638
284	33	837	0.54152871	2.8294314
403	33	838	0.2932772	-1.0805248
178	34	839	0.16622075	-2.5462893
194	34	840	0.084480268	-2.6905036
423	34	841	0.26339354	2.734517
68	35	842	0.31859492	0.080885712
105	35	843	0.33244976	-2.5400525
317	35	844	0.30020422	1.9784836
111	36	845	0.40837674	1.481618
399	36	846	0.39237448	-1.4640961
55	37	847	0.35387918	-1.4562256
78	37	848	0.2379244	-1.5612561
116	37	849	0.20636371	2.2253765
396	37	850	0.36496649	1.6730017
142	38	851	0.41421156	0.68998088
174	38	852	0.041789901	-0.72830462
278	38	853	0.41934315	-2.1579607
142	39	854	0.25853325	-0.87827385
66	40	855	0.12588244	0.46194321
106	40	856	0.097688782	-1.9185547
454	41	857	0.27949177	-1.9214089
159	42	858	0.22096243	1.7125311
189	42	859	0.31770077	1.9030023
245	42	860	0.42825471	-1.1670234
389	42	861	0.1877125	2.3530526
364	43	862	0.21739158	3.0772666
447	44	863	0.25386589	2.0097653
175	45	864	0.22778293	-0.64575947
227	45	865	0.17139724	-3.0341715
141	46	866	0.42306159	-0.93194642
462	46	867	0.1518992	1.2024287
173	47	868	0.28195461	-1.7973802
145	48	869	0.25361178	1.1773133
268	48	870	0.35772097	2.7028472
272	48	871	0.47714045	-1.4437373
382	48	872	0.41378627	0.34382721
419	48	873	0.35659306	2.8407954
226	49	874	0.16133777	2.3886525
304	49	875	0.19875624	-2.6687578
414	49	876	0.26793434	-0.77225233
163	50	877	0.30390354	3.1094089
374	50	878	0.50877298	2.8521913
463	50	879	0.59101094	-0.21208597
208	51	880	0.15354952	-0.92908348
279	51	881	0.54863572	1.8809381
433	51	882	0.381073	-0.43727511
480	51	883	0.47405224	-1.8002592
195	52	884	0.29547485	-2.1397492
89	53	885	0.43420998	-0.91923333
143	53	886	0.12630936	-2.1481885
267	53	887	0.45411692	1.9627203
65	54	888	0.63690905	-1.2794684
223	54	889	0.43757121	-0.68013141
312	54	890	0.35133056	2.1411796
355	54	891	0.55616587	2.0910353
412	54	892	0.38162983	1.9881487
78	55	893	0.11988937	1.8949514
116	55	894	0.54137689	1.8826268
141	55	895	0.2097329	-1.5246225
372	55	896	0.58550664	-1.2934198
206	56	897	0.54441578	2.9500079
214	56	898	0.17409974	2.8572435
305	56	899	0.43303882	-0.27482597
331	56	900	0.35367352	2.6807256
370	56	901	0.23478131	-0.28216931
76	57	902	0.33505298	-1.1146547
178	57	903	0.18004959	-0.42763348
194	57	904	0.22617396	-0.080949982
276	57	905	0.29571847	-0.42357287
330	57	906	0.26439263	-0.81359342
359	57	907	0.47297255	2.0627284
428	57	908	0.39385599	2.9843554
206	58	909	0.44883649	-0.083586474
322	58	910	0.44571134	2.7067331
177	59	911	0.42170119	-2.916106
241	59	912	0.37645163	0.58507318
160	60	913	0.54556689	-1.4189759
218	60	914	0.60874799	1.8058105
380	60	915	0.36158337	-1.243387
220	61	916	0.59735365	-2.801544
374	61	917	0.61279545	0.31678549
139	62	918	0.29347095	0.78014584
302	62	919	0.16266666	2.4365681
358	63	920	0.24186197	-0.4959416
103	64	921	0.25907302	2.1925232
217	65	922	0.49725705	-0.96755501
223	65	923	0.36997635	1.1317405
422	65	924	0.56439707	-1.7793514
106	66	925	0.20784125	-2.3495077
187	66	926	0.48355264	-0.49783334
379	66	927	0.4467521	2.3531043
187	67	928	0.11805885	1.7174405
82	68	929	0.50350752	0.66860625
184	68	930	0.16436827	2.1959558
368	68	931	0.42279651	-2.2091801
239	69	932	0.23588403	-1.357336
103	70	933	0.18324076	1.7656195
297	70	934	0.29466829	-1.1180987
469	70	935	0.17139696	2.6770328
207	71	936	0.18453392	2.6482965
212	71	937	0.26626232	1.2665687
229	71	938	0.2711401	-0.87989674
222	72	939	0.44508483	-1.2876672
225	72	940	0.30664333	0.26330316
251	72	941	0.30497146	2.1507145
452	72	942	0.37052425	2.5107093
304	73	943	0.43510208	0.1025273
374	73	944	0.50112639	-1.9284744
89	74	945	0.32826401	-1.4683452
237	74	946	0.2943057	1.6298607
256	74	947	0.16243792	2.174537
373	74	948	0.05778984	-0.31891987
81	75	949	0.21485106	1.2303352
119	75	950	0.22848762	-2.7740428
117	76	951	0.20236941	-2.2851746
178	76	952	0.22670992	1.4990599
330	76	953	0.11384914	1.2673226
398	76	954	0.32561551	-1.1937518
333	77	955	0.48817199	1.8684416
341	77	956	0.31990268	2.3405741
355	77	957	0.57335158	-1.1496048
141	78	958	0.32668073	-1.4237433
150	78	959	0.14073114	1.6195579
462	78	960	0.21778409	2.3286421
84	79	961	0.071395195	0.96061622
272	79	962	0.2210479	-0.20008753
89	80	963	0.64713808	1.8263782
364	80	964	0.45286876	-1.0011681
459	80	965	0.44218531	-2.5422914
470	80	966	0.49814603	-0.3539283
234	81	967	0.16851176	-2.2913947
261	81	968	0.1695125	0.6357438
316	81	969	0.23477094	-0.7842349
404	81	970	0.42064467	1.767503
426	81	971	0.34746627	-1.7029589
191	82	972	0.57274711	0.7579821
298	82	973	0.25922625	-2.4614677
161	83	974	0.36777815	-0.66970427
258	83	975	0.31816588	2.5592846
303	83	976	0.22290464	2.6528955
327	83	977	0.32123598	1.4026077
466	83	978	0.30140661	-1.6545397
272	84	979	0.20340909	-0.52781277
153	85	980	0.29834472	2.6954625
204	85	981	0.4039351	-0.1665694
321	85	982	0.28756257	-2.7767033
162	86	983	0.36509996	1.95818
308	86	984	0.11343226	0.1548468
265	87	985	0.17353466	-0.14025712
286	88	986	0.13437866	2.4580612
331	88	987	0.22039354	-0.52854943
415	88	988	0.23353723	1.971029
443	88	989	0.12702358	1.3330132
94	89	990	0.36333148	0.37229309
256	89	991	0.4771448	1.8375857
260	89	992	0.35864284	-2.2342125
343	89	993	0.36136585	-0.20990883
373	89	994	0.30915813	1.5018334
120	90	995	0.16856799	0.87790609
375	91	996	0.41191704	2.2333746
413	91	997	0.44537604	-0.94483462
458	91	998	0.17744967	1.6101764
287	92	999	0.32091782	-0.12375004
305	92	1000	0.30761489	2.1686142
158	93	1001	0.21463092	1.524291
237	93	1002	0.30312489	-2.4240489
281	93	1003	0.22814268	0.17036817
258	94	1004	0.2997462	-0.7655451
445	94	1005	0.36423963	1.1303845
299	95	1006	0.13029131	-3.0510636
398	95	1007	0.24907818	2.4922405
149	96	1008	0.26363846	2.90395
293	96	1009	0.32681033	-3.010159
324	96	1010	0.19841478	0.75516959
427	96	1011	0.41670302	-0.18544254
185	97	1012	0.32907527	2.7957369
259	97	1013	0.50586328	-0.83046502
399	97	1014	0.38985724	1.8955247
292	98	1015	0.16222917	-1.0697853
365	98	1016	0.11658216	-2.4734913
154	99	1017	0.32813212	-2.8527518
349	99	1018	0.49403105	-3.0389775
358	99	1019	0.50457334	2.4784776
455	99	1020	0.73098469	-0.22447774
198	100	1021	0.063029102	-0.72599695
277	100	1022	0.29579059	-2.1879957
170	101	1023	0.35362152	0.12247329
296	101	1024	0.31548051	-2.9853172
147	102	1025	0.36448479	-1.7732839
164	102	1026	0.21950396	2.6788657
216	102	1027	0.32218969	-1.6652378
262	102	1028	0.55379193	1.8655422
348	102	1029	0.28413841	2.1215217
381	102	1030	0.46357933	-0.79714968
456	103	1031	0.23700819	2.1826597
259	104	1032	0.7282709	2.9215595
284	104	1033	0.6027897	-0.53802905
370	104	1034	0.3933923	-0.81072318
440	104	1035	0.44916537	1.2122347
230	105	1036	0.47559045	-2.7354693
368	105	1037	0.36219649	-0.35428049
477	105	1038	0.30525563	1.8781216
279	106	1039	0.53514306	-1.2933018
379	106	1040	0.49457157	1.9194111
168	107	1041	0.043995303	-1.7410591
222	107	1042	0.3944934	2.797516
249	107	1043	0.33479724	-0.85233716
115	108	1044	0.27620656	-0.30114159
214	109	1045	0.22275835	-1.7290624
464	109	1046	0.29919502	1.3985515
247	110	1047	0.163083	2.9928672
160	111	1048	0.25396114	2.8941335
165	111	1049	0.3514616	1.4797841
306	111	1050	0.33220847	-0.53107327
380	111	1051	0.33508259	2.2575534
478	111	1052	0.22439449	-0.2569322
392	112	1053	0.5248415	2.7501953
442	112	1054	0.31821646	0.17727081
467	112	1055	0.4626197	-0.53423915
280	113	1056	0.25060238	1.8978651
395	113	1057	0.27408603	-1.8549067
406	113	1058	0.14875396	-2.498805
240	114	1059	0.18601543	2.148686
247	114	1060	0.43192906	-3.0078066
275	114	1061	0.45640944	-3.100887
350	114	1062	0.21942989	-1.0794839
361	114	1063	0.56779212	0.8948142
363	114	1064	0.5131472	-0.84182962
479	115	1065	0.28992159	-1.496554
200	116	1066	0.30762365	1.4733422
454	116	1067	0.50695816	2.1714527
190	117	1068	0.15799401	-1.5975687
400	117	1069	0.27632858	2.6692398
255	118	1070	0.44980803	-0.51860424
414	118	1071	0.44645491	2.7044563
137	119	1072	0.35448957	2.2737629
328	119	1073	0.33781502	-1.3244164
422	120	1074	0.29426637	0.42284989
142	121	1075	0.27163687	-2.2974142
220	121	1076	0.28575141	0.12238273
309	122	1077	0.38845573	2.5004094
420	122	1078	0.40994165	-1.0357706
449	122	1079	0.14178524	1.7446434
197	123	1080	0.16165842	2.292205
203	123	1081	0.2134695	-3.1380498
332	123	1082	0.2528256	-0.25117382
181	124	1083	0.23684221	1.9019492
201	124	1084	0.29787201	-1.1947229
362	125	1085	0.41794257	2.5974087
383	125	1086	0.50242337	-0.13114521
411	125	1087	0.39709718	-0.59127579
427	125	1088	0.43792354	2.9000124
130	126	1089	0.17801369	-1.3682479
326	126	1090	0.30751564	1.3100986
340	126	1091	0.31540673	-1.611736
263	127	1092	0.3935686	-2.1538073
413	127	1093	0.41502522	0.91475347
151	128	1094	0.258122	1.0244767
190	129	1095	0.46435041	-0.31740902
191	129	1096	0.53674076	2.8670288
400	129	1097	0.24284448	0.60808143
238	130	1098	0.28774278	-2.4728874
262	130	1099	0.50413923	-1.2935998
326	130	1100	0.47349746	1.4788962
465	130	1101	0.24826958	2.7396793
429	131	1102	0.33539851	-2.3972403
459	131	1103	0.33595185	1.7290247
481	131	1104	0.32933915	-0.11104185
453	133	1105	0.40813154	0.92581812
463	133	1106	0.60222997	2.952081
416	134	1107	0.21881941	-1.8780274
470	134	1108	0.2853536	2.6235453
166	135	1109	0.16712843	0.85917162
269	135	1110	0.3103343	1.6147392
376	135	1111	0.33574598	-1.0888176
478	135	1112	0.24605179	-2.990234
237	136	1113	0.37899698	-1.0124317
256	136	1114	0.4977056	-1.3149631
267	136	1115	0.2559458	-2.3788706
336	136	1116	0.36094294	2.4651532
393	136	1117	0.25738381	-0.30353655
409	136	1118	0.33588961	0.92433086
420	136	1119	0.5555356	1.8552985
167	137	1120	0.41930368	2.5854689
270	137	1121	0.24940582	-0.37952616
209	138	1122	0.45140248	2.0279545
317	138	1123	0.4432021	-1.1068757
176	139	1124	0.27764186	-2.5429323
185	139	1125	0.43191407	1.7819229
192	139	1126	0.26271215	-0.61315943
229	139	1127	0.45563817	2.7963825
232	139	1128	0.23919909	-1.4895243
259	139	1129	0.56379352	-0.11141403
375	140	1130	0.17168767	-0.35012571
336	141	1131	0.55039379	-1.1259629
174	142	1132	0.40994899	-2.3506845
220	142	1133	0.52150523	0.47372338
260	143	1134	0.53375136	-1.3605274
267	143	1135	0.53580893	1.7671113
462	144	1136	0.23267179	-0.9775108
382	145	1137	0.30730185	-0.31342279
387	145	1138	0.30068423	2.3158265
216	147	1139	0.056200127	0.70184145
312	147	1140	0.35595364	-1.3809458
295	148	1141	0.3467659	-1.2591518
386	148	1142	0.36654814	-2.1652257
293	149	1143	0.124878	-2.1443612
323	149	1144	0.44426671	-3.1186458
324	149	1145	0.40746919	0.182453
462	150	1146	0.14391845	3.0188772
286	151	1147	0.38679085	-0.70471436
319	151	1148	0.51815183	2.6745879
415	151	1149	0.33054201	-0.37267609
461	151	1150	0.22800543	0.77069668
430	152	1151	0.27260313	0.64726531
321	153	1152	0.2313452	-1.568577
408	153	1153	0.27181952	-2.0143963
424	153	1154	0.38662662	1.9880443
349	154	1155	0.1820113	2.9038835
434	154	1156	0.22158996	-2.5811963
264	155	1157	0.35226983	-0.60208266
436	155	1158	0.34430721	2.4526944
222	156	1159	0.6136721	1.3434691
346	156	1160	0.61885751	-1.8374749
179	157	1161	0.23855	-1.1406524
344	157	1162	0.48731772	2.0057945
404	157	1163	0.42705679	-1.169666
281	158	1164	0.2775654	-0.6855129
393	158	1165	0.25707466	-2.423151
409	158	1166	0.29496205	2.502925
186	160	1167	0.56347048	-1.573483
380	160	1168	0.19979086	1.4009459
168	161	1169	0.36856154	1.5489891
301	162	1170	0.20645496	-0.35965925
403	162	1171	0.15206683	2.2973841
374	163	1172	0.22835251	2.5068089
389	163	1173	0.21217919	-1.4355381
425	163	1174	0.20620443	-2.2436616
348	164	1175	0.15183954	1.2510338
407	165	1176	0.35958245	1.3978321
269	166	1177	0.22076015	2.1605564
353	166	1178	0.22805408	-0.25865278
243	167	1179	0.17228533	-2.1222875
274	167	1180	0.24699573	-2.9131754
295	167	1181	0.36029254	2.4539869
196	168	1182	0.37787851	1.8606022
182	169	1183	0.36151459	-1.8837143
293	169	1184	0.32096399	0.48203605
323	169	1185	0.26029353	1.932034
283	170	1186	0.45655342	1.52962
407	170	1187	0.51422232	-1.1072748
431	170	1188	0.17489442	2.097917
218	171	1189	0.21406759	-0.3140234
183	172	1190	0.13664054	0.82829925
338	172	1191	0.081878311	-2.9434696
461	172	1192	0.12676776	0.29984191
367	173	1193	0.343907	-0.82399522
388	173	1194	0.16860578	2.6990111
453	173	1195	0.30004481	-2.6267815
278	174	1196	0.41552944	-2.2576962
280	175	1197	0.31798524	-1.6016311
351	175	1198	0.19617948	1.9062313
302	176	1199	0.1170953	2.6482288
252	177	1200	0.46204929	1.172304
423	178	1201	0.22331696	2.0564558
404	179	1202	0.1887341	-1.2063407
188	180	1203	0.32242093	-0.27601004
376	180	1204	0.47476701	2.408766
390	180	1205	0.38492394	-1.1120545
224	182	1206	0.15877162	-0.96304775
323	182	1207	0.58777008	1.5379695
361	182	1208	0.57265263	-2.3757543
365	182	1209	0.32718063	-0.64423174
375	182	1210	0.410264	-0.92245475
338	183	1211	0.20845294	-2.5468781
360	183	1212	0.27129329	0.48201193
461	183	1213	0.069449958	-1.1443831
298	184	1214	0.29017258	0.054527827
317	184	1215	0.35979704	2.8116312
186	185	1216	0.55771423	1.692938
335	185	1217	0.32718775	-2.1287214
209	187	1218	0.39373847	-0.82362417
325	187	1219	0.37281514	-0.032203225
244	188	1220	0.31962602	0.085031667
385	188	1221	0.1787764	-1.7065309
435	189	1222	0.24355154	1.9257997
299	190	1223	0.36006114	-0.44288948
398	190	1224	0.25682175	0.031483783
467	191	1225	0.39110625	2.1707527
232	192	1226	0.21401982	-2.7217875
259	192	1227	0.35659794	0.25078279
296	193	1228	0.28904832	0.27058957
472	193	1229	0.21950898	-2.8115849
347	195	1230	0.40971266	-1.6983996
444	195	1231	0.26711798	2.5992795
406	196	1232	0.39663837	2.3057097
203	197	1233	0.16218483	-2.288828
264	197	1234	0.41015461	2.4518312
332	197	1235	0.39699091	-0.48256008
277	198	1236	0.29566201	-2.401534
411	199	1237	0.2123726	-1.7178163
367	200	1238	0.18864446	2.0497847
340	202	1239	0.28443869	-0.35323504
264	203	1240	0.43677238	2.0715545
392	203	1241	0.43616688	-1.273315
268	204	1242	0.30868717	-0.1898426
419	204	1243	0.30488838	-0.3500501
239	205	1244	0.3230284	-3.1101155
476	205	1245	0.35777325	-0.18598632
259	206	1246	0.35333026	2.2494378
212	207	1247	0.29407368	0.60249911
229	207	1248	0.44749673	-0.72378282
300	207	1249	0.39935604	2.9899129
325	209	1250	0.29610877	1.2081294
378	209	1251	0.16356857	-1.1202044
278	210	1252	0.60520777	1.1203673
326	210	1253	0.61825986	-2.0003441
253	211	1254	0.26420652	-0.075001855
420	211	1255	0.3354497	-2.6875587
217	212	1256	0.51017534	2.1868054
319	212	1257	0.51929609	-0.44051581
251	213	1258	0.28169869	-2.6536774
331	214	1259	0.18482516	2.5145495
300	215	1260	0.30468577	1.5431516
402	215	1261	0.34797738	-0.23810254
430	215	1262	0.31636047	-2.7303552
412	216	1263	0.33792035	-1.3944957
272	218	1264	0.54528419	1.9430504
431	218	1265	0.27489669	0.45915001
284	219	1266	0.14547486	2.392497
370	219	1267	0.37387729	2.8068281
406	222	1268	0.48005433	1.5916778
349	223	1269	0.4588782	-0.0055534829
375	224	1270	0.25170566	-0.89685362
304	226	1271	0.20938674	-1.8575537
236	227	1272	0.41944809	-1.1561733
250	227	1273	0.29464415	1.0221669
351	227	1274	0.29534174	0.22725342
252	228	1275	0.25853669	2.2630585
322	229	1276	0.44749099	-0.63840852
402	229	1277	0.4014641	-3.0669021
252	230	1278	0.52025505	-1.5579912
480	230	1279	0.54588089	2.5014012
244	231	1280	0.23523364	1.6598683
315	231	1281	0.39578695	0.79782859
440	231	1282	0.44616375	-2.2464626
289	233	1283	0.23006439	1.9723895
324	233	1284	0.34930526	-2.6929127
347	233	1285	0.53347008	-0.033685947
362	233	1286	0.25337824	-1.4997498
441	233	1287	0.23012279	1.6090692
476	233	1288	0.37511809	3.0748182
270	234	1289	0.1724637	3.0250711
471	234	1290	0.14156857	-1.9645777
432	235	1291	0.21338109	2.077557
474	235	1292	0.21924295	-1.1330072
251	236	1293	0.22940521	-2.263102
406	236	1294	0.40243326	-1.2287184
256	237	1295	0.17670529	-2.0081808
373	237	1296	0.32017019	-1.343179
393	237	1297	0.24857964	1.3894798
333	238	1298	0.37016783	-1.4240123
408	238	1299	0.10049002	-2.2277261
465	238	1300	0.27552354	1.5806535
323	239	1301	0.33550311	-1.9074695
438	239	1302	0.22533476	2.1733769
251	242	1303	0.51323248	-0.24694412
339	242	1304	0.50203384	3.1231157
384	242	1305	0.3971215	2.4240035
452	242	1306	0.39986338	-0.41715653
274	243	1307	0.17561414	2.5981054
315	244	1308	0.3013026	0.16341879
391	244	1309	0.23909008	1.7649591
323	245	1310	0.61040319	-0.94787593
361	246	1311	0.20024716	-0.84270787
290	247	1312	0.4583707	-3.0585674
277	250	1313	0.14512452	2.5379257
406	251	1314	0.34672414	-0.62378454
452	251	1315	0.13705467	-2.8716131
277	253	1316	0.3182784	0.12773111
353	254	1317	0.46231843	2.5788268
391	254	1318	0.45419274	-0.61702905
454	255	1319	0.45348049	-0.51272383
339	257	1320	0.54663781	0.64293111
432	257	1321	0.54337404	-2.4731143
303	258	1322	0.098466886	-0.79552241
343	258	1323	0.20112644	3.1403874
459	260	1324	0.59328106	-1.5382042
313	261	1325	0.16128327	1.9725338
340	262	1326	0.39150143	2.0678488
348	262	1327	0.28804083	-1.5284858
379	263	1328	0.3766806	-1.4118627
446	263	1329	0.12539452	3.1026495
473	263	1330	0.29414061	2.9899818
474	264	1331	0.48268724	2.0406242
407	265	1332	0.35638734	-0.87208025
431	265	1333	0.3496667	1.8271165
365	266	1334	0.32799995	2.5222501
448	266	1335	0.33051088	-0.73084246
336	267	1336	0.41417014	1.805774
372	267	1337	0.57573121	1.8935604
353	269	1338	0.419863	-0.61370536
407	269	1339	0.54402242	2.2764272
471	270	1340	0.19083853	-0.9109924
318	271	1341	0.36549486	0.21661864
401	271	1342	0.19890097	-1.8250221
429	271	1343	0.37650602	2.928121
451	271	1344	0.18838047	0.37827366
294	273	1345	0.12788116	-0.80796412
416	273	1346	0.22171625	1.706586
483	273	1347	0.2012671	-2.6250883
295	274	1348	0.28710723	1.7029861
464	274	1349	0.35353514	-2.3196861
290	275	1350	0.43569731	-2.9638073
291	278	1351	0.25696142	2.4194406
377	280	1352	0.28828481	2.4957922
406	280	1353	0.32875369	-1.6883466
377	281	1354	0.23950782	0.90054461
445	281	1355	0.40708987	-1.3442307
417	282	1356	0.18805151	2.7052064
307	283	1357	0.44303087	1.5478263
314	284	1358	0.28984005	-1.7229094
425	285	1359	0.10091331	1.5524802
331	286	1360	0.35377023	-0.58721718
460	287	1361	0.29327658	0.24794979
466	288	1362	0.15074857	1.8051877
470	288	1363	0.22348249	-2.6712866
297	290	1364	0.4465852	2.196802
307	290	1365	0.49064252	-1.9389099
382	290	1366	0.45845679	-2.673585
458	292	1367	0.21726293	-1.2760664
359	294	1368	0.25088083	0.17368277
416	294	1369	0.33381258	1.9333039
428	294	1370	0.32233505	-1.3151533
483	294	1371	0.26346593	-3.1152049
386	295	1372	0.31272244	3.0571078
356	297	1373	0.26840559	2.3621175
398	299	1374	0.17629503	1.9706388
410	299	1375	0.27251483	-0.59419539
422	300	1376	0.38423629	1.7188062
482	300	1377	0.32545123	-2.336649
308	301	1378	0.25430244	-1.3457315
394	301	1379	0.2730466	-0.79847344
460	301	1380	0.42657451	2.1322306
475	301	1381	0.25585359	-1.0601604
335	302	1382	0.25519429	1.2980077
343	303	1383	0.27911318	2.8859805
414	304	1384	0.38127827	-0.2557038
310	305	1385	0.3499048	0.15945725
376	306	1386	0.36164313	-0.4251716
478	306	1387	0.13111529	2.1287834
345	307	1388	0.3640313	-1.766674
382	307	1389	0.34217289	2.3182408
475	308	1390	0.07261188	0.34670393
347	309	1391	0.20687004	-1.1200785
328	310	1392	0.32904007	0.37658209
386	311	1393	0.14976836	-0.29493654
412	312	1394	0.063653967	0.98838534
404	313	1395	0.22562143	2.3314435
391	315	1396	0.39035384	2.6461635
480	315	1397	0.56310015	0.17422052
477	317	1398	0.30177065	-2.531959
439	318	1399	0.29808941	0.35452125
451	318	1400	0.18211221	-3.0922447
481	318	1401	0.24416364	2.2370678
483	318	1402	0.33948999	-0.094336834
354	320	1403	0.28817354	1.3243092
415	320	1404	0.26141588	-2.7898481
443	320	1405	0.22025825	-2.1715065
464	320	1406	0.27213916	-0.036728839
405	321	1407	0.31596216	-2.1480119
362	324	1408	0.34777332	-0.2953217
476	324	1409	0.186323	1.8961154
392	325	1410	0.45681942	0.30304578
424	326	1411	0.39291172	-2.803029
395	327	1412	0.31863282	1.8541997
426	328	1413	0.31032158	1.0411219
460	328	1414	0.41744783	-1.2680472
424	329	1415	0.25975912	-0.51713556
417	332	1416	0.42250489	-0.41607893
405	333	1417	0.17450464	2.9337637
408	333	1418	0.30901228	1.9538959
405	334	1419	0.28126541	-0.029916945
421	337	1420	0.1995603	2.2345616
423	337	1421	0.386483	-1.6687939
468	337	1422	0.34722001	1.6873348
384	339	1423	0.32333383	0.89298423
411	339	1424	0.34258022	1.9521037
405	341	1425	0.2878555	1.8934377
425	342	1426	0.24539585	-0.7641482
431	345	1427	0.39356548	-1.6881976
417	346	1428	0.39311008	-2.9263814
420	347	1429	0.58661154	-0.74753091
449	347	1430	0.21776175	0.44382605
352	349	1431	0.22418027	-2.7752208
363	350	1432	0.30430177	-0.67124125
386	354	1433	0.29546078	1.2509881
412	355	1434	0.18085256	-0.8320983
469	356	1435	0.17821955	2.1080292
421	357	1436	0.29808699	3.1364224
416	359	1437	0.45366452	2.5075239
421	359	1438	0.31706547	0.89690077
386	360	1439	0.38665121	0.48958936
461	360	1440	0.28375584	-2.4127063
427	362	1441	0.13050414	-2.1156193
473	363	1442	0.58771414	-0.75583595
416	364	1443	0.42867544	-0.33556613
437	364	1444	0.16560177	-1.9389755
481	364	1445	0.32914835	-2.3407466
375	365	1446	0.1312498	-1.6765692
396	367	1447	0.31039502	-1.0832262
413	369	1448	0.12417877	-0.36507959
381	371	1449	0.22791655	0.016471896
458	375	1450	0.28715178	-0.53923633
473	379	1451	0.54417006	2.2703592
384	383	1452	0.27452628	-0.94042322
411	384	1453	0.33679862	2.9440024
453	388	1454	0.2453792	-2.0301534
440	390	1455	0.35898771	-0.97946753
445	395	1456	0.30469784	2.8433372
440	397	1457	0.23016231	1.6621962
429	401	1458	0.41858826	2.433411
447	401	1459	0.4279905	-0.58590055
457	407	1460	0.14007176	-3.0898613
420	409	1461	0.44566937	2.5045572
432	413	1462	0.41859142	0.39959898
436	413	1463	0.33865387	-0.76397783
443	415	1464	0.1517119	-0.6484892
439	416	1465	0.27403537	-2.4073448
470	416	1466	0.39426026	2.0498674
442	417	1467	0.33820695	-1.3276995
429	418	1468	0.69040532	0.50377142
468	421	1469	0.20503783	1.156306
465	424	1470	0.2630856	-1.1863552
459	429	1471	0.5916148	1.2371306
482	430	1472	0.20951196	1.2158222
448	432	1473	0.44472949	2.5653137
474	432	1474	0.43236685	-1.0989889
477	433	1475	0.36083009	-0.42111189
481	437	1476	0.18822426	-2.6919725
458	448	1477	0.31057657	2.6988542
468	450	1478	0.17106517	-1.0958457
481	451	1479	0.2033027	1.4178021
470	466	1480	0.29735214	-2.1558356
