from	to	label	distance	angle
1	235	1	0.28739188	-1.4632322
1	390	2	0.61362149	-2.3486243
1	405	3	0.28410138	1.2057517
1	470	4	0.61849538	1.820808
2	28	5	0.90514836	-2.1022679
2	78	6	0.70941494	0.54419846
2	125	7	1.1006956	1.4488301
2	188	8	0.66021682	-1.5168806
2	229	9	0.66483517	-2.6143182
3	64	10	0.90514248	-2.9853788
3	93	11	0.21219828	2.1095787
3	277	12	0.44712203	0.62394705
3	397	13	0.66368029	2.7283877
3	448	14	1.0089075	-0.029893196
4	20	15	0.62040964	1.9952091
4	48	16	0.35194843	-2.8551923
4	165	17	0.45287988	2.2608275
4	206	18	0.65295166	-0.62251742
4	260	19	0.47012153	-1.5765418
4	289	20	0.7179191	-1.0642207
4	393	21	0.71614541	2.4369303
4	426	22	0.32835606	-0.84599433
5	18	23	0.56954111	0.18269316
5	141	24	0.71222928	0.33263058
5	373	25	0.80677423	-2.4408848
5	433	26	0.41796795	-0.36438076
5	438	27	0.58862091	-2.8347381
5	467	28	0.18814362	1.977229
6	129	29	0.91922949	1.9794476
6	140	30	1.0197682	-1.3977024
6	151	31	0.43307135	2.6306565
6	258	32	0.30793134	-1.2637012
6	322	33	0.38441611	1.3846783
7	101	34	0.49983683	0.23524458
7	105	35	0.50247351	1.1714872
7	321	36	0.61934745	-2.882156
7	420	37	0.65730621	-0.95471581
8	74	38	0.51151289	1.4956983
8	309	39	0.44332087	-2.8191117
8	370	40	0.36100291	-1.5597963
9	91	41	0.56457123	-2.43562
9	160	42	0.46972386	-2.0511262
9	242	43	0.72655809	1.5918632
9	441	44	0.44677344	0.44988075
10	69	45	0.53827181	0.0036621969
10	215	46	0.5191471	2.6102782
10	225	47	0.61382843	2.1859106
10	312	48	0.56679991	-0.27781109
11	32	49	0.6506925	1.8237207
11	60	50	0.64912953	-2.0345809
11	98	51	0.58545568	2.5246538
11	115	52	0.72593901	1.1869909
11	227	53	0.69537137	0.41462455
11	386	54	0.97675653	-1.4197927
12	160	55	0.29865378	1.9128966
12	248	56	0.3747057	2.2144679
12	425	57	0.38909456	-3.1252367
12	482	58	0.42160587	0.99347137
13	236	59	0.84953787	2.3763092
13	260	60	0.6982714	1.7521814
13	263	61	0.50440333	0.036003171
13	268	62	0.88878114	-0.90128128
13	289	63	0.57504585	1.1686634
13	400	64	0.61502912	-1.5272088
13	401	65	0.68767051	-2.3238944
14	63	66	0.72321716	-1.9741856
14	88	67	0.85627122	0.1653589
14	136	68	0.85439802	1.0055233
14	251	69	0.55219892	-2.8786279
14	311	70	0.67517114	2.3730992
14	384	71	0.77100117	-1.2485142
14	427	72	0.66932371	-3.1340478
15	45	73	0.60743276	-2.3733482
15	170	74	0.38746153	-0.54558227
15	255	75	0.62678193	2.6464883
15	297	76	0.71265042	1.4162888
15	406	77	0.64551758	-1.5172984
15	442	78	0.51576181	0.67379992
16	139	79	0.22058051	-1.5827569
16	370	80	0.23780918	2.2209298
16	381	81	0.61516754	-2.7660974
16	486	82	0.5896844	0.9168175
17	67	83	0.77763835	2.7638613
17	154	84	0.96797496	-0.38884345
17	193	85	0.51705462	-2.7760267
17	325	86	0.40627451	-1.8186747
17	372	87	0.84397813	2.1378872
17	398	88	0.60523307	-0.090592206
18	168	89	1.1921005	0.35066905
18	359	90	0.76088111	-1.8534287
18	467	91	0.63822088	3.0327266
18	485	92	0.6256079	-2.7751678
19	36	93	0.11196038	-2.363724
19	61	94	0.80765719	-2.0047442
19	202	95	0.4219564	-2.7879775
19	371	96	0.34587302	1.4136435
19	373	97	0.50769184	0.12036674
19	438	98	0.68979006	0.6245399
20	165	99	0.21857111	-1.7214769
20	293	100	0.52475024	2.9128409
20	393	101	0.30733746	-2.8051385
21	68	102	0.48670933	0.87660948
21	287	103	0.60075679	1.7838742
21	302	104	0.69441413	-2.2194051
21	309	105	0.38367284	-0.42171349
22	288	106	0.59173053	2.1655459
22	357	107	1.7713264	-2.102829
22	418	108	1.3219242	0.73439259
22	435	109	0.66365861	0.93013167
22	464	110	0.94910027	1.1795752
23	36	111	0.3979717	-2.5297837
23	350	112	0.4415453	0.076087062
23	371	113	0.27117281	2.3569373
23	438	114	0.40310738	0.67955542
23	440	115	0.59613655	-1.4673788
24	77	116	0.84129714	0.38463107
24	230	117	0.84518815	0.94208915
24	234	118	0.48702096	-0.80084164
24	294	119	0.50229231	3.1240596
24	345	120	0.71799953	-1.6639582
24	434	121	0.99143651	-2.8671455
25	108	122	0.68611836	-2.4101102
25	117	123	0.40276271	-0.73941658
25	121	124	0.65650181	0.56071373
25	363	125	0.53724847	2.1645134
26	31	126	0.84103981	-0.26737838
26	124	127	0.65233083	-2.8209918
26	153	128	0.38329261	1.2164978
26	417	129	0.41294415	-1.4749489
26	440	130	0.61248121	2.4502993
27	111	131	0.77725681	-1.015872
27	227	132	0.74562597	2.0036673
27	296	133	0.32407898	0.68448539
28	131	134	0.46169372	-0.90072611
28	188	135	0.50891304	0.2401351
28	209	136	0.80499507	-2.0280478
28	210	137	0.80066046	-2.9427719
28	229	138	0.46056001	1.8249726
29	61	139	0.38525396	-3.0848172
29	288	140	0.82680091	-2.1379091
29	445	141	0.4865067	1.3522199
29	464	142	0.39788726	-0.89366781
29	500	143	0.82425657	0.58092754
30	96	144	0.57266865	-0.5528021
30	178	145	0.77407268	-0.13831421
30	226	146	0.60750404	0.7543385
30	312	147	0.93343569	2.9316168
30	439	148	0.25602486	-2.7976713
30	499	149	0.48050183	2.6619692
31	136	150	1.024934	-2.2959655
31	153	151	0.89347177	2.4326294
31	199	152	0.82163238	-1.4360348
31	359	153	1.0168941	1.691076
31	417	154	0.79440775	-2.9015797
31	434	155	1.3600029	0.078411321
31	459	156	0.76057045	-0.223045
31	484	157	0.49732878	-0.74343548
32	98	158	0.42881415	-2.3948257
32	115	159	0.43679105	0.098912684
32	122	160	0.59687629	1.0999848
32	299	161	0.44063887	2.0853548
33	128	162	0.70196811	0.49599844
33	139	163	0.62692812	1.0478421
33	149	164	0.65994006	0.14169265
33	242	165	0.87847329	-2.9931752
33	342	166	0.45089412	-1.0219999
33	381	167	0.5961305	2.0156943
33	441	168	0.80114886	-2.1690261
34	155	169	0.8440233	-1.3385194
34	357	170	0.83223168	1.5531693
35	38	171	0.72690344	0.87167493
35	115	172	0.7340347	-2.3577909
35	122	173	0.68440819	-3.0986094
35	169	174	0.87392407	2.4084293
35	184	175	0.64795805	0.0047684782
35	227	176	0.92433871	-1.7395509
35	237	177	1.0348782	-0.73275522
35	420	178	0.98495035	1.5178453
36	185	179	0.53182618	-1.6931654
36	202	180	0.32322432	-2.9310517
36	371	181	0.44099771	1.2623125
36	440	182	0.53178094	-0.75487941
37	72	183	0.45465076	1.9251391
37	112	184	0.55153347	-1.9088686
37	191	185	0.43644628	1.3256457
37	330	186	0.52950898	0.10216819
37	384	187	0.5403208	2.9693165
37	494	188	0.50963181	-0.75842123
38	63	189	0.56588026	-0.25034706
38	184	190	0.5818792	-1.2560141
38	251	191	0.4846061	0.90610311
38	420	192	0.59604623	2.3425197
38	427	193	0.54482722	1.267302
39	103	194	0.61253654	-2.6107212
39	118	195	0.57635664	-1.0288492
39	319	196	0.54802	0.15292678
39	407	197	0.56829908	1.2312908
39	416	198	0.51664874	2.2568858
40	59	199	0.95140439	2.2935167
40	84	200	0.66999008	1.4889731
40	123	201	0.62805803	-2.8678798
40	151	202	0.56179686	0.44859596
40	208	203	0.98345281	-1.4044543
40	413	204	0.68073928	-0.66342104
41	42	205	0.27938486	-1.0303415
41	149	206	0.24677297	1.1469266
41	181	207	0.63580052	0.90129916
41	218	208	0.42484553	2.8110174
41	290	209	0.34485965	1.1983806
41	339	210	0.69024644	-2.6461468
42	149	211	0.46641808	1.6615162
42	342	212	0.46056228	-3.1125422
43	70	213	0.37803774	-0.13140259
43	113	214	0.57252201	-1.7520701
43	195	215	0.54960282	1.3179688
43	217	216	0.42906924	2.8147508
44	50	217	0.139981	0.52841461
44	125	218	0.81017778	-1.595866
44	208	219	0.84701294	1.8143772
45	166	220	0.55697709	-2.0135228
45	197	221	0.65866125	-1.4737219
45	255	222	0.72896723	1.7287895
45	406	223	0.52122089	-0.44105282
45	473	224	0.69598702	2.8867731
46	331	225	0.44722083	-2.2924641
46	379	226	0.67351687	0.069809888
46	433	227	0.25905363	2.9046479
46	456	228	0.56623821	-2.8768449
46	498	229	0.34429489	-0.51170794
47	283	230	0.66355142	0.2801728
47	418	231	0.4021251	-1.2945754
47	464	232	0.64498687	-2.4817717
47	500	233	0.37368301	1.758864
48	182	234	0.24948397	2.9357508
48	236	235	0.4929491	-1.8838276
48	260	236	0.49957508	-0.83605851
48	292	237	0.61142897	2.7017401
49	129	238	0.18383093	-0.10284936
49	148	239	0.65522701	2.5632372
49	151	240	0.67257881	-1.3146928
49	157	241	0.17659418	2.0862989
50	125	242	0.89174612	-1.7298036
50	208	243	0.81877479	1.979198
50	382	244	0.5145678	0.87308284
51	90	245	0.72413691	-2.1841813
51	152	246	0.68771156	0.23998566
51	280	247	0.60861178	-1.3822692
51	284	248	0.75206162	-2.7184899
51	399	249	0.85163533	0.89533874
51	436	250	0.573978	-0.57246517
51	448	251	0.88731959	2.2265553
52	190	252	0.75917234	2.1668158
52	225	253	0.79071374	-1.0210093
52	318	254	0.63004019	1.4754556
52	332	255	0.46546274	-2.794322
52	351	256	0.62376795	2.78813
52	366	257	0.74246608	-0.49550243
52	451	258	0.4184242	0.13489308
53	235	259	0.26775827	-2.3590279
53	316	260	0.45022851	-1.9161033
53	405	261	0.38145184	1.8888892
53	431	262	0.54194086	2.4596004
54	355	263	0.28915093	1.8383168
54	390	264	0.80931168	-1.79114
54	442	265	0.35360186	-2.3716982
54	480	266	0.85852383	1.5205389
55	113	267	0.74272401	0.97408073
55	201	268	0.74167512	-0.94586869
55	216	269	0.42529743	-0.63455549
55	264	270	0.58311824	-2.0288029
55	291	271	0.52012531	1.8256759
55	365	272	0.62165174	-0.10508012
55	450	273	0.63912578	2.5637813
55	497	274	0.77155322	-3.1111478
56	203	275	0.39895526	1.4769737
56	243	276	0.48365259	2.6616251
56	455	277	0.71250515	-1.8476617
56	458	278	0.49693177	1.6662997
56	461	279	0.23650204	-1.2849465
57	95	280	0.82289351	2.3180891
57	150	281	0.82647238	-1.2586836
57	266	282	0.47914826	0.79650967
57	272	283	0.64176422	-3.1006301
57	279	284	0.69469726	-0.30786717
58	69	285	0.8403224	3.0258651
58	231	286	0.93112535	2.5683532
58	325	287	0.39914485	1.2947344
58	369	288	0.54094063	-0.81488876
58	429	289	1.1352043	-0.12660898
58	439	290	0.37523868	-1.9995485
59	84	291	0.68557702	-0.066874557
59	123	292	0.88367375	-1.5429464
59	148	293	0.68107513	0.91287337
59	150	294	1.1877707	2.6880629
59	388	295	0.67992625	1.9953847
60	98	296	0.93812652	1.7716369
60	214	297	1.1139342	-1.2430613
60	222	298	0.53883673	-2.2941259
60	317	299	0.60727889	2.34164
60	386	300	0.58269289	-0.72197295
61	82	301	0.37592763	-1.8597878
61	185	302	0.23229266	0.5752567
61	202	303	0.58936965	1.6664072
61	288	304	0.678126	-1.6586858
61	343	305	0.84312542	-2.4906053
61	373	306	1.1583264	0.75496633
61	421	307	1.2452324	-2.1417928
61	445	308	0.69787368	0.7921515
62	75	309	0.49520276	-1.4068124
62	76	310	0.94233004	-0.88301245
62	214	311	0.7714088	1.5576318
62	298	312	0.24155016	2.8828313
62	335	313	0.32916956	-0.44534974
62	344	314	0.76401575	2.2126566
63	184	315	0.55329466	-2.2986376
63	262	316	0.6116805	-1.2413255
63	384	317	0.53221626	-0.12459012
64	159	318	0.57666992	-2.4782383
64	167	319	0.63447063	2.261462
64	194	320	0.71122051	2.8906126
64	397	321	0.49787098	0.95814037
64	447	322	0.59914647	-1.3804824
65	78	323	0.82055523	1.1960482
65	131	324	0.88617959	-2.1412923
65	188	325	0.37759385	-2.3712987
65	228	326	0.99761817	-2.1023094
65	390	327	1.0776504	1.1662044
65	394	328	0.37084282	0.97818244
66	146	329	0.63858478	1.5608521
66	183	330	0.32479315	-0.4086809
66	314	331	0.37114806	-1.0193734
67	106	332	0.72523882	2.3524879
67	193	333	0.52915866	-1.1002015
67	362	334	0.6426456	3.0610823
67	372	335	0.50327241	1.005822
68	74	336	0.51166574	0.23562711
68	110	337	0.60728536	1.6200773
68	287	338	0.48746498	2.6891585
68	309	339	0.53252561	-1.4980948
69	225	340	1.022676	2.6314807
69	231	341	0.411324	1.4430116
69	439	342	0.80792765	-0.57341737
70	71	343	0.58320387	0.4801846
70	113	344	0.70162154	-2.320294
70	195	345	0.62820588	1.9581526
70	463	346	0.60079384	-0.59171214
71	134	347	0.64694567	-0.78256714
71	162	348	0.53587076	1.9617316
71	195	349	0.81660736	2.74922
71	430	350	0.76622016	0.14234855
71	453	351	0.50756452	1.0058019
71	463	352	0.60480544	-1.6015518
72	88	353	0.58390743	1.1737033
72	191	354	0.26369576	-0.011409476
72	384	355	0.50170974	-2.4137149
73	249	356	0.16708589	2.5269458
73	297	357	0.67527136	-2.230313
73	355	358	0.39515283	-1.4258982
73	455	359	0.7191879	1.6688149
73	480	360	0.2576322	0.81543462
74	110	361	0.71795597	2.3959399
74	166	362	0.66172503	0.32740965
74	309	363	0.79610262	-2.1850705
74	473	364	0.9118918	1.3590253
74	486	365	0.75507511	-0.90184261
75	135	366	0.16595332	0.27864963
75	220	367	0.80848579	-0.61345518
75	298	368	0.63381477	2.0897427
76	215	369	1.0877783	-0.53982682
76	220	370	0.26773453	-1.0042652
76	238	371	0.23333279	0.33773129
76	270	372	0.51316289	-2.0272011
76	335	373	0.65912	2.0453063
77	221	374	0.36361436	-0.59270715
77	230	375	0.46402446	2.2260946
77	261	376	0.65114263	0.29914335
77	423	377	0.83114954	1.3178561
77	469	378	0.8260514	-1.3869494
78	125	379	0.86585712	2.1487392
78	235	380	0.69701311	0.57399662
78	316	381	0.63912662	0.22664376
78	390	382	0.2586222	1.0713881
79	95	383	0.64945977	-2.899598
79	247	384	0.51262611	-0.13711314
79	266	385	0.49316942	-1.0064659
79	389	386	0.2736399	2.063216
80	87	387	0.72986207	1.0885837
80	126	388	0.29250967	-2.030556
80	144	389	0.5598929	-1.7568408
80	282	390	0.57885702	-0.91996915
80	329	391	0.24464825	2.4521431
80	488	392	0.094552486	-1.8659619
81	224	393	0.65199882	2.8320239
81	233	394	0.45414584	0.096244195
81	248	395	0.43047138	-0.65926883
81	274	396	0.66441048	1.0511976
81	346	397	0.55539691	-2.460684
82	105	398	0.76505889	-2.3404802
82	124	399	0.6094677	0.088947011
82	185	400	0.57281925	1.0153927
82	415	401	0.4410172	-1.4684592
83	346	402	0.54535038	1.0228967
83	354	403	0.46121623	2.4238205
84	148	404	0.64304216	1.9999733
84	151	405	0.61940808	-0.75416551
84	157	406	0.42683648	1.0989194
84	479	407	0.43166923	0.1301362
85	90	408	0.48942619	-0.019775812
85	178	409	0.182435	-2.4061216
85	226	410	0.60925469	2.4246199
85	284	411	0.35139548	0.89272608
86	95	412	0.99475421	0.14541766
86	272	413	1.0247565	-0.49384925
86	356	414	0.59449753	1.3714759
86	379	415	1.0253215	3.1067314
86	454	416	0.46357197	-2.7031192
86	476	417	0.67888498	-1.360761
86	487	418	0.93970465	2.6854046
87	126	419	1.0223191	-2.0465851
87	244	420	0.53681822	-1.4202178
87	273	421	0.62274952	1.2800708
87	313	422	0.24821953	-2.3779102
87	321	423	0.30499453	1.5982346
87	326	424	0.84457135	1.1344777
87	421	425	1.089893	0.80916419
87	443	426	0.7124356	-2.2762794
88	136	427	0.69767375	2.1586889
88	145	428	0.59969039	-0.79312247
88	199	429	0.66868248	0.92346856
88	310	430	0.26654565	-1.1474973
88	338	431	0.78084795	-0.17325842
89	100	432	0.67530228	-0.27925353
89	168	433	0.80364664	-2.8875038
89	175	434	0.19864372	-0.98217327
89	269	435	0.22529259	0.49533274
89	300	436	0.4600024	-3.028944
89	315	437	0.19977522	2.2709993
89	340	438	0.67490087	0.010561187
90	178	439	0.63469898	-2.963043
90	280	440	0.53093309	-0.01073266
90	354	441	0.32886761	-1.3777941
91	160	442	0.21844972	-0.2323051
91	212	443	0.3300542	3.1190892
91	334	444	0.54266481	-2.6939786
91	404	445	0.39620234	1.5311363
92	169	446	0.48075951	-1.5686169
92	321	447	0.40429288	2.3218135
92	420	448	0.70733033	-0.11624569
92	492	449	0.42355203	3.062593
93	172	450	0.35639561	1.4009329
93	277	451	0.47833581	0.16610885
93	397	452	0.50602858	2.9740975
94	298	453	0.59280333	-0.66025479
94	344	454	0.30741443	0.65218884
94	460	455	0.52882759	1.5383014
95	100	456	0.62214243	1.926344
95	266	457	0.9316336	-0.28402698
95	272	458	0.63520672	-1.7001571
95	356	459	0.97121062	2.6730544
95	389	460	0.63921366	0.66964625
96	127	461	0.42654121	-2.7340607
96	178	462	0.34005341	0.60700269
96	354	463	0.96712781	-0.016615001
96	439	464	0.75929404	2.8553773
97	385	465	0.52254467	-2.6451096
97	391	466	0.40647012	-0.54566673
97	475	467	0.48466188	1.3812328
98	299	468	0.68191663	1.4268197
98	317	469	0.53814632	-2.0247025
98	323	470	0.41251521	2.4410545
98	341	471	0.76959634	1.8122181
99	165	472	0.64023739	-0.3168349
99	247	473	0.3681866	-1.4417331
99	293	474	0.1879293	0.80615226
99	389	475	0.59225357	-3.0504117
99	410	476	0.53866652	-0.65095723
99	462	477	0.62865073	2.8076917
100	269	478	0.53788192	2.565025
100	340	479	0.19497076	1.4384874
100	356	480	0.66587361	-2.9226143
100	389	481	0.74156607	-0.25417656
100	462	482	0.71737653	0.10262294
101	105	483	0.45225908	2.2689594
101	311	484	0.66172254	-0.1301766
101	415	485	0.53963358	1.0105751
101	420	486	0.66155085	-1.732105
102	156	487	0.40967351	-0.59105643
102	176	488	0.56324179	-2.3406837
102	337	489	0.40011282	0.84621427
102	444	490	0.48596198	2.1363747
103	111	491	1.0908449	1.9351319
103	118	492	0.84569981	-0.21890156
103	146	493	0.81819412	-2.6075011
103	167	494	0.89660906	-0.66094273
103	192	495	0.70661685	-2.1503783
103	194	496	0.96095473	-1.1149337
103	271	497	1.0070217	2.7590436
103	416	498	0.73775225	1.2949639
104	278	499	0.34134026	1.1857824
104	304	500	0.39846959	-3.0605141
104	380	501	0.3458831	-1.5810309
105	273	502	0.69103311	-2.6435818
105	326	503	0.45801354	-2.7817893
105	415	504	0.5879798	0.18940637
106	161	505	0.52903399	3.0198503
106	362	506	0.48084259	-1.8437995
106	372	507	0.78549916	-0.11438501
106	472	508	0.9638757	2.2441801
107	206	509	0.46697572	2.0974206
107	219	510	0.57686355	-1.2325985
107	263	511	0.38021004	-1.9417812
107	289	512	0.44532292	2.7820801
107	437	513	0.23891058	-2.0808825
108	177	514	0.62264109	-2.1475714
108	295	515	0.6661507	-0.75216216
108	308	516	0.79594442	2.481818
109	154	517	1.0719862	-2.9639124
109	224	518	0.49474022	-1.9385444
109	274	519	0.77754471	-0.10768875
109	361	520	0.91826537	0.80888197
110	121	521	0.84919991	2.9723964
110	287	522	0.56716656	-2.3749636
110	376	523	0.72441214	1.8030224
110	473	524	0.8250355	0.51230479
111	271	525	0.84349526	-2.2741127
111	296	526	0.87991126	1.7518496
111	327	527	0.7928292	1.2024326
111	416	528	0.66586184	-0.48321486
112	239	529	0.6103079	-2.2909307
112	262	530	0.68694344	2.9950656
112	384	531	0.70552939	2.0888903
112	450	532	0.62075361	-0.43019741
112	494	533	0.57836738	0.29797808
112	497	534	0.71173235	-1.0912652
113	217	535	0.763641	1.9790044
113	291	536	0.55962514	-2.9418327
113	365	537	0.70863755	-1.2834043
113	395	538	0.56603964	2.6516806
113	396	539	0.78954365	-0.51073438
114	230	540	0.48098117	-1.3380424
114	259	541	0.60418967	3.0277991
114	423	542	0.60252254	-0.051834913
115	122	543	0.51555177	1.8943373
115	227	544	0.53609264	-0.82283324
116	253	545	0.43511327	1.1789659
116	286	546	0.55759853	-0.58554237
116	317	547	0.37510951	-1.2740987
116	323	548	0.39202396	1.4935084
117	121	549	0.67217388	1.1762291
117	250	550	0.29589406	0.49738391
117	257	551	0.32291729	-0.75092432
117	295	552	0.7181429	-2.035362
118	167	553	0.38517464	-1.8814017
118	397	554	0.72746097	-0.66430339
118	495	555	0.72144659	0.16203873
119	130	556	0.42897816	-0.10037189
119	409	557	0.53912917	-1.4334618
119	459	558	0.35149501	1.703818
119	484	559	0.45901722	2.7385729
120	292	560	0.45572175	-0.9522039
120	293	561	0.41728571	0.37325346
120	393	562	0.61334337	-0.11158265
120	412	563	0.56701265	2.8756015
120	423	564	0.64944994	-2.210735
120	462	565	0.40259705	2.5558142
121	147	566	0.90091557	1.340701
121	250	567	0.47934955	-1.5673495
121	257	568	0.84115343	-1.5973321
121	287	569	0.68662029	-0.89672319
121	363	570	0.86192061	3.0297649
121	376	571	0.87474831	0.69767235
121	378	572	0.88250903	2.1912346
122	169	573	0.61522187	1.5148572
122	299	574	0.50967883	-2.8462401
122	496	575	0.42206433	2.4773835
123	150	576	1.7786555	2.2320622
123	208	577	1.1087166	-0.80618789
123	471	578	1.617212	-1.3104856
124	185	579	0.52930196	2.1849484
124	198	580	0.58002012	-1.1013024
124	415	581	0.74749524	-2.4216606
124	417	582	0.68991941	-0.30241358
124	440	583	0.61396382	1.3286457
125	265	584	0.94871224	-2.4153391
125	431	585	0.84761182	0.21839371
125	471	586	1.0208804	2.1226896
126	144	587	0.28928763	-1.4799972
126	253	588	0.72561323	-1.6570308
126	323	589	0.76053104	-1.8347038
126	341	590	0.26157363	-1.829904
126	443	591	0.36645023	1.5535533
127	369	592	0.38185751	1.0492154
127	439	593	0.5103393	2.2915451
128	139	594	0.36916599	2.5395656
128	149	595	0.24354544	-1.4226453
128	228	596	0.70946415	0.89993843
129	148	597	0.82297804	2.6656738
129	322	598	0.63826886	-0.81791958
129	437	599	0.76599498	2.1089292
129	466	600	0.26571322	0.72232175
130	205	601	0.66407738	-0.30058668
130	211	602	0.625441	-1.1582128
130	409	603	0.60478435	-2.1940702
130	434	604	0.68083153	1.3627025
130	459	605	0.61426185	2.4508022
131	181	606	0.65212523	-1.7856996
131	188	607	0.52562699	1.1648179
131	209	608	0.73636469	-2.6301053
131	228	609	0.11731101	-1.8034756
131	303	610	0.51678841	-1.8513064
132	268	611	0.57843589	0.8693609
132	377	612	0.45637066	-0.63866411
132	400	613	0.54579612	1.8520862
132	428	614	0.58335865	2.8438858
132	444	615	0.76624902	-1.7470133
133	137	616	0.53335012	-2.0581849
133	218	617	0.67575821	0.49860343
133	274	618	0.76826797	-3.0148598
133	339	619	0.41355676	-0.35284377
133	353	620	0.59007263	1.5268706
134	275	621	0.59710143	-1.7851567
134	385	622	0.65482785	-0.6481814
134	430	623	0.6394553	1.0829696
134	463	624	0.49987371	-2.840265
135	158	625	0.53714203	1.7216348
135	220	626	0.71605272	-0.79485013
135	298	627	0.69233457	2.3247127
135	332	628	0.54103031	-0.16754827
136	198	629	0.55601137	2.6418927
136	199	630	0.79159409	-0.059580203
136	311	631	0.97621776	-2.8802742
136	417	632	0.58545244	1.7283103
137	233	633	0.42131374	-2.754776
137	248	634	0.6851048	-2.3930573
137	274	635	0.63439895	2.5108336
137	339	636	0.71740219	0.47537422
137	441	637	0.2730116	0.48059898
137	482	638	0.41537722	-1.6841568
138	446	639	0.60785433	-2.4490472
138	454	640	0.47393366	0.56539736
138	468	641	0.68430017	-3.1036624
138	476	642	0.9848043	-0.21826092
138	498	643	0.63695841	2.7023127
139	381	644	0.56969048	-3.1327497
139	486	645	0.77764471	1.0874996
140	180	646	0.81874948	-1.3344281
140	258	647	0.71578058	1.6863831
140	382	648	0.42854117	-2.1680755
140	413	649	0.76163951	2.3281758
140	461	650	0.52014938	1.3408894
140	470	651	1.1028373	-1.4236906
140	480	652	0.49132888	-1.3573207
141	433	653	0.47481918	-2.2084448
141	487	654	0.82229627	-0.020814387
142	173	655	0.36327654	1.0461251
142	281	656	0.63717683	0.24606026
142	319	657	0.54826035	-3.0423248
142	392	658	0.44299936	2.4742607
142	495	659	0.52104919	-1.7208687
143	148	660	0.97573226	-0.97619685
143	247	661	0.89221587	2.3271278
143	266	662	0.90813434	2.8022053
143	279	663	0.58570648	-2.6992089
143	349	664	0.39145082	-1.417873
143	410	665	0.72549509	1.8950825
143	426	666	0.50489491	0.44980265
143	437	667	1.0307622	-0.53732748
144	174	668	0.51504178	-1.1438661
144	253	669	0.4437811	-1.7720855
144	282	670	0.46303456	0.19495992
145	191	671	0.39955824	-2.8518037
145	217	672	0.64553077	-0.57412827
145	310	673	0.36173164	2.6070351
145	330	674	0.48505046	-1.4925331
145	338	675	0.45503105	0.69872556
146	192	676	0.36217574	-0.50338475
146	238	677	0.58836344	-1.8582199
146	241	678	0.5090887	-2.7519383
146	271	679	0.82511666	1.8532679
147	232	680	0.56865083	0.27822708
147	256	681	0.41099993	-0.20183378
147	376	682	0.56166521	-0.59582545
147	378	683	0.73596749	-2.9236369
147	385	684	0.77722018	2.1368908
147	391	685	0.79603484	1.0587265
148	157	686	0.50489071	-0.4170928
148	349	687	0.64396552	2.4282519
148	388	688	0.70120574	3.0263296
148	437	689	0.44005952	0.69167662
149	181	690	0.4009502	0.7510739
149	228	691	0.89367871	1.1003448
149	342	692	0.63496872	-2.2895903
150	272	693	1.1743264	2.4374211
150	279	694	0.70603057	0.9542369
150	388	695	0.79381723	0.12522119
150	476	696	1.7551041	2.8035588
151	258	697	0.69066607	-0.82067231
151	413	698	0.66354654	-1.5253629
151	479	699	0.48068559	1.6195631
152	242	700	0.76671529	0.39403417
152	399	701	0.51917064	1.8348749
152	436	702	0.50937973	-1.94361
153	350	703	0.69530164	1.9020301
153	440	704	0.60563921	3.090399
154	224	705	0.91850036	-0.30086171
154	325	706	0.99575524	-3.1145952
154	398	707	0.42814734	2.3243801
154	429	708	0.55468846	-1.5312483
155	307	709	0.9111484	2.3721963
155	357	710	1.663187	1.6790048
155	375	711	1.1124877	-1.5842571
155	403	712	0.70900686	-2.6335159
155	472	713	1.7297093	-1.0020713
156	213	714	0.33532041	-0.38484662
156	305	715	0.28326024	-2.6578389
156	336	716	0.71383341	-1.9448645
156	337	717	0.53317796	1.7118728
156	493	718	0.5398281	0.87357582
157	479	719	0.39980326	-0.9455711
158	298	720	0.39406764	-3.0747483
158	332	721	0.87360031	-0.79114453
158	351	722	0.5279503	-0.48672403
158	368	723	0.88174019	1.6858893
158	432	724	0.65942471	2.3560474
159	194	725	0.58116419	1.9862511
159	223	726	0.36270719	-1.9673965
159	348	727	0.58378593	-3.1198561
159	447	728	0.61375867	-0.38981101
160	334	729	0.72565289	-2.8843995
160	347	730	0.61260282	-2.5446742
160	425	731	0.40769409	-2.358177
160	441	732	0.86991723	0.77848004
160	482	733	0.33803513	0.21441865
161	318	734	0.58773826	2.6945277
161	362	735	0.6591082	-0.92728296
161	451	736	0.36209502	-2.0762553
161	472	737	0.6934063	1.6806033
162	195	738	0.58003946	-2.8202772
162	211	739	0.51128802	2.1933917
162	276	740	0.44629529	0.91822281
162	453	741	0.48060975	-0.13934964
163	259	742	0.78535437	1.0227145
163	434	743	0.88294068	-1.9550103
164	186	744	0.44878445	0.75521544
164	244	745	0.66485557	-2.3760574
164	357	746	0.8210778	-1.2758108
164	421	747	0.88007053	1.3505812
165	293	748	0.58397496	2.530448
165	410	749	0.22013812	-2.5270336
165	426	750	0.78112088	-0.86615114
166	197	751	0.3386242	-0.46644167
167	194	752	0.4227219	-2.3098727
167	397	753	0.69530853	-0.11783761
168	175	754	0.88889582	0.041405176
169	313	755	0.53890606	2.5517639
169	420	756	0.80690255	0.51684036
169	477	757	0.56622578	-2.7567948
169	492	758	0.66599564	2.2595273
169	496	759	0.50977235	-2.3737405
170	390	760	0.15026514	-0.1384773
170	406	761	0.53361987	-2.1603662
170	442	762	0.5277859	1.4342693
171	361	763	1.6275213	0.022814855
171	372	764	1.4351211	2.9579122
171	387	765	0.70368041	3.1168293
171	398	766	0.61680157	-2.1837947
172	277	767	0.49337099	-0.5843589
172	397	768	0.61962649	-2.6962679
172	424	769	0.59185267	0.55669432
172	474	770	0.41113194	1.3517144
172	495	771	0.51493425	2.5245024
173	281	772	0.46416628	-0.35009986
173	367	773	0.53900158	1.1263775
173	392	774	0.5314666	-3.0657999
174	253	775	0.30390098	3.0295084
174	282	776	0.60829032	1.1634394
174	286	777	0.67631193	-1.5758914
174	307	778	0.59089007	-0.36253082
175	204	779	0.71445544	-0.063143093
175	259	780	0.59113636	-1.5739782
175	340	781	0.59029147	0.29627423
176	189	782	0.92175094	-1.9564803
176	278	783	0.66149688	2.2413875
176	305	784	0.48350284	0.091896454
176	336	785	0.67874266	-0.80308179
176	380	786	0.56159074	-2.8823478
176	444	787	0.82525217	1.4106243
177	295	788	0.82866872	0.080682792
177	308	789	1.05042	1.8498747
177	358	790	0.56323573	-0.86461211
177	424	791	0.78732168	-2.9719013
177	448	792	1.0332465	-1.7867609
178	226	793	0.61500047	2.1256176
178	354	794	0.7190479	-0.29642686
179	190	795	0.39101286	0.31456815
179	351	796	0.36079931	-0.94004185
179	478	797	0.46033768	1.5696656
180	382	798	0.61830877	2.3460185
180	405	799	0.66765523	-1.2280746
180	431	800	0.65408914	-1.688869
180	470	801	0.29647193	-1.6724316
181	228	802	0.53483682	1.3597918
181	290	803	0.32226724	-2.5589095
181	303	804	0.14059201	1.5992732
182	236	805	0.528135	-1.3949044
182	246	806	0.33326505	-2.7656237
182	292	807	0.37325524	2.5461236
183	192	808	0.59346509	1.527723
183	314	809	0.21383641	-2.0765715
183	348	810	0.53522761	-0.42996401
184	237	811	0.70584325	-1.3980739
184	262	812	0.58974128	-0.28477689
185	440	813	0.48088024	0.34685781
186	288	814	1.0402114	1.0923003
186	357	815	1.0967708	-1.651175
186	421	816	0.5673793	1.810181
187	196	817	0.43276414	0.95672481
187	367	818	0.83137664	0.09852003
187	392	819	0.4499295	-1.4243176
187	402	820	0.24248681	1.858736
187	407	821	0.58114921	-2.5559202
187	457	822	0.73696552	2.8362004
189	232	823	0.63751534	-2.8876158
189	255	824	0.84043405	-0.47941166
189	336	825	0.89614475	0.42033339
189	376	826	0.94203101	-2.4068101
189	380	827	0.73664848	1.8402063
189	391	828	0.86100587	2.68764
189	473	829	0.95065359	-1.3729384
190	318	830	0.48614225	-0.0022512279
190	351	831	0.44196487	-1.9389081
190	375	832	0.77911633	1.5790049
190	478	833	0.50302086	2.4011219
191	310	834	0.30693693	1.3352526
193	231	835	0.51544439	-2.9699252
193	325	836	0.43650855	-0.49934189
194	348	837	0.64672165	-2.1409707
195	211	838	0.64950204	1.172016
195	217	839	0.67177955	-2.514168
195	338	840	0.77833704	2.8160788
195	409	841	0.76590324	2.0477398
196	254	842	0.50315195	2.8955568
196	264	843	0.48220795	0.82171905
196	367	844	0.63875875	-0.43974835
196	402	845	0.34051809	-2.7776916
196	408	846	0.43167694	2.057327
197	406	847	0.59463886	0.81578844
197	452	848	0.33375914	-1.0218866
197	486	849	0.79907079	-2.1853695
198	311	850	0.6899616	-2.290988
198	417	851	0.50415895	0.66673835
199	338	852	0.76166625	-1.0696867
199	409	853	0.78808992	-0.3047873
199	484	854	0.54173303	1.0791968
200	241	855	0.51079125	-1.3408964
200	271	856	0.6052094	0.93918809
201	216	857	0.36113595	1.8266739
201	264	858	0.69617872	3.0286185
201	308	859	0.85056977	-0.97775479
201	365	860	0.56708806	1.2397648
201	367	861	0.70300268	-2.2509372
201	489	862	0.77965354	0.17805026
203	322	863	0.31764973	2.226694
203	360	864	0.69927146	2.2360493
203	458	865	0.12916835	2.2865929
203	461	866	0.62479387	-1.523866
204	340	867	0.26327371	2.1698905
204	374	868	0.42023863	1.289885
204	412	869	0.32871332	0.073443828
204	423	870	0.80895068	-0.92464662
205	211	871	0.53732112	-2.365638
205	245	872	0.547063	-0.1988983
205	276	873	0.47489062	-1.169161
205	345	874	0.57330976	0.81337343
206	426	875	0.340625	2.7343735
206	437	876	0.62348244	-1.3802876
207	278	877	0.64533446	-1.4359582
207	352	878	0.75192097	2.2447544
207	428	879	0.61784256	1.2307191
207	444	880	0.71686315	-0.49897999
207	465	881	0.59866959	-2.7380182
208	382	882	0.74669787	-0.49867277
208	413	883	0.66539191	0.97479132
208	471	884	0.83963185	-2.0024435
209	210	885	0.70904056	2.2214941
209	218	886	0.7016193	-2.0021693
209	290	887	0.51076296	-1.0949727
209	303	888	0.51729286	-0.26634959
209	353	889	0.93746533	-2.7347227
210	229	890	0.90131494	0.73424284
210	265	891	1.5521408	1.1257381
210	353	892	1.0298723	-2.0030571
210	361	893	1.6153502	-2.5700417
211	276	894	0.57239477	-0.10635386
211	409	895	0.60932626	3.0067886
212	280	896	0.51845421	3.0844581
212	334	897	0.28993875	-2.1521937
212	404	898	0.51999897	0.8436099
212	436	899	0.34991062	2.0113056
213	249	900	0.38981799	-0.71493561
213	336	901	0.78539041	-2.3859514
213	455	902	0.51217678	0.79000949
213	493	903	0.54092088	1.5045198
214	271	904	0.74789048	-0.087664406
214	335	905	0.95715183	-1.2663644
214	344	906	0.49397826	-2.8130735
214	386	907	0.67417522	1.4537374
215	220	908	0.85683788	2.7421878
215	223	909	0.6848072	-0.16421125
215	225	910	0.25592298	1.1973493
215	312	911	1.0772521	-0.39897084
215	419	912	0.14847318	2.3319383
216	365	913	0.33310488	0.59577363
217	330	914	0.52135104	-2.8836825
217	338	915	0.67179475	1.8631721
217	395	916	0.47683545	-1.9951304
218	290	917	0.55828183	0.33457262
218	339	918	0.50931609	-1.9859149
218	353	919	0.62696603	2.7028146
219	263	920	0.38004694	2.6185452
219	268	921	0.59601615	-2.0631331
219	360	922	0.56534913	-1.046414
220	225	923	0.88785398	-0.10710858
220	270	924	0.43805705	-2.576083
220	332	925	0.42207365	1.4950579
220	383	926	0.61791343	-2.3109635
221	261	927	0.50876156	0.88895975
221	469	928	0.62735207	-1.8131881
222	317	929	0.84215764	1.6498048
222	344	930	0.84711788	-1.274105
222	460	931	0.46858595	-1.526985
222	481	932	0.19084135	1.5263949
223	312	933	0.44100267	-0.76853082
223	348	934	0.54801896	2.513843
223	419	935	0.80836176	2.8666672
223	447	936	0.71503769	0.14217322
223	499	937	0.85086921	-0.33453849
224	274	938	1.0233165	0.37844463
224	346	939	0.58006571	-1.2380692
224	429	940	0.90062066	-2.8230449
225	231	941	0.94930503	-0.096405706
225	332	942	0.99495643	2.5966217
226	284	943	0.69138775	-0.18427164
226	447	944	0.98270273	2.9507678
226	448	945	1.2097505	0.82106606
226	499	946	0.89044605	-2.9216203
227	296	947	0.73529806	-0.69690021
228	452	948	0.75310079	1.231065
228	486	949	0.51412125	2.4140014
229	265	950	0.79703665	1.5718851
230	423	951	0.656997	0.72727115
231	325	952	0.89925174	-0.13493217
231	362	953	0.71597962	2.1181637
231	366	954	0.81673031	2.612075
232	256	955	0.27872747	-2.1142383
232	376	956	0.47844484	-1.7428243
232	391	957	0.56012562	1.8544125
233	248	958	0.32701997	-1.9196498
233	274	959	0.54689332	1.7960359
234	345	960	0.54596428	-2.4087721
234	469	961	0.60976257	-0.24315228
235	316	962	0.23782662	-1.4125703
235	405	963	0.55561188	1.4434426
236	246	964	0.56571232	2.3621738
236	252	965	0.73180495	-1.933237
236	260	966	0.49654088	0.19929841
236	261	967	0.64014351	-3.0898055
236	364	968	0.44085437	1.5618088
237	239	969	0.72237159	-0.040735612
237	262	970	0.6915751	0.8723937
237	296	971	0.77937145	-2.0518921
237	327	972	0.8210223	-1.4691914
237	414	973	0.70038242	-0.85992125
238	241	974	0.47960595	2.257691
238	314	975	0.52764028	-0.8330946
238	335	976	0.7285766	2.3681528
238	419	977	0.80777691	-0.71389253
239	262	978	0.62397535	2.0309398
239	328	979	0.53172665	-1.0967758
239	414	980	0.56695058	-2.0567091
239	497	981	0.75097863	-0.23201341
240	328	982	0.43254188	0.70074924
240	414	983	0.30679076	2.1852681
240	457	984	0.40872529	-1.4443812
241	335	985	0.25738245	2.5750416
242	302	986	0.91990884	1.7382852
242	381	987	0.90614102	0.82890945
242	399	988	0.8684597	2.9011387
242	404	989	0.80274689	-2.0904295
242	441	990	0.67642817	-0.90536788
243	268	991	0.86864574	2.2270941
243	301	992	0.51157235	1.5516512
243	360	993	0.72486651	1.5228384
243	377	994	0.53751036	-3.0936876
243	455	995	0.93840454	-1.3185055
243	458	996	0.46824996	0.61808785
243	493	997	0.7383514	-1.6935644
244	282	998	0.58045358	-1.6887317
244	329	999	0.60906186	3.0763132
244	357	1000	0.7881669	-0.42491803
244	488	1001	0.49187926	-2.7086693
245	276	1002	0.48081965	-2.3880023
245	345	1003	0.54364296	1.835795
245	449	1004	0.64717607	-0.14114041
245	491	1005	0.47286938	-1.2329845
246	261	1006	0.49159338	-2.0735782
246	292	1007	0.33172551	1.5678582
246	364	1008	0.40865736	0.10595053
246	423	1009	0.67608266	2.8689501
247	266	1010	0.42392499	-2.1842264
247	389	1011	0.70911417	2.6872708
247	410	1012	0.38308577	0.10124782
248	346	1013	0.776576	-3.0306984
248	425	1014	0.34733585	-2.0630908
248	482	1015	0.45812072	0.11715433
249	297	1016	0.68832212	-1.9853716
249	455	1017	0.62290206	1.4644406
250	257	1018	0.36230441	-1.6370053
251	427	1019	0.19416447	2.347444
252	261	1020	0.75380867	2.0988648
252	352	1021	0.885883	-1.7784014
252	401	1022	0.57120535	-0.79048783
253	286	1023	0.7704863	-1.1728996
253	323	1024	0.13636042	-3.0587536
254	328	1025	0.46788154	1.977621
254	402	1026	0.29704822	-0.9623926
254	408	1027	0.38599233	0.73568311
254	457	1028	0.52949067	-2.6398327
255	297	1029	0.77608118	0.55108011
255	336	1030	0.75681716	1.4749209
255	473	1031	0.78019546	-2.3692182
256	376	1032	0.24098282	-1.3096226
257	287	1033	0.54402757	0.59384271
257	295	1034	0.69928461	-2.4942797
257	302	1035	0.85103626	-1.3835197
260	289	1036	0.38479853	-0.42209863
261	423	1037	0.73967659	2.1651976
262	384	1038	0.60977523	0.99858961
263	268	1039	0.71664601	-1.504458
263	289	1040	0.58222623	2.070561
264	367	1041	0.6730572	-1.1908445
264	408	1042	0.5309647	3.087974
264	497	1043	0.71629299	2.3698477
265	471	1044	1.5093994	1.4552128
266	279	1045	0.64250781	-1.0368206
267	352	1046	0.38115405	1.7151009
267	465	1047	0.46576502	-1.8673854
268	301	1048	0.5680178	-0.316353
268	377	1049	0.71396297	-1.5804
268	400	1050	0.53122394	2.9857198
269	315	1051	0.33012073	3.0027634
269	356	1052	0.48099272	-1.9974444
270	383	1053	0.22641308	-1.7793126
271	386	1054	0.99207594	2.3071655
272	476	1055	0.78136392	-2.9114897
273	321	1056	0.34645835	-2.1405116
273	326	1057	0.24563005	0.75781244
274	353	1058	1.0451804	0.71673642
274	361	1059	0.76078523	1.7547413
275	378	1060	0.71679945	-1.064935
275	385	1061	0.67573969	0.28207425
275	396	1062	0.65117171	-2.9416037
275	463	1063	0.55859424	2.2487122
275	490	1064	0.49318517	-2.3237051
276	453	1065	0.46854802	-1.1180843
276	491	1066	0.52069819	-0.22690439
277	424	1067	0.59193403	1.4164803
277	448	1068	0.70829382	-0.42397534
278	380	1069	0.67519327	-1.7671672
278	444	1070	0.61838718	0.4999366
278	465	1071	0.75478728	2.5762015
279	349	1072	0.60448271	-0.2271739
279	388	1073	0.6093689	-0.89882044
280	334	1074	0.44985156	-0.64905693
280	354	1075	0.56514431	-2.5459624
280	436	1076	0.46694245	0.66165602
281	308	1077	0.86367618	0.59919111
281	367	1078	0.67738346	1.8771291
281	424	1079	0.69369021	-1.238087
281	474	1080	0.59697215	-1.8886509
282	307	1081	0.82882751	-1.1855165
282	357	1082	0.82561418	0.30954483
282	488	1083	0.52913659	2.3670689
283	331	1084	0.47854298	1.516512
283	418	1085	0.77724773	-2.3176491
283	446	1086	0.73040977	-0.019203504
283	468	1087	0.62104004	0.59507883
285	306	1088	0.24520251	-2.5279146
285	433	1089	0.55168815	0.28291247
285	456	1090	0.24140403	-0.22971701
285	500	1091	0.59102922	-2.0026636
286	307	1092	0.72588708	0.69841529
286	324	1093	0.76691885	-1.4400196
286	403	1094	0.78197354	-0.71397332
286	481	1095	0.7534406	-1.9517046
288	421	1096	0.71755733	-2.5962846
288	464	1097	0.79426469	0.50931405
290	303	1098	0.41389714	0.87569284
291	395	1099	0.38057026	1.4415837
291	450	1100	0.43265696	-2.7770874
291	494	1101	0.49799612	2.557899
292	393	1102	0.45934823	0.72026277
292	423	1103	0.66904079	-2.9159745
293	393	1104	0.31214092	-0.78422759
293	462	1105	0.72744658	3.0446459
294	434	1106	0.53048678	-2.5911027
295	302	1107	0.82753925	-0.52455629
295	320	1108	0.55927598	-1.3700028
295	358	1109	0.67629512	-2.3197469
296	327	1110	0.46143449	-0.27631332
297	336	1111	0.68338146	2.6090345
297	355	1112	0.49195417	0.29418567
297	442	1113	0.48192983	-0.91631686
298	344	1114	0.5939705	1.9572982
298	432	1115	0.49805678	1.7179517
299	341	1116	0.29099368	2.8900911
299	477	1117	0.55007744	1.5759113
299	496	1118	0.43704493	1.2075807
300	315	1119	0.3868207	0.55696902
300	356	1120	0.53484129	-0.54895781
300	483	1121	0.40277846	2.8508028
300	487	1122	0.67501894	-2.4161763
301	360	1123	0.21401454	1.4539205
302	309	1124	0.86561169	0.47561298
302	320	1125	0.61930612	-2.924185
302	381	1126	0.80206351	-0.30262104
302	399	1127	0.98314259	-2.3489308
304	380	1128	0.50326716	-0.67271842
304	391	1129	0.67182084	-1.8484017
304	465	1130	0.76127729	1.7184111
304	475	1131	0.44212265	3.0491035
306	433	1132	0.78763523	0.38419036
306	445	1133	0.73253333	-2.6073822
306	500	1134	0.39833102	-1.6888715
307	357	1135	1.1247414	1.1349057
307	403	1136	0.97944556	-1.5349934
308	363	1137	0.93630398	0.46009634
308	367	1138	0.93112537	2.9702555
308	489	1139	0.89251811	1.2375467
309	370	1140	0.47829063	-0.47910188
309	381	1141	0.6353949	-1.57697
311	415	1142	0.65675965	2.1681094
311	420	1143	0.95014673	-2.5020629
311	427	1144	0.5087259	-1.9406306
312	439	1145	0.72825157	-0.39596949
312	499	1146	0.48740496	0.055759436
313	321	1147	0.50626937	1.2264229
313	477	1148	0.5180447	-1.7199261
314	348	1149	0.59121175	-0.060996238
314	419	1150	0.29073273	-0.49635733
315	356	1151	0.50018739	-1.3122217
317	323	1152	0.75376716	1.6763295
318	375	1153	0.92264832	2.1339185
318	451	1154	0.67209278	-1.0149369
318	472	1155	0.62884824	0.76420221
319	392	1156	0.38335264	1.0292731
320	358	1157	0.57443952	3.04969
320	399	1158	0.57303239	-1.72037
321	411	1159	0.45176454	2.9457347
322	360	1160	0.3816472	2.2438358
322	461	1161	0.90379602	-1.321443
322	466	1162	0.68383348	1.9247971
323	341	1163	0.49896201	1.3043726
324	333	1164	0.55734629	-1.7819178
324	368	1165	0.69714555	-1.0030028
324	403	1166	0.55019474	0.4682179
324	481	1167	0.38496397	2.9826483
326	343	1168	0.68684003	0.95355323
326	421	1169	0.39590569	0.058938659
327	414	1170	0.47062599	0.65328157
327	457	1171	0.70676949	-0.55111566
328	408	1172	0.50124832	-0.34741012
328	414	1173	0.50827497	-3.0860293
328	497	1174	0.57317867	0.55169394
329	488	1175	0.29421965	-0.99069426
330	395	1176	0.43090358	-0.77519569
330	494	1177	0.43384208	-1.940575
331	456	1178	0.31338694	2.4999509
331	468	1179	0.50525197	-0.2596082
331	498	1180	0.6186509	0.27356975
331	500	1181	0.7903188	-2.7601138
332	351	1182	0.40235152	1.9462214
333	368	1183	0.49355969	-0.086795328
333	432	1184	0.46976072	-1.2976035
333	460	1185	0.25676965	-2.9341341
334	347	1186	0.25217899	-0.68609057
334	354	1187	0.82743293	-3.0869906
334	422	1188	0.34231488	-2.403726
337	377	1189	0.59354393	1.6127395
337	444	1190	0.53716172	2.9340367
337	493	1191	0.43673726	-0.26416281
338	409	1192	0.57887951	0.84119819
339	342	1193	0.30020727	0.25324709
339	441	1194	0.4443966	-2.6694282
340	374	1195	0.32392669	0.61292503
340	412	1196	0.5140179	-0.38554447
340	462	1197	0.69823127	-0.1723955
341	443	1198	0.62356552	1.4529123
341	477	1199	0.55318031	1.0421068
342	441	1200	0.74031528	-2.7576088
343	421	1201	0.53678675	-1.5751134
344	460	1202	0.41053084	2.1570935
345	434	1203	0.99338428	2.6757637
345	449	1204	0.99618193	-0.6662795
346	347	1205	0.47809079	-0.61741102
346	422	1206	0.35220312	-1.7378773
346	425	1207	0.64628879	-0.3475921
346	429	1208	1.0781505	2.892119
347	422	1209	0.45391009	-2.9856013
347	425	1210	0.22505378	0.2543661
348	419	1211	0.34979306	-2.8444518
349	388	1212	0.40004722	-2.1222615
350	438	1213	0.25367986	2.0938031
350	485	1214	0.49507847	0.59354428
352	401	1215	0.74431369	0.66777146
352	428	1216	0.67536796	-0.0074939644
352	449	1217	0.9392015	-2.7937267
352	465	1218	0.82663057	-1.6693223
352	469	1219	0.84318672	2.4861011
353	361	1220	0.92919944	3.0755278
354	422	1221	0.60208514	-0.31253101
355	442	1222	0.55417085	-1.896738
355	480	1223	0.59079906	1.3670129
356	487	1224	0.97602178	-2.9678134
358	448	1225	0.82564914	-2.3615108
359	485	1226	0.62840001	2.2040692
360	437	1227	1.0149628	2.1924605
360	458	1228	0.5703054	-0.91698631
360	466	1229	0.34301071	1.5683106
362	366	1230	0.38720276	-2.6023335
362	451	1231	0.60836644	2.788339
363	378	1232	0.7103877	1.0661783
363	489	1233	0.69432341	2.4780088
365	396	1234	0.56946164	0.54174086
365	489	1235	0.70603083	-0.59924385
366	451	1236	0.47373676	2.0984903
368	375	1237	0.72380342	0.094920491
368	403	1238	0.84407625	1.432844
368	432	1239	0.5485694	-2.2986765
368	478	1240	0.51402002	-0.80672023
369	429	1241	0.79545685	0.32006298
369	439	1242	0.52965075	3.0426093
370	381	1243	0.59635192	-2.3721585
370	486	1244	0.57477724	0.50626526
371	438	1245	0.50920355	0.12151969
372	387	1246	0.74863587	-0.33298068
372	472	1247	1.618436	2.5936246
373	433	1248	1.0734453	0.353117
373	438	1249	0.34685413	1.4099165
373	445	1250	0.46166474	-2.4428538
374	412	1251	0.43449871	-1.0628745
375	403	1252	0.9769216	2.237949
375	472	1253	1.0074541	-0.349569
375	478	1254	0.57142421	-2.2634706
377	444	1255	0.69526071	-2.3749248
378	385	1256	0.86916	1.2162996
378	489	1257	0.91136111	-2.9268808
379	433	1258	0.92379546	3.1266227
379	454	1259	0.64813609	-0.3669798
379	487	1260	0.41934688	1.1242673
379	498	1261	0.42967216	-2.6160208
380	391	1262	0.66658765	-2.6193567
385	391	1263	0.80778955	0.047002014
385	430	1264	0.98560612	1.7983006
389	462	1265	0.25998875	1.586712
390	394	1266	0.71670322	-1.8785211
390	406	1267	0.61420067	-2.3823646
390	470	1268	1.0729599	1.3091213
391	475	1269	0.73312589	1.9276745
392	407	1270	0.56374328	2.9200477
394	406	1271	0.34628165	2.2912015
394	452	1272	0.65007775	-2.3608287
395	494	1273	0.47585143	-2.9235254
396	463	1274	0.63360451	1.0991882
396	489	1275	0.6983493	-1.4342053
396	490	1276	0.37910672	-0.6536091
399	448	1277	1.0742369	3.1056129
400	401	1278	0.50972248	2.9185718
400	428	1279	0.53829291	-2.4258167
401	428	1280	0.47475385	-1.378115
404	436	1281	0.50008596	-2.9972006
405	431	1282	0.30212798	-3.0729974
405	470	1283	0.41978831	2.2219839
406	452	1284	0.75476506	-1.8851313
407	416	1285	0.534193	-2.8839487
407	457	1286	0.58516977	1.9535927
408	497	1287	0.47137823	1.5350677
411	492	1288	0.45890834	-0.86753873
412	423	1289	0.68866026	-1.3374297
412	462	1290	0.22400624	0.33443548
414	457	1291	0.69475381	-1.2358099
416	457	1292	0.74144876	1.1572019
418	435	1293	0.68324174	-2.5972592
418	446	1294	1.3757898	0.41630133
418	464	1295	0.61933174	-3.1279011
420	427	1296	0.58587671	0.15895319
424	474	1297	0.42252348	2.9303801
426	437	1298	0.86243205	-1.0477112
430	449	1299	1.0241341	1.2738004
430	453	1300	0.58247728	2.5600096
430	475	1301	0.80810197	-0.2954851
430	491	1302	0.65083567	1.8579129
432	460	1303	0.5499565	2.3286208
433	456	1304	0.36126813	-2.5247711
433	487	1305	1.1633276	0.31860379
434	459	1306	0.6727627	-2.7208719
437	466	1307	0.76341161	-0.68343511
438	467	1308	0.59987784	0.62423915
438	485	1309	0.54014168	0.10596755
441	482	1310	0.61155914	-2.0631242
443	477	1311	0.24970613	-0.60286147
446	468	1312	0.42168049	2.1085529
446	476	1313	1.4399173	0.12174652
449	465	1314	0.94608455	-0.55988517
449	469	1315	0.8612712	1.3190839
449	491	1316	0.60031238	-2.5086349
450	494	1317	0.42883639	1.5971795
450	497	1318	0.44093453	-2.1351043
452	486	1319	0.73389938	-2.6161379
453	491	1320	0.42894464	0.78837414
454	476	1321	0.73023736	-0.69414272
455	480	1322	0.58307534	-1.1333606
455	493	1323	0.36925574	2.6450679
456	500	1324	0.68182379	-2.3568706
459	484	1325	0.41162937	-2.7202141
460	481	1326	0.6588998	1.5890884
461	480	1327	0.98674466	-1.5854342
464	500	1328	0.88017617	1.0476525
465	475	1329	0.78417897	-2.0027101
467	485	1330	0.29777661	-1.4008386
468	498	1331	0.31564604	1.2238662
470	480	1332	0.6134562	1.6647592
474	495	1333	0.5196917	-2.9414281
477	496	1334	0.21219069	-0.73022108
483	487	1335	0.57579212	-1.7793163
489	490	1336	0.50518171	1.1510441
235	1	1337	0.28739188	1.6783605
390	1	1338	0.61362149	0.79296835
405	1	1339	0.28410138	-1.935841
470	1	1340	0.61849538	-1.3207846
28	2	1341	0.90514836	1.0393248
78	2	1342	0.70941494	-2.5973942
125	2	1343	1.1006956	-1.6927626
188	2	1344	0.66021682	1.624712
229	2	1345	0.66483517	0.52727444
64	3	1346	0.90514248	0.15621385
93	3	1347	0.21219828	-1.032014
277	3	1348	0.44712203	-2.5176456
397	3	1349	0.66368029	-0.41320499
448	3	1350	1.0089075	3.1116995
20	4	1351	0.62040964	-1.1463835
48	4	1352	0.35194843	0.28640032
165	4	1353	0.45287988	-0.88076516
206	4	1354	0.65295166	2.5190752
260	4	1355	0.47012153	1.5650508
289	4	1356	0.7179191	2.077372
393	4	1357	0.71614541	-0.70466239
426	4	1358	0.32835606	2.2955983
18	5	1359	0.56954111	-2.9588995
141	5	1360	0.71222928	-2.8089621
373	5	1361	0.80677423	0.70070787
433	5	1362	0.41796795	2.7772119
438	5	1363	0.58862091	0.30685455
467	5	1364	0.18814362	-1.1643637
129	6	1365	0.91922949	-1.1621451
140	6	1366	1.0197682	1.7438902
151	6	1367	0.43307135	-0.51093611
258	6	1368	0.30793134	1.8778915
322	6	1369	0.38441611	-1.7569143
101	7	1370	0.49983683	-2.9063481
105	7	1371	0.50247351	-1.9701054
321	7	1372	0.61934745	0.25943668
420	7	1373	0.65730621	2.1868768
74	8	1374	0.51151289	-1.6458944
309	8	1375	0.44332087	0.32248098
370	8	1376	0.36100291	1.5817964
91	9	1377	0.56457123	0.70597269
160	9	1378	0.46972386	1.0904665
242	9	1379	0.72655809	-1.5497294
441	9	1380	0.44677344	-2.6917119
69	10	1381	0.53827181	-3.1379305
215	10	1382	0.5191471	-0.5313145
225	10	1383	0.61382843	-0.9556821
312	10	1384	0.56679991	2.8637816
32	11	1385	0.6506925	-1.3178719
60	11	1386	0.64912953	1.1070117
98	11	1387	0.58545568	-0.61693885
115	11	1388	0.72593901	-1.9546018
227	11	1389	0.69537137	-2.7269681
386	11	1390	0.97675653	1.7217999
160	12	1391	0.29865378	-1.2286961
248	12	1392	0.3747057	-0.92712476
425	12	1393	0.38909456	0.016355934
482	12	1394	0.42160587	-2.1481213
236	13	1395	0.84953787	-0.76528348
260	13	1396	0.6982714	-1.3894113
263	13	1397	0.50440333	-3.1055895
268	13	1398	0.88878114	2.2403114
289	13	1399	0.57504585	-1.9729293
400	13	1400	0.61502912	1.6143839
401	13	1401	0.68767051	0.81769828
63	14	1402	0.72321716	1.167407
88	14	1403	0.85627122	-2.9762338
136	14	1404	0.85439802	-2.1360694
251	14	1405	0.55219892	0.26296471
311	14	1406	0.67517114	-0.76849342
384	14	1407	0.77100117	1.8930785
427	14	1408	0.66932371	0.0075448761
45	15	1409	0.60743276	0.76824448
170	15	1410	0.38746153	2.5960104
255	15	1411	0.62678193	-0.49510436
297	15	1412	0.71265042	-1.7253039
406	15	1413	0.64551758	1.6242942
442	15	1414	0.51576181	-2.4677927
139	16	1415	0.22058051	1.5588357
370	16	1416	0.23780918	-0.92066281
381	16	1417	0.61516754	0.37549525
486	16	1418	0.5896844	-2.2247752
67	17	1419	0.77763835	-0.37773131
154	17	1420	0.96797496	2.7527492
193	17	1421	0.51705462	0.36556591
325	17	1422	0.40627451	1.3229179
372	17	1423	0.84397813	-1.0037055
398	17	1424	0.60523307	3.0510004
168	18	1425	1.1921005	-2.7909236
359	18	1426	0.76088111	1.2881639
467	18	1427	0.63822088	-0.1088661
485	18	1428	0.6256079	0.36642488
36	19	1429	0.11196038	0.7778687
61	19	1430	0.80765719	1.1368484
202	19	1431	0.4219564	0.35361515
371	19	1432	0.34587302	-1.7279492
373	19	1433	0.50769184	-3.0212259
438	19	1434	0.68979006	-2.5170527
165	20	1435	0.21857111	1.4201158
293	20	1436	0.52475024	-0.22875177
393	20	1437	0.30733746	0.33645412
68	21	1438	0.48670933	-2.2649832
287	21	1439	0.60075679	-1.3577185
302	21	1440	0.69441413	0.92218752
309	21	1441	0.38367284	2.7198792
288	22	1442	0.59173053	-0.97604679
357	22	1443	1.7713264	1.0387637
418	22	1444	1.3219242	-2.4072001
435	22	1445	0.66365861	-2.211461
464	22	1446	0.94910027	-1.9620174
36	23	1447	0.3979717	0.61180899
350	23	1448	0.4415453	-3.0655056
371	23	1449	0.27117281	-0.78465539
438	23	1450	0.40310738	-2.4620372
440	23	1451	0.59613655	1.6742138
77	24	1452	0.84129714	-2.7569616
230	24	1453	0.84518815	-2.1995035
234	24	1454	0.48702096	2.340751
294	24	1455	0.50229231	-0.01753307
345	24	1456	0.71799953	1.4776345
434	24	1457	0.99143651	0.27444712
108	25	1458	0.68611836	0.73148242
117	25	1459	0.40276271	2.4021761
121	25	1460	0.65650181	-2.5808789
363	25	1461	0.53724847	-0.9770793
31	26	1462	0.84103981	2.8742143
124	26	1463	0.65233083	0.32060081
153	26	1464	0.38329261	-1.9250949
417	26	1465	0.41294415	1.6666437
440	26	1466	0.61248121	-0.69129332
111	27	1467	0.77725681	2.1257206
227	27	1468	0.74562597	-1.1379254
296	27	1469	0.32407898	-2.4571073
131	28	1470	0.46169372	2.2408665
188	28	1471	0.50891304	-2.9014576
209	28	1472	0.80499507	1.1135449
210	28	1473	0.80066046	0.19882079
229	28	1474	0.46056001	-1.3166201
61	29	1475	0.38525396	0.056775431
288	29	1476	0.82680091	1.0036836
445	29	1477	0.4865067	-1.7893728
464	29	1478	0.39788726	2.2479248
500	29	1479	0.82425657	-2.5606651
96	30	1480	0.57266865	2.5887906
178	30	1481	0.77407268	3.0032784
226	30	1482	0.60750404	-2.3872542
312	30	1483	0.93343569	-0.20997586
439	30	1484	0.25602486	0.34392136
499	30	1485	0.48050183	-0.47962342
136	31	1486	1.024934	0.84562714
153	31	1487	0.89347177	-0.7089633
199	31	1488	0.82163238	1.7055579
359	31	1489	1.0168941	-1.4505167
417	31	1490	0.79440775	0.24001297
434	31	1491	1.3600029	-3.0631813
459	31	1492	0.76057045	2.9185476
484	31	1493	0.49732878	2.3981572
98	32	1494	0.42881415	0.74676699
115	32	1495	0.43679105	-3.04268
122	32	1496	0.59687629	-2.0416079
299	32	1497	0.44063887	-1.0562378
128	33	1498	0.70196811	-2.6455942
139	33	1499	0.62692812	-2.0937505
149	33	1500	0.65994006	-2.9999
242	33	1501	0.87847329	0.14841749
342	33	1502	0.45089412	2.1195928
381	33	1503	0.5961305	-1.1258983
441	33	1504	0.80114886	0.9725666
155	34	1505	0.8440233	1.8030732
357	34	1506	0.83223168	-1.5884234
38	35	1507	0.72690344	-2.2699177
115	35	1508	0.7340347	0.7838018
122	35	1509	0.68440819	0.042983222
169	35	1510	0.87392407	-0.73316331
184	35	1511	0.64795805	-3.1368242
227	35	1512	0.92433871	1.4020418
237	35	1513	1.0348782	2.4088374
420	35	1514	0.98495035	-1.6237474
185	36	1515	0.53182618	1.4484272
202	36	1516	0.32322432	0.21054096
371	36	1517	0.44099771	-1.8792802
440	36	1518	0.53178094	2.3867132
72	37	1519	0.45465076	-1.2164535
112	37	1520	0.55153347	1.2327241
191	37	1521	0.43644628	-1.8159469
330	37	1522	0.52950898	-3.0394245
384	37	1523	0.5403208	-0.17227617
494	37	1524	0.50963181	2.3831714
63	38	1525	0.56588026	2.8912456
184	38	1526	0.5818792	1.8855786
251	38	1527	0.4846061	-2.2354895
420	38	1528	0.59604623	-0.79907294
427	38	1529	0.54482722	-1.8742907
103	39	1530	0.61253654	0.53087143
118	39	1531	0.57635664	2.1127435
319	39	1532	0.54802	-2.9886659
407	39	1533	0.56829908	-1.9103018
416	39	1534	0.51664874	-0.88470683
59	40	1535	0.95140439	-0.84807594
84	40	1536	0.66999008	-1.6526196
123	40	1537	0.62805803	0.27371283
151	40	1538	0.56179686	-2.6929967
208	40	1539	0.98345281	1.7371383
413	40	1540	0.68073928	2.4781716
42	41	1541	0.27938486	2.1112512
149	41	1542	0.24677297	-1.994666
181	41	1543	0.63580052	-2.2402935
218	41	1544	0.42484553	-0.3305752
290	41	1545	0.34485965	-1.943212
339	41	1546	0.69024644	0.49544589
149	42	1547	0.46641808	-1.4800765
342	42	1548	0.46056228	0.029050489
70	43	1549	0.37803774	3.0101901
113	43	1550	0.57252201	1.3895225
195	43	1551	0.54960282	-1.8236238
217	43	1552	0.42906924	-0.32684183
50	44	1553	0.139981	-2.613178
125	44	1554	0.81017778	1.5457267
208	44	1555	0.84701294	-1.3272155
166	45	1556	0.55697709	1.1280698
197	45	1557	0.65866125	1.6678708
255	45	1558	0.72896723	-1.4128032
406	45	1559	0.52122089	2.7005398
473	45	1560	0.69598702	-0.25481956
331	46	1561	0.44722083	0.84912852
379	46	1562	0.67351687	-3.0717828
433	46	1563	0.25905363	-0.23694476
456	46	1564	0.56623821	0.26474779
498	46	1565	0.34429489	2.6298847
283	47	1566	0.66355142	-2.8614198
418	47	1567	0.4021251	1.8470173
464	47	1568	0.64498687	0.65982095
500	47	1569	0.37368301	-1.3827286
182	48	1570	0.24948397	-0.20584185
236	48	1571	0.4929491	1.257765
260	48	1572	0.49957508	2.3055341
292	48	1573	0.61142897	-0.43985256
129	49	1574	0.18383093	3.0387433
148	49	1575	0.65522701	-0.57835542
151	49	1576	0.67257881	1.8268998
157	49	1577	0.17659418	-1.0552937
125	50	1578	0.89174612	1.411789
208	50	1579	0.81877479	-1.1623946
382	50	1580	0.5145678	-2.2685098
90	51	1581	0.72413691	0.95741135
152	51	1582	0.68771156	-2.901607
280	51	1583	0.60861178	1.7593234
284	51	1584	0.75206162	0.42310279
399	51	1585	0.85163533	-2.2462539
436	51	1586	0.573978	2.5691275
448	51	1587	0.88731959	-0.91503736
190	52	1588	0.75917234	-0.97477684
225	52	1589	0.79071374	2.1205833
318	52	1590	0.63004019	-1.6661371
332	52	1591	0.46546274	0.34727062
351	52	1592	0.62376795	-0.35346265
366	52	1593	0.74246608	2.6460902
451	52	1594	0.4184242	-3.0066996
235	53	1595	0.26775827	0.78256475
316	53	1596	0.45022851	1.2254894
405	53	1597	0.38145184	-1.2527034
431	53	1598	0.54194086	-0.68199222
355	54	1599	0.28915093	-1.3032758
390	54	1600	0.80931168	1.3504526
442	54	1601	0.35360186	0.76989444
480	54	1602	0.85852383	-1.6210538
113	55	1603	0.74272401	-2.1675119
201	55	1604	0.74167512	2.195724
216	55	1605	0.42529743	2.5070372
264	55	1606	0.58311824	1.1127897
291	55	1607	0.52012531	-1.3159167
365	55	1608	0.62165174	3.0365125
450	55	1609	0.63912578	-0.5778114
497	55	1610	0.77155322	0.030444889
203	56	1611	0.39895526	-1.664619
243	56	1612	0.48365259	-0.47996758
455	56	1613	0.71250515	1.293931
458	56	1614	0.49693177	-1.475293
461	56	1615	0.23650204	1.8566462
95	57	1616	0.82289351	-0.82350357
150	57	1617	0.82647238	1.8829091
266	57	1618	0.47914826	-2.345083
272	57	1619	0.64176422	0.04096253
279	57	1620	0.69469726	2.8337255
69	58	1621	0.8403224	-0.11572757
231	58	1622	0.93112535	-0.57323943
325	58	1623	0.39914485	-1.8468582
369	58	1624	0.54094063	2.3267039
429	58	1625	1.1352043	3.0149837
439	58	1626	0.37523868	1.1420441
84	59	1627	0.68557702	3.0747181
123	59	1628	0.88367375	1.5986463
148	59	1629	0.68107513	-2.2287193
150	59	1630	1.1877707	-0.4535298
388	59	1631	0.67992625	-1.1462079
98	60	1632	0.93812652	-1.3699557
214	60	1633	1.1139342	1.8985314
222	60	1634	0.53883673	0.84746677
317	60	1635	0.60727889	-0.79995269
386	60	1636	0.58269289	2.4196197
82	61	1637	0.37592763	1.2818048
185	61	1638	0.23229266	-2.566336
202	61	1639	0.58936965	-1.4751855
288	61	1640	0.678126	1.4829068
343	61	1641	0.84312542	0.65098739
373	61	1642	1.1583264	-2.3866263
421	61	1643	1.2452324	0.99979985
445	61	1644	0.69787368	-2.3494412
75	62	1645	0.49520276	1.7347803
76	62	1646	0.94233004	2.2585802
214	62	1647	0.7714088	-1.5839608
298	62	1648	0.24155016	-0.25876134
335	62	1649	0.32916956	2.6962429
344	62	1650	0.76401575	-0.92893602
184	63	1651	0.55329466	0.84295505
262	63	1652	0.6116805	1.9002672
384	63	1653	0.53221626	3.0170025
159	64	1654	0.57666992	0.66335433
167	64	1655	0.63447063	-0.88013069
194	64	1656	0.71122051	-0.25098005
397	64	1657	0.49787098	-2.1834523
447	64	1658	0.59914647	1.7611102
78	65	1659	0.82055523	-1.9455444
131	65	1660	0.88617959	1.0003004
188	65	1661	0.37759385	0.77029395
228	65	1662	0.99761817	1.0392832
390	65	1663	1.0776504	-1.9753882
394	65	1664	0.37084282	-2.1634102
146	66	1665	0.63858478	-1.5807405
183	66	1666	0.32479315	2.7329118
314	66	1667	0.37114806	2.1222193
106	67	1668	0.72523882	-0.78910476
193	67	1669	0.52915866	2.0413911
362	67	1670	0.6426456	-0.080510364
372	67	1671	0.50327241	-2.1357707
74	68	1672	0.51166574	-2.9059655
110	68	1673	0.60728536	-1.5215154
287	68	1674	0.48746498	-0.45243412
309	68	1675	0.53252561	1.6434979
225	69	1676	1.022676	-0.51011192
231	69	1677	0.411324	-1.698581
439	69	1678	0.80792765	2.5681753
71	70	1679	0.58320387	-2.6614081
113	70	1680	0.70162154	0.82129864
195	70	1681	0.62820588	-1.1834401
463	70	1682	0.60079384	2.5498805
134	71	1683	0.64694567	2.3590255
162	71	1684	0.53587076	-1.1798611
195	71	1685	0.81660736	-0.39237265
430	71	1686	0.76622016	-2.9992441
453	71	1687	0.50756452	-2.1357908
463	71	1688	0.60480544	1.5400409
88	72	1689	0.58390743	-1.9678893
191	72	1690	0.26369576	3.1301832
384	72	1691	0.50170974	0.72787775
249	73	1692	0.16708589	-0.61464686
297	73	1693	0.67527136	0.9112797
355	73	1694	0.39515283	1.7156945
455	73	1695	0.7191879	-1.4727777
480	73	1696	0.2576322	-2.326158
110	74	1697	0.71795597	-0.74565271
166	74	1698	0.66172503	-2.814183
309	74	1699	0.79610262	0.95652216
473	74	1700	0.9118918	-1.7825673
486	74	1701	0.75507511	2.23975
135	75	1702	0.16595332	-2.862943
220	75	1703	0.80848579	2.5281375
298	75	1704	0.63381477	-1.05185
215	76	1705	1.0877783	2.6017658
220	76	1706	0.26773453	2.1373275
238	76	1707	0.23333279	-2.8038614
270	76	1708	0.51316289	1.1143916
335	76	1709	0.65912	-1.0962864
221	77	1710	0.36361436	2.5488855
230	77	1711	0.46402446	-0.91549804
261	77	1712	0.65114263	-2.8424493
423	77	1713	0.83114954	-1.8237365
469	77	1714	0.8260514	1.7546432
125	78	1715	0.86585712	-0.99285349
235	78	1716	0.69701311	-2.567596
316	78	1717	0.63912662	-2.9149489
390	78	1718	0.2586222	-2.0702045
95	79	1719	0.64945977	0.24199466
247	79	1720	0.51262611	3.0044795
266	79	1721	0.49316942	2.1351267
389	79	1722	0.2736399	-1.0783767
87	80	1723	0.72986207	-2.053009
126	80	1724	0.29250967	1.1110367
144	80	1725	0.5598929	1.3847519
282	80	1726	0.57885702	2.2216235
329	80	1727	0.24464825	-0.68944955
488	80	1728	0.094552486	1.2756308
224	81	1729	0.65199882	-0.30956879
233	81	1730	0.45414584	-3.0453485
248	81	1731	0.43047138	2.4823238
274	81	1732	0.66441048	-2.0903951
346	81	1733	0.55539691	0.68090867
105	82	1734	0.76505889	0.80111247
124	82	1735	0.6094677	-3.0526456
185	82	1736	0.57281925	-2.1262
415	82	1737	0.4410172	1.6731334
346	83	1738	0.54535038	-2.118696
354	83	1739	0.46121623	-0.7177722
148	84	1740	0.64304216	-1.1416193
151	84	1741	0.61940808	2.3874271
157	84	1742	0.42683648	-2.0426733
479	84	1743	0.43166923	-3.0114565
90	85	1744	0.48942619	3.1218168
178	85	1745	0.182435	0.73547108
226	85	1746	0.60925469	-0.71697279
284	85	1747	0.35139548	-2.2488666
95	86	1748	0.99475421	-2.996175
272	86	1749	1.0247565	2.6477434
356	86	1750	0.59449753	-1.7701167
379	86	1751	1.0253215	-0.034861303
454	86	1752	0.46357197	0.43847346
476	86	1753	0.67888498	1.7808317
487	86	1754	0.93970465	-0.45618806
126	87	1755	1.0223191	1.0950075
244	87	1756	0.53681822	1.7213749
273	87	1757	0.62274952	-1.8615218
313	87	1758	0.24821953	0.76368248
321	87	1759	0.30499453	-1.5433581
326	87	1760	0.84457135	-2.0071149
421	87	1761	1.089893	-2.3324285
443	87	1762	0.7124356	0.86531327
136	88	1763	0.69767375	-0.98290373
145	88	1764	0.59969039	2.3484702
199	88	1765	0.66868248	-2.2181241
310	88	1766	0.26654565	1.9940954
338	88	1767	0.78084795	2.9683342
100	89	1768	0.67530228	2.8623391
168	89	1769	0.80364664	0.25408886
175	89	1770	0.19864372	2.1594194
269	89	1771	0.22529259	-2.6462599
300	89	1772	0.4600024	0.11264865
315	89	1773	0.19977522	-0.87059339
340	89	1774	0.67490087	-3.1310315
178	90	1775	0.63469898	0.1785497
280	90	1776	0.53093309	3.13086
354	90	1777	0.32886761	1.7637985
160	91	1778	0.21844972	2.9092876
212	91	1779	0.3300542	-0.022503439
334	91	1780	0.54266481	0.44761405
404	91	1781	0.39620234	-1.6104564
169	92	1782	0.48075951	1.5729758
321	92	1783	0.40429288	-0.81977915
420	92	1784	0.70733033	3.025347
492	92	1785	0.42355203	-0.078999634
172	93	1786	0.35639561	-1.7406598
277	93	1787	0.47833581	-2.9754838
397	93	1788	0.50602858	-0.16749514
298	94	1789	0.59280333	2.4813379
344	94	1790	0.30741443	-2.4894038
460	94	1791	0.52882759	-1.6032912
100	95	1792	0.62214243	-1.2152487
266	95	1793	0.9316336	2.8575657
272	95	1794	0.63520672	1.4414355
356	95	1795	0.97121062	-0.46853823
389	95	1796	0.63921366	-2.4719464
127	96	1797	0.42654121	0.40753194
178	96	1798	0.34005341	-2.53459
354	96	1799	0.96712781	3.1249777
439	96	1800	0.75929404	-0.28621537
385	97	1801	0.52254467	0.49648304
391	97	1802	0.40647012	2.5959259
475	97	1803	0.48466188	-1.7603599
299	98	1804	0.68191663	-1.714773
317	98	1805	0.53814632	1.1168902
323	98	1806	0.41251521	-0.70053815
341	98	1807	0.76959634	-1.3293745
165	99	1808	0.64023739	2.8247578
247	99	1809	0.3681866	1.6998595
293	99	1810	0.1879293	-2.3354404
389	99	1811	0.59225357	0.091180957
410	99	1812	0.53866652	2.4906354
462	99	1813	0.62865073	-0.333901
269	100	1814	0.53788192	-0.57656764
340	100	1815	0.19497076	-1.7031053
356	100	1816	0.66587361	0.21897839
389	100	1817	0.74156607	2.8874161
462	100	1818	0.71737653	-3.0389697
105	101	1819	0.45225908	-0.87263327
311	101	1820	0.66172254	3.0114161
415	101	1821	0.53963358	-2.1310176
420	101	1822	0.66155085	1.4094876
156	102	1823	0.40967351	2.5505362
176	102	1824	0.56324179	0.80090894
337	102	1825	0.40011282	-2.2953784
444	102	1826	0.48596198	-1.0052179
111	103	1827	1.0908449	-1.2064608
118	103	1828	0.84569981	2.9226911
146	103	1829	0.81819412	0.53409153
167	103	1830	0.89660906	2.4806499
192	103	1831	0.70661685	0.99121436
194	103	1832	0.96095473	2.0266589
271	103	1833	1.0070217	-0.382549
416	103	1834	0.73775225	-1.8466288
278	104	1835	0.34134026	-1.9558103
304	104	1836	0.39846959	0.081078527
380	104	1837	0.3458831	1.5605617
273	105	1838	0.69103311	0.49801088
326	105	1839	0.45801354	0.35980333
415	105	1840	0.5879798	-2.9521863
161	106	1841	0.52903399	-0.12174238
362	106	1842	0.48084259	1.2977932
372	106	1843	0.78549916	3.0272076
472	106	1844	0.9638757	-0.89741257
206	107	1845	0.46697572	-1.044172
219	107	1846	0.57686355	1.9089942
263	107	1847	0.38021004	1.1998115
289	107	1848	0.44532292	-0.35951259
437	107	1849	0.23891058	1.0607101
177	108	1850	0.62264109	0.99402127
295	108	1851	0.6661507	2.3894305
308	108	1852	0.79594442	-0.65977462
154	109	1853	1.0719862	0.1776802
224	109	1854	0.49474022	1.2030482
274	109	1855	0.77754471	3.0339039
361	109	1856	0.91826537	-2.3327107
121	110	1857	0.84919991	-0.16919623
287	110	1858	0.56716656	0.76662905
376	110	1859	0.72441214	-1.3385703
473	110	1860	0.8250355	-2.6292879
271	111	1861	0.84349526	0.86747993
296	111	1862	0.87991126	-1.3897431
327	111	1863	0.7928292	-1.93916
416	111	1864	0.66586184	2.6583778
239	112	1865	0.6103079	0.85066196
262	112	1866	0.68694344	-0.14652708
384	112	1867	0.70552939	-1.0527023
450	112	1868	0.62075361	2.7113952
494	112	1869	0.57836738	-2.8436146
497	112	1870	0.71173235	2.0503275
217	113	1871	0.763641	-1.1625883
291	113	1872	0.55962514	0.19975997
365	113	1873	0.70863755	1.8581884
395	113	1874	0.56603964	-0.48991208
396	113	1875	0.78954365	2.6308583
230	114	1876	0.48098117	1.8035502
259	114	1877	0.60418967	-0.11379353
423	114	1878	0.60252254	3.0897577
122	115	1879	0.51555177	-1.2472553
227	115	1880	0.53609264	2.3187594
253	116	1881	0.43511327	-1.9626267
286	116	1882	0.55759853	2.5560503
317	116	1883	0.37510951	1.8674939
323	116	1884	0.39202396	-1.6480843
121	117	1885	0.67217388	-1.9653635
250	117	1886	0.29589406	-2.6442087
257	117	1887	0.32291729	2.3906683
295	117	1888	0.7181429	1.1062306
167	118	1889	0.38517464	1.260191
397	118	1890	0.72746097	2.4772893
495	118	1891	0.72144659	-2.9795539
130	119	1892	0.42897816	3.0412208
409	119	1893	0.53912917	1.7081309
459	119	1894	0.35149501	-1.4377747
484	119	1895	0.45901722	-0.40301977
292	120	1896	0.45572175	2.1893888
293	120	1897	0.41728571	-2.7683392
393	120	1898	0.61334337	3.03001
412	120	1899	0.56701265	-0.26599114
423	120	1900	0.64944994	0.93085765
462	120	1901	0.40259705	-0.58577849
147	121	1902	0.90091557	-1.8008917
250	121	1903	0.47934955	1.5742431
257	121	1904	0.84115343	1.5442605
287	121	1905	0.68662029	2.2448695
363	121	1906	0.86192061	-0.11182776
376	121	1907	0.87474831	-2.4439203
378	121	1908	0.88250903	-0.95035807
169	122	1909	0.61522187	-1.6267354
299	122	1910	0.50967883	0.29535252
496	122	1911	0.42206433	-0.66420918
150	123	1912	1.7786555	-0.90953044
208	123	1913	1.1087166	2.3354048
471	123	1914	1.617212	1.8311071
185	124	1915	0.52930196	-0.95664422
198	124	1916	0.58002012	2.0402903
415	124	1917	0.74749524	0.71993207
417	124	1918	0.68991941	2.8391791
440	124	1919	0.61396382	-1.812947
265	125	1920	0.94871224	0.72625357
431	125	1921	0.84761182	-2.9231989
471	125	1922	1.0208804	-1.0189031
144	126	1923	0.28928763	1.6615955
253	126	1924	0.72561323	1.4845619
323	126	1925	0.76053104	1.3068888
341	126	1926	0.26157363	1.3116887
443	126	1927	0.36645023	-1.5880393
369	127	1928	0.38185751	-2.0923773
439	127	1929	0.5103393	-0.85004752
139	128	1930	0.36916599	-0.60202701
149	128	1931	0.24354544	1.7189474
228	128	1932	0.70946415	-2.2416542
148	129	1933	0.82297804	-0.47591887
322	129	1934	0.63826886	2.3236731
437	129	1935	0.76599498	-1.0326635
466	129	1936	0.26571322	-2.4192709
205	130	1937	0.66407738	2.841006
211	130	1938	0.625441	1.9833798
409	130	1939	0.60478435	0.94752244
434	130	1940	0.68083153	-1.7788901
459	130	1941	0.61426185	-0.69079049
181	131	1942	0.65212523	1.3558931
188	131	1943	0.52562699	-1.9767748
209	131	1944	0.73636469	0.51148739
228	131	1945	0.11731101	1.3381171
303	131	1946	0.51678841	1.2902863
268	132	1947	0.57843589	-2.2722318
377	132	1948	0.45637066	2.5029285
400	132	1949	0.54579612	-1.2895065
428	132	1950	0.58335865	-0.29770686
444	132	1951	0.76624902	1.3945794
137	133	1952	0.53335012	1.0834077
218	133	1953	0.67575821	-2.6429892
274	133	1954	0.76826797	0.12673287
339	133	1955	0.41355676	2.7887489
353	133	1956	0.59007263	-1.6147221
275	134	1957	0.59710143	1.356436
385	134	1958	0.65482785	2.4934113
430	134	1959	0.6394553	-2.0586231
463	134	1960	0.49987371	0.30132762
158	135	1961	0.53714203	-1.4199579
220	135	1962	0.71605272	2.3467425
298	135	1963	0.69233457	-0.81687999
332	135	1964	0.54103031	2.9740444
198	136	1965	0.55601137	-0.49969995
199	136	1966	0.79159409	3.0820125
311	136	1967	0.97621776	0.2613185
417	136	1968	0.58545244	-1.4132823
233	137	1969	0.42131374	0.38681662
248	137	1970	0.6851048	0.74853538
274	137	1971	0.63439895	-0.6307591
339	137	1972	0.71740219	-2.6662184
441	137	1973	0.2730116	-2.6609937
482	137	1974	0.41537722	1.4574359
446	138	1975	0.60785433	0.69254547
454	138	1976	0.47393366	-2.5761953
468	138	1977	0.68430017	0.037930267
476	138	1978	0.9848043	2.9233317
498	138	1979	0.63695841	-0.43927992
381	139	1980	0.56969048	0.0088429828
486	139	1981	0.77764471	-2.0540931
180	140	1982	0.81874948	1.8071646
258	140	1983	0.71578058	-1.4552095
382	140	1984	0.42854117	0.97351715
413	140	1985	0.76163951	-0.81341684
461	140	1986	0.52014938	-1.8007033
470	140	1987	1.1028373	1.7179021
480	140	1988	0.49132888	1.784272
433	141	1989	0.47481918	0.93314781
487	141	1990	0.82229627	3.1207783
173	142	1991	0.36327654	-2.0954676
281	142	1992	0.63717683	-2.8955324
319	142	1993	0.54826035	0.099267884
392	142	1994	0.44299936	-0.66733192
495	142	1995	0.52104919	1.4207239
148	143	1996	0.97573226	2.1653958
247	143	1997	0.89221587	-0.81446489
266	143	1998	0.90813434	-0.33938739
279	143	1999	0.58570648	0.44238378
349	143	2000	0.39145082	1.7237196
410	143	2001	0.72549509	-1.2465102
426	143	2002	0.50489491	-2.69179
437	143	2003	1.0307622	2.6042652
174	144	2004	0.51504178	1.9977265
253	144	2005	0.4437811	1.3695072
282	144	2006	0.46303456	-2.9466327
191	145	2007	0.39955824	0.28978891
217	145	2008	0.64553077	2.5674644
310	145	2009	0.36173164	-0.5345575
330	145	2010	0.48505046	1.6490595
338	145	2011	0.45503105	-2.4428671
192	146	2012	0.36217574	2.6382079
238	146	2013	0.58836344	1.2833727
241	146	2014	0.5090887	0.38965432
271	146	2015	0.82511666	-1.2883248
232	147	2016	0.56865083	-2.8633656
256	147	2017	0.41099993	2.9397589
376	147	2018	0.56166521	2.5457672
378	147	2019	0.73596749	0.21795575
385	147	2020	0.77722018	-1.0047018
391	147	2021	0.79603484	-2.0828661
157	148	2022	0.50489071	2.7244998
349	148	2023	0.64396552	-0.71334071
388	148	2024	0.70120574	-0.11526304
437	148	2025	0.44005952	-2.449916
181	149	2026	0.4009502	-2.3905188
228	149	2027	0.89367871	-2.0412478
342	149	2028	0.63496872	0.85200239
272	150	2029	1.1743264	-0.70417152
279	150	2030	0.70603057	-2.1873558
388	150	2031	0.79381723	-3.0163715
476	150	2032	1.7551041	-0.33803389
258	151	2033	0.69066607	2.3209203
413	151	2034	0.66354654	1.6162297
479	151	2035	0.48068559	-1.5220295
242	152	2036	0.76671529	-2.7475585
399	152	2037	0.51917064	-1.3067177
436	152	2038	0.50937973	1.1979827
350	153	2039	0.69530164	-1.2395625
440	153	2040	0.60563921	-0.05119363
224	154	2041	0.91850036	2.8407309
325	154	2042	0.99575524	0.026997471
398	154	2043	0.42814734	-0.81721258
429	154	2044	0.55468846	1.6103443
307	155	2045	0.9111484	-0.76939637
357	155	2046	1.663187	-1.4625878
375	155	2047	1.1124877	1.5573355
403	155	2048	0.70900686	0.50807679
472	155	2049	1.7297093	2.1395214
213	156	2050	0.33532041	2.756746
305	156	2051	0.28326024	0.48375374
336	156	2052	0.71383341	1.1967281
337	156	2053	0.53317796	-1.4297199
493	156	2054	0.5398281	-2.2680168
479	157	2055	0.39980326	2.1960216
298	158	2056	0.39406764	0.066844388
332	158	2057	0.87360031	2.3504481
351	158	2058	0.5279503	2.6548686
368	158	2059	0.88174019	-1.4557034
432	158	2060	0.65942471	-0.78554526
194	159	2061	0.58116419	-1.1553416
223	159	2062	0.36270719	1.1741962
348	159	2063	0.58378593	0.021736592
447	159	2064	0.61375867	2.7517816
334	160	2065	0.72565289	0.25719314
347	160	2066	0.61260282	0.59691845
425	160	2067	0.40769409	0.78341567
441	160	2068	0.86991723	-2.3631126
482	160	2069	0.33803513	-2.927174
318	161	2070	0.58773826	-0.44706494
362	161	2071	0.6591082	2.2143097
451	161	2072	0.36209502	1.0653374
472	161	2073	0.6934063	-1.4609893
195	162	2074	0.58003946	0.32131548
211	162	2075	0.51128802	-0.94820097
276	162	2076	0.44629529	-2.2233698
453	162	2077	0.48060975	3.002243
259	163	2078	0.78535437	-2.1188782
434	163	2079	0.88294068	1.1865824
186	164	2080	0.44878445	-2.3863772
244	164	2081	0.66485557	0.76553523
357	164	2082	0.8210778	1.8657818
421	164	2083	0.88007053	-1.7910115
293	165	2084	0.58397496	-0.61114464
410	165	2085	0.22013812	0.61455904
426	165	2086	0.78112088	2.2754415
197	166	2087	0.3386242	2.675151
194	167	2088	0.4227219	0.83171994
397	167	2089	0.69530853	3.023755
175	168	2090	0.88889582	-3.1001875
313	169	2091	0.53890606	-0.58982875
420	169	2092	0.80690255	-2.6247523
477	169	2093	0.56622578	0.38479782
492	169	2094	0.66599564	-0.88206531
496	169	2095	0.50977235	0.76785218
390	170	2096	0.15026514	3.0031154
406	170	2097	0.53361987	0.98122643
442	170	2098	0.5277859	-1.7073234
361	171	2099	1.6275213	-3.1187778
372	171	2100	1.4351211	-0.18368044
387	171	2101	0.70368041	-0.02476336
398	171	2102	0.61680157	0.95779797
277	172	2103	0.49337099	2.5572338
397	172	2104	0.61962649	0.4453248
424	172	2105	0.59185267	-2.5848983
474	172	2106	0.41113194	-1.7898783
495	172	2107	0.51493425	-0.6170903
281	173	2108	0.46416628	2.7914928
367	173	2109	0.53900158	-2.0152151
392	173	2110	0.5314666	0.075792733
253	174	2111	0.30390098	-0.11208424
282	174	2112	0.60829032	-1.9781533
286	174	2113	0.67631193	1.5657012
307	174	2114	0.59089007	2.7790618
204	175	2115	0.71445544	3.0784496
259	175	2116	0.59113636	1.5676144
340	175	2117	0.59029147	-2.8453184
189	176	2118	0.92175094	1.1851124
278	176	2119	0.66149688	-0.90020511
305	176	2120	0.48350284	-3.0496962
336	176	2121	0.67874266	2.3385109
380	176	2122	0.56159074	0.25924484
444	176	2123	0.82525217	-1.7309683
295	177	2124	0.82866872	-3.0609099
308	177	2125	1.05042	-1.2917179
358	177	2126	0.56323573	2.2769805
424	177	2127	0.78732168	0.16969139
448	177	2128	1.0332465	1.3548317
226	178	2129	0.61500047	-1.0159751
354	178	2130	0.7190479	2.8451658
190	179	2131	0.39101286	-2.8270245
351	179	2132	0.36079931	2.2015508
478	179	2133	0.46033768	-1.5719271
382	180	2134	0.61830877	-0.79557419
405	180	2135	0.66765523	1.913518
431	180	2136	0.65408914	1.4527236
470	180	2137	0.29647193	1.4691611
228	181	2138	0.53483682	-1.7818008
290	181	2139	0.32226724	0.58268312
303	181	2140	0.14059201	-1.5423195
236	182	2141	0.528135	1.7466883
246	182	2142	0.33326505	0.375969
292	182	2143	0.37325524	-0.59546909
192	183	2144	0.59346509	-1.6138696
314	183	2145	0.21383641	1.0650212
348	183	2146	0.53522761	2.7116286
237	184	2147	0.70584325	1.7435187
262	184	2148	0.58974128	2.8568158
440	185	2149	0.48088024	-2.7947348
288	186	2150	1.0402114	-2.0492924
357	186	2151	1.0967708	1.4904177
421	186	2152	0.5673793	-1.3314116
196	187	2153	0.43276414	-2.1848678
367	187	2154	0.83137664	-3.0430726
392	187	2155	0.4499295	1.717275
402	187	2156	0.24248681	-1.2828566
407	187	2157	0.58114921	0.5856724
457	187	2158	0.73696552	-0.30539227
232	189	2159	0.63751534	0.25397689
255	189	2160	0.84043405	2.662181
336	189	2161	0.89614475	-2.7212593
376	189	2162	0.94203101	0.73478252
380	189	2163	0.73664848	-1.3013864
391	189	2164	0.86100587	-0.45395267
473	189	2165	0.95065359	1.7686542
318	190	2166	0.48614225	3.1393414
351	190	2167	0.44196487	1.2026846
375	190	2168	0.77911633	-1.5625878
478	190	2169	0.50302086	-0.74047078
310	191	2170	0.30693693	-1.80634
231	193	2171	0.51544439	0.17166747
325	193	2172	0.43650855	2.6422508
348	194	2173	0.64672165	1.000622
211	195	2174	0.64950204	-1.9695767
217	195	2175	0.67177955	0.62742466
338	195	2176	0.77833704	-0.32551387
409	195	2177	0.76590324	-1.0938528
254	196	2178	0.50315195	-0.24603584
264	196	2179	0.48220795	-2.3198736
367	196	2180	0.63875875	2.7018443
402	196	2181	0.34051809	0.36390107
408	196	2182	0.43167694	-1.0842657
406	197	2183	0.59463886	-2.3258042
452	197	2184	0.33375914	2.119706
486	197	2185	0.79907079	0.9562232
311	198	2186	0.6899616	0.8506047
417	198	2187	0.50415895	-2.4748543
338	199	2188	0.76166625	2.0719059
409	199	2189	0.78808992	2.8368054
484	199	2190	0.54173303	-2.0623958
241	200	2191	0.51079125	1.8006963
271	200	2192	0.6052094	-2.2024046
216	201	2193	0.36113595	-1.3149187
264	201	2194	0.69617872	-0.11297416
308	201	2195	0.85056977	2.1638379
365	201	2196	0.56708806	-1.9018279
367	201	2197	0.70300268	0.8906555
489	201	2198	0.77965354	-2.9635424
322	203	2199	0.31764973	-0.91489861
360	203	2200	0.69927146	-0.90554333
458	203	2201	0.12916835	-0.85499974
461	203	2202	0.62479387	1.6177267
340	204	2203	0.26327371	-0.97170216
374	204	2204	0.42023863	-1.8517076
412	204	2205	0.32871332	-3.0681488
423	204	2206	0.80895068	2.216946
211	205	2207	0.53732112	0.77595465
245	205	2208	0.547063	2.9426944
276	205	2209	0.47489062	1.9724317
345	205	2210	0.57330976	-2.3282192
426	206	2211	0.340625	-0.40721912
437	206	2212	0.62348244	1.7613051
278	207	2213	0.64533446	1.7056344
352	207	2214	0.75192097	-0.89683825
428	207	2215	0.61784256	-1.9108735
444	207	2216	0.71686315	2.6426127
465	207	2217	0.59866959	0.40357447
382	208	2218	0.74669787	2.6429199
413	208	2219	0.66539191	-2.1668013
471	208	2220	0.83963185	1.1391492
210	209	2221	0.70904056	-0.92009854
218	209	2222	0.7016193	1.1394233
290	209	2223	0.51076296	2.0466199
303	209	2224	0.51729286	2.8752431
353	209	2225	0.93746533	0.40686997
229	210	2226	0.90131494	-2.4073498
265	210	2227	1.5521408	-2.0158545
353	210	2228	1.0298723	1.1385356
361	210	2229	1.6153502	0.57155092
276	211	2230	0.57239477	3.0352388
409	211	2231	0.60932626	-0.13480406
280	212	2232	0.51845421	-0.05713452
334	212	2233	0.28993875	0.98939899
404	212	2234	0.51999897	-2.2979827
436	212	2235	0.34991062	-1.1302871
249	213	2236	0.38981799	2.426657
336	213	2237	0.78539041	0.7556412
455	213	2238	0.51217678	-2.3515832
493	213	2239	0.54092088	-1.6370729
271	214	2240	0.74789048	3.0539282
335	214	2241	0.95715183	1.8752282
344	214	2242	0.49397826	0.3285192
386	214	2243	0.67417522	-1.6878553
220	215	2244	0.85683788	-0.39940483
223	215	2245	0.6848072	2.9773814
225	215	2246	0.25592298	-1.9442433
312	215	2247	1.0772521	2.7426218
419	215	2248	0.14847318	-0.80965438
365	216	2249	0.33310488	-2.545819
330	217	2250	0.52135104	0.25791015
338	217	2251	0.67179475	-1.2784206
395	217	2252	0.47683545	1.1464622
290	218	2253	0.55828183	-2.80702
339	218	2254	0.50931609	1.1556777
353	218	2255	0.62696603	-0.43877807
263	219	2256	0.38004694	-0.52304741
268	219	2257	0.59601615	1.0784595
360	219	2258	0.56534913	2.0951787
225	220	2259	0.88785398	3.0344841
270	220	2260	0.43805705	0.56550961
332	220	2261	0.42207365	-1.6465347
383	220	2262	0.61791343	0.83062912
261	221	2263	0.50876156	-2.2526329
469	221	2264	0.62735207	1.3284046
317	222	2265	0.84215764	-1.4917879
344	222	2266	0.84711788	1.8674877
460	222	2267	0.46858595	1.6146076
481	222	2268	0.19084135	-1.6151977
312	223	2269	0.44100267	2.3730618
348	223	2270	0.54801896	-0.62774968
419	223	2271	0.80836176	-0.27492546
447	223	2272	0.71503769	-2.9994194
499	223	2273	0.85086921	2.8070542
274	224	2274	1.0233165	-2.763148
346	224	2275	0.58006571	1.9035234
429	224	2276	0.90062066	0.31854772
231	225	2277	0.94930503	3.0451869
332	225	2278	0.99495643	-0.54497096
284	226	2279	0.69138775	2.957321
447	226	2280	0.98270273	-0.19082487
448	226	2281	1.2097505	-2.3205266
499	226	2282	0.89044605	0.21997233
296	227	2283	0.73529806	2.4446924
452	228	2284	0.75310079	-1.9105277
486	228	2285	0.51412125	-0.72759129
265	229	2286	0.79703665	-1.5697076
423	230	2287	0.656997	-2.4143215
325	231	2288	0.89925174	3.0066605
362	231	2289	0.71597962	-1.0234289
366	231	2290	0.81673031	-0.5295177
256	232	2291	0.27872747	1.0273544
376	232	2292	0.47844484	1.3987683
391	232	2293	0.56012562	-1.2871802
248	233	2294	0.32701997	1.2219428
274	233	2295	0.54689332	-1.3455567
345	234	2296	0.54596428	0.73282058
469	234	2297	0.60976257	2.8984404
316	235	2298	0.23782662	1.7290224
405	235	2299	0.55561188	-1.6981501
246	236	2300	0.56571232	-0.7794189
252	236	2301	0.73180495	1.2083557
260	236	2302	0.49654088	-2.9422942
261	236	2303	0.64014351	0.051787186
364	236	2304	0.44085437	-1.5797838
239	237	2305	0.72237159	3.100857
262	237	2306	0.6915751	-2.269199
296	237	2307	0.77937145	1.0897006
327	237	2308	0.8210223	1.6724013
414	237	2309	0.70038242	2.2816714
241	238	2310	0.47960595	-0.88390163
314	238	2311	0.52764028	2.308498
335	238	2312	0.7285766	-0.77343981
419	238	2313	0.80777691	2.4277001
262	239	2314	0.62397535	-1.1106528
328	239	2315	0.53172665	2.0448169
414	239	2316	0.56695058	1.0848836
497	239	2317	0.75097863	2.9095792
328	240	2318	0.43254188	-2.4408434
414	240	2319	0.30679076	-0.95632452
457	240	2320	0.40872529	1.6972115
335	241	2321	0.25738245	-0.56655106
302	242	2322	0.91990884	-1.4033074
381	242	2323	0.90614102	-2.3126832
399	242	2324	0.8684597	-0.24045396
404	242	2325	0.80274689	1.0511631
441	242	2326	0.67642817	2.2362248
268	243	2327	0.86864574	-0.91449856
301	243	2328	0.51157235	-1.5899415
360	243	2329	0.72486651	-1.6187542
377	243	2330	0.53751036	0.047905084
455	243	2331	0.93840454	1.8230871
458	243	2332	0.46824996	-2.5235048
493	243	2333	0.7383514	1.4480283
282	244	2334	0.58045358	1.4528609
329	244	2335	0.60906186	-0.065279499
357	244	2336	0.7881669	2.7166746
488	244	2337	0.49187926	0.43292338
276	245	2338	0.48081965	0.75359036
345	245	2339	0.54364296	-1.3057977
449	245	2340	0.64717607	3.0004522
491	245	2341	0.47286938	1.9086082
261	246	2342	0.49159338	1.0680145
292	246	2343	0.33172551	-1.5737345
364	246	2344	0.40865736	-3.0356421
423	246	2345	0.67608266	-0.27264253
266	247	2346	0.42392499	0.95736629
389	247	2347	0.70911417	-0.45432182
410	247	2348	0.38308577	-3.0403448
346	248	2349	0.776576	0.11089428
425	248	2350	0.34733585	1.0785018
482	248	2351	0.45812072	-3.0244383
297	249	2352	0.68832212	1.1562211
455	249	2353	0.62290206	-1.6771521
257	250	2354	0.36230441	1.5045874
427	251	2355	0.19416447	-0.79414869
261	252	2356	0.75380867	-1.0427278
352	252	2357	0.885883	1.3631912
401	252	2358	0.57120535	2.3511048
286	253	2359	0.7704863	1.968693
323	253	2360	0.13636042	0.082839024
328	254	2361	0.46788154	-1.1639717
402	254	2362	0.29704822	2.1792001
408	254	2363	0.38599233	-2.4059095
457	254	2364	0.52949067	0.50175991
297	255	2365	0.77608118	-2.5905125
336	255	2366	0.75681716	-1.6666717
473	255	2367	0.78019546	0.77237441
376	256	2368	0.24098282	1.83197
287	257	2369	0.54402757	-2.5477499
295	257	2370	0.69928461	0.64731296
302	257	2371	0.85103626	1.758073
289	260	2372	0.38479853	2.719494
423	261	2373	0.73967659	-0.97639508
384	262	2374	0.60977523	-2.143003
268	263	2375	0.71664601	1.6371347
289	263	2376	0.58222623	-1.0710317
367	264	2377	0.6730572	1.9507481
408	264	2378	0.5309647	-0.053618604
497	264	2379	0.71629299	-0.77174493
471	265	2380	1.5093994	-1.6863798
279	266	2381	0.64250781	2.1047721
352	267	2382	0.38115405	-1.4264917
465	267	2383	0.46576502	1.2742072
301	268	2384	0.5680178	2.8252396
377	268	2385	0.71396297	1.5611926
400	268	2386	0.53122394	-0.15587289
315	269	2387	0.33012073	-0.13882921
356	269	2388	0.48099272	1.1441482
383	270	2389	0.22641308	1.3622801
386	271	2390	0.99207594	-0.83442716
476	272	2391	0.78136392	0.23010299
321	273	2392	0.34645835	1.001081
326	273	2393	0.24563005	-2.3837802
353	274	2394	1.0451804	-2.4248562
361	274	2395	0.76078523	-1.3868513
378	275	2396	0.71679945	2.0766577
385	275	2397	0.67573969	-2.8595184
396	275	2398	0.65117171	0.19998892
463	275	2399	0.55859424	-0.89288042
490	275	2400	0.49318517	0.8178876
453	276	2401	0.46854802	2.0235083
491	276	2402	0.52069819	2.9146883
424	277	2403	0.59193403	-1.7251123
448	277	2404	0.70829382	2.7176173
380	278	2405	0.67519327	1.3744255
444	278	2406	0.61838718	-2.6416561
465	278	2407	0.75478728	-0.5653912
349	279	2408	0.60448271	2.9144188
388	279	2409	0.6093689	2.2427722
334	280	2410	0.44985156	2.4925357
354	280	2411	0.56514431	0.59563027
436	280	2412	0.46694245	-2.4799366
308	281	2413	0.86367618	-2.5424015
367	281	2414	0.67738346	-1.2644636
424	281	2415	0.69369021	1.9035056
474	281	2416	0.59697215	1.2529418
307	282	2417	0.82882751	1.9560762
357	282	2418	0.82561418	-2.8320478
488	282	2419	0.52913659	-0.77452372
331	283	2420	0.47854298	-1.6250807
418	283	2421	0.77724773	0.82394354
446	283	2422	0.73040977	3.1223891
468	283	2423	0.62104004	-2.5465138
306	285	2424	0.24520251	0.61367807
433	285	2425	0.55168815	-2.8586802
456	285	2426	0.24140403	2.9118756
500	285	2427	0.59102922	1.1389291
307	286	2428	0.72588708	-2.4431774
324	286	2429	0.76691885	1.7015731
403	286	2430	0.78197354	2.4276193
481	286	2431	0.7534406	1.189888
421	288	2432	0.71755733	0.54530807
464	288	2433	0.79426469	-2.6322786
303	290	2434	0.41389714	-2.2658998
395	291	2435	0.38057026	-1.700009
450	291	2436	0.43265696	0.36450522
494	291	2437	0.49799612	-0.58369366
393	292	2438	0.45934823	-2.4213299
423	292	2439	0.66904079	0.22561814
393	293	2440	0.31214092	2.3573651
462	293	2441	0.72744658	-0.096946771
434	294	2442	0.53048678	0.55048999
302	295	2443	0.82753925	2.6170364
320	295	2444	0.55927598	1.7715898
358	295	2445	0.67629512	0.82184571
327	296	2446	0.46143449	2.8652793
336	297	2447	0.68338146	-0.53255816
355	297	2448	0.49195417	-2.847407
442	297	2449	0.48192983	2.2252758
344	298	2450	0.5939705	-1.1842944
432	298	2451	0.49805678	-1.4236409
341	299	2452	0.29099368	-0.2515016
477	299	2453	0.55007744	-1.5656814
496	299	2454	0.43704493	-1.934012
315	300	2455	0.3868207	-2.5846236
356	300	2456	0.53484129	2.5926348
483	300	2457	0.40277846	-0.29078983
487	300	2458	0.67501894	0.7254164
360	301	2459	0.21401454	-1.6876721
309	302	2460	0.86561169	-2.6659797
320	302	2461	0.61930612	0.21740761
381	302	2462	0.80206351	2.8389716
399	302	2463	0.98314259	0.79266182
380	304	2464	0.50326716	2.4688742
391	304	2465	0.67182084	1.293191
465	304	2466	0.76127729	-1.4231815
475	304	2467	0.44212265	-0.092489164
433	306	2468	0.78763523	-2.7574023
445	306	2469	0.73253333	0.53421043
500	306	2470	0.39833102	1.4527212
357	307	2471	1.1247414	-2.0066869
403	307	2472	0.97944556	1.6065993
363	308	2473	0.93630398	-2.6814963
367	308	2474	0.93112537	-0.17133719
489	308	2475	0.89251811	-1.9040459
370	309	2476	0.47829063	2.6624908
381	309	2477	0.6353949	1.5646226
415	311	2478	0.65675965	-0.97348325
420	311	2479	0.95014673	0.63952976
427	311	2480	0.5087259	1.200962
439	312	2481	0.72825157	2.7456232
499	312	2482	0.48740496	-3.0858332
321	313	2483	0.50626937	-1.9151697
477	313	2484	0.5180447	1.4216666
348	314	2485	0.59121175	3.0805964
419	314	2486	0.29073273	2.6452353
356	315	2487	0.50018739	1.8293709
323	317	2488	0.75376716	-1.4652632
375	318	2489	0.92264832	-1.0076741
451	318	2490	0.67209278	2.1266558
472	318	2491	0.62884824	-2.3773904
392	319	2492	0.38335264	-2.1123196
358	320	2493	0.57443952	-0.0919027
399	320	2494	0.57303239	1.4212227
411	321	2495	0.45176454	-0.19585795
360	322	2496	0.3816472	-0.89775685
461	322	2497	0.90379602	1.8201496
466	322	2498	0.68383348	-1.2167956
341	323	2499	0.49896201	-1.8372201
333	324	2500	0.55734629	1.3596748
368	324	2501	0.69714555	2.1385899
403	324	2502	0.55019474	-2.6733748
481	324	2503	0.38496397	-0.15894436
343	326	2504	0.68684003	-2.1880394
421	326	2505	0.39590569	-3.082654
414	327	2506	0.47062599	-2.4883111
457	327	2507	0.70676949	2.590477
408	328	2508	0.50124832	2.7941825
414	328	2509	0.50827497	0.055563321
497	328	2510	0.57317867	-2.5898987
488	329	2511	0.29421965	2.1508984
395	330	2512	0.43090358	2.366397
494	330	2513	0.43384208	1.2010177
456	331	2514	0.31338694	-0.64164178
468	331	2515	0.50525197	2.8819845
498	331	2516	0.6186509	-2.8680229
500	331	2517	0.7903188	0.38147882
351	332	2518	0.40235152	-1.1953712
368	333	2519	0.49355969	3.0547973
432	333	2520	0.46976072	1.8439892
460	333	2521	0.25676965	0.20745852
347	334	2522	0.25217899	2.4555021
354	334	2523	0.82743293	0.054602008
422	334	2524	0.34231488	0.73786667
377	337	2525	0.59354393	-1.5288531
444	337	2526	0.53716172	-0.2075559
493	337	2527	0.43673726	2.8774298
409	338	2528	0.57887951	-2.3003945
342	339	2529	0.30020727	-2.8883456
441	339	2530	0.4443966	0.47216443
374	340	2531	0.32392669	-2.5286676
412	340	2532	0.5140179	2.7560482
462	340	2533	0.69823127	2.9691972
443	341	2534	0.62356552	-1.6886804
477	341	2535	0.55318031	-2.0994858
441	342	2536	0.74031528	0.38398381
421	343	2537	0.53678675	1.5664793
460	344	2538	0.41053084	-0.98449913
434	345	2539	0.99338428	-0.46582892
449	345	2540	0.99618193	2.4753132
347	346	2541	0.47809079	2.5241816
422	346	2542	0.35220312	1.4037153
425	346	2543	0.64628879	2.7940006
429	346	2544	1.0781505	-0.24947362
422	347	2545	0.45391009	0.15599137
425	347	2546	0.22505378	-2.8872266
419	348	2547	0.34979306	0.29714082
388	349	2548	0.40004722	1.0193312
438	350	2549	0.25367986	-1.0477896
485	350	2550	0.49507847	-2.5480484
401	352	2551	0.74431369	-2.4738212
428	352	2552	0.67536796	3.1340987
449	352	2553	0.9392015	0.34786594
465	352	2554	0.82663057	1.4722704
469	352	2555	0.84318672	-0.65549159
361	353	2556	0.92919944	-0.06606484
422	354	2557	0.60208514	2.8290616
442	355	2558	0.55417085	1.2448546
480	355	2559	0.59079906	-1.7745798
487	356	2560	0.97602178	0.17377929
448	358	2561	0.82564914	0.78008183
485	359	2562	0.62840001	-0.93752347
437	360	2563	1.0149628	-0.94913215
458	360	2564	0.5703054	2.2246063
466	360	2565	0.34301071	-1.573282
366	362	2566	0.38720276	0.53925919
451	362	2567	0.60836644	-0.35325366
378	363	2568	0.7103877	-2.0754144
489	363	2569	0.69432341	-0.66358388
396	365	2570	0.56946164	-2.5998518
489	365	2571	0.70603083	2.5423488
451	366	2572	0.47373676	-1.0431024
375	368	2573	0.72380342	-3.0466722
403	368	2574	0.84407625	-1.7087487
432	368	2575	0.5485694	0.84291613
478	368	2576	0.51402002	2.3348724
429	369	2577	0.79545685	-2.8215297
439	369	2578	0.52965075	-0.098983344
381	370	2579	0.59635192	0.76943411
486	370	2580	0.57477724	-2.6353274
438	371	2581	0.50920355	-3.020073
387	372	2582	0.74863587	2.808612
472	372	2583	1.618436	-0.54796808
433	373	2584	1.0734453	-2.7884756
438	373	2585	0.34685413	-1.7316761
445	373	2586	0.46166474	0.69873883
412	374	2587	0.43449871	2.0787181
403	375	2588	0.9769216	-0.9036437
472	375	2589	1.0074541	2.7920237
478	375	2590	0.57142421	0.87812207
444	377	2591	0.69526071	0.76666785
385	378	2592	0.86916	-1.925293
489	378	2593	0.91136111	0.21471184
433	379	2594	0.92379546	-0.014969997
454	379	2595	0.64813609	2.7746129
487	379	2596	0.41934688	-2.0173253
498	379	2597	0.42967216	0.52557183
391	380	2598	0.66658765	0.52223593
391	385	2599	0.80778955	-3.0945906
430	385	2600	0.98560612	-1.343292
462	389	2601	0.25998875	-1.5548806
394	390	2602	0.71670322	1.2630716
406	390	2603	0.61420067	0.75922807
470	390	2604	1.0729599	-1.8324714
475	391	2605	0.73312589	-1.2139181
407	392	2606	0.56374328	-0.221545
406	394	2607	0.34628165	-0.85039114
452	394	2608	0.65007775	0.78076398
494	395	2609	0.47585143	0.21806725
463	396	2610	0.63360451	-2.0424045
489	396	2611	0.6983493	1.7073873
490	396	2612	0.37910672	2.4879836
448	399	2613	1.0742369	-0.035979803
401	400	2614	0.50972248	-0.22302084
428	400	2615	0.53829291	0.71577596
428	401	2616	0.47475385	1.7634776
436	404	2617	0.50008596	0.14439202
431	405	2618	0.30212798	0.068595246
470	405	2619	0.41978831	-0.91960879
452	406	2620	0.75476506	1.2564613
416	407	2621	0.534193	0.257644
457	407	2622	0.58516977	-1.188
497	408	2623	0.47137823	-1.606525
492	411	2624	0.45890834	2.2740539
423	412	2625	0.68866026	1.804163
462	412	2626	0.22400624	-2.8071572
457	414	2627	0.69475381	1.9057828
457	416	2628	0.74144876	-1.9843907
435	418	2629	0.68324174	0.5443334
446	418	2630	1.3757898	-2.7252913
464	418	2631	0.61933174	0.01369158
427	420	2632	0.58587671	-2.9826395
474	424	2633	0.42252348	-0.21121251
437	426	2634	0.86243205	2.0938815
449	430	2635	1.0241341	-1.8677923
453	430	2636	0.58247728	-0.581583
475	430	2637	0.80810197	2.8461076
491	430	2638	0.65083567	-1.2836797
460	432	2639	0.5499565	-0.81297181
456	433	2640	0.36126813	0.61682151
487	433	2641	1.1633276	-2.8229889
459	434	2642	0.6727627	0.4207208
466	437	2643	0.76341161	2.4581575
467	438	2644	0.59987784	-2.5173535
485	438	2645	0.54014168	-3.0356251
482	441	2646	0.61155914	1.0784684
477	443	2647	0.24970613	2.5387312
468	446	2648	0.42168049	-1.0330398
476	446	2649	1.4399173	-3.0198461
465	449	2650	0.94608455	2.5817075
469	449	2651	0.8612712	-1.8225088
491	449	2652	0.60031238	0.63295779
494	450	2653	0.42883639	-1.5444131
497	450	2654	0.44093453	1.0064884
486	452	2655	0.73389938	0.52545474
491	453	2656	0.42894464	-2.3532185
476	454	2657	0.73023736	2.4474499
480	455	2658	0.58307534	2.0082321
493	455	2659	0.36925574	-0.4965248
500	456	2660	0.68182379	0.78472207
484	459	2661	0.41162937	0.4213786
481	460	2662	0.6588998	-1.5525043
480	461	2663	0.98674466	1.5561585
500	464	2664	0.88017617	-2.0939402
475	465	2665	0.78417897	1.1388825
485	467	2666	0.29777661	1.7407541
498	468	2667	0.31564604	-1.9177265
480	470	2668	0.6134562	-1.4768335
495	474	2669	0.5196917	0.20016456
496	477	2670	0.21219069	2.4113716
487	483	2671	0.57579212	1.3622764
490	489	2672	0.50518171	-1.9905485
