from	to	label	distance	angle
1	3	1	0.8771537	-0.9882451
1	11	2	0.1662246	-2.957124
1	39	3	0.4616706	0.5739406
1	44	4	0.4776599	-1.688834
2	10	5	0.9111677	0.3405433
2	18	6	0.7323988	2.546005
2	20	7	0.6936485	0.5797032
2	30	8	0.4493381	1.467319
2	37	9	0.4464265	1.734823
2	47	10	1.144734	2.707024
2	48	11	0.5300625	1.259687
3	13	12	1.471688	-0.6371759
3	27	13	0.3914549	-2.563822
3	28	14	0.7576345	-1.383751
3	32	15	0.4837401	-1.662739
3	39	16	0.9877067	1.667001
3	44	17	0.5974669	2.694817
4	28	18	0.3961468	0.1820602
4	32	19	0.3919098	1.022434
4	34	20	0.2838034	-1.372666
5	12	21	1.17557	0.01374238
5	14	22	0.3087577	-2.150066
5	45	23	1.55915	-0.9364691
5	49	24	0.9873207	0.6294801
6	18	25	0.2362051	-1.183178
6	45	26	0.2300126	-2.7744
6	50	27	0.5103077	0.5245191
7	23	28	0.534264	-2.964415
7	27	29	0.5446422	1.528499
7	31	30	0.541461	-1.897924
7	32	31	0.4126476	0.7334924
7	34	32	0.3717379	-1.131517
8	10	33	1.575951	-2.406721
8	13	34	0.740501	1.598568
8	29	35	1.013254	2.575137
9	21	36	0.5609698	1.630862
9	23	37	0.3587024	-1.937452
9	27	38	0.5184319	0.625303
9	35	39	0.6507915	2.987747
9	41	40	0.547932	-2.974101
10	26	41	1.052428	1.667077
11	39	42	0.6186744	0.4717457
11	44	43	0.4565979	-1.333909
12	19	44	0.09674247	1.421105
12	42	45	0.3166268	-0.9273383
12	45	46	1.29662	-1.765961
12	49	47	0.6795261	2.15958
13	28	48	1.050243	3.016411
13	29	49	0.8572443	-2.910364
13	39	50	2.25554	2.173062
14	45	51	1.479742	-0.7397161
14	47	52	1.435271	-0.8334706
15	24	53	0.539455	2.190308
15	35	54	0.1139123	-0.112745
15	38	55	0.4183357	-1.052386
15	40	56	0.7059732	1.760871
15	41	57	0.2970513	-0.7564933
15	49	58	0.4027679	-2.656091
16	17	59	0.1936962	-2.580792
16	22	60	0.2478844	-3.062467
16	26	61	0.3665237	-1.365391
16	29	62	0.5271748	0.3769532
16	34	63	0.1791223	1.860504
17	22	64	0.1177389	2.35412
17	26	65	0.3499305	-0.8197839
17	36	66	0.2508951	-2.478027
18	45	67	0.3330435	2.720587
18	47	68	0.4378479	2.978526
18	50	69	0.5908529	0.9317077
19	38	70	0.3404932	1.042236
19	42	71	0.3906325	-1.104739
19	43	72	0.5003258	0.3840716
19	49	73	0.6114632	2.266286
20	26	74	0.9879674	1.390312
21	25	75	0.3440275	1.990775
21	27	76	0.5214577	-0.5142545
21	44	77	0.3248293	0.72514
22	31	78	0.1369599	3.032226
24	49	79	0.6286285	-1.639247
25	35	80	0.9053967	-2.115515
25	40	81	0.7189765	-3.046471
26	36	82	0.4480346	2.913603
26	48	83	1.035555	-2.183361
27	32	84	0.3900561	-0.7571131
27	44	85	0.5169208	1.991067
28	29	86	0.3878257	-1.005956
28	32	87	0.321496	2.185076
28	34	88	0.4835942	-2.332447
29	33	89	0.4429877	-2.945781
30	37	90	0.1194884	-3.087166
30	48	91	0.1294126	0.461981
30	50	92	0.5311989	2.171588
31	34	93	0.3759784	0.4880634
31	36	94	0.2538273	-1.485725
31	42	95	0.7812179	-2.960914
31	43	96	0.6224302	2.451887
35	40	97	0.7478891	1.90677
35	41	98	0.2169909	-1.077036
36	42	99	0.7980416	3.000118
36	48	100	0.9617607	-1.736849
36	50	101	0.8083336	-2.362376
37	50	102	0.4800952	1.9573
38	41	103	0.1597206	1.51602
38	43	104	0.3109923	-0.3497177
38	49	105	0.5901817	2.839807
39	46	106	1.015011	-2.890315
42	45	107	1.110219	-1.979689
42	50	108	0.7137041	-1.264845
45	47	109	0.1436392	-2.671803
3	1	110	0.8771537	2.153348
11	1	111	0.1662246	0.1844689
39	1	112	0.4616706	-2.567652
44	1	113	0.4776599	1.452759
10	2	114	0.9111677	-2.801049
18	2	115	0.7323988	-0.5955878
20	2	116	0.6936485	-2.561889
30	2	117	0.4493381	-1.674274
37	2	118	0.4464265	-1.406769
47	2	119	1.144734	-0.4345685
48	2	120	0.5300625	-1.881905
13	3	121	1.471688	2.504417
27	3	122	0.3914549	0.5777709
28	3	123	0.7576345	1.757842
32	3	124	0.4837401	1.478854
39	3	125	0.9877067	-1.474592
44	3	126	0.5974669	-0.4467753
28	4	127	0.3961468	-2.959532
32	4	128	0.3919098	-2.119159
34	4	129	0.2838034	1.768927
12	5	130	1.17557	-3.12785
14	5	131	0.3087577	0.9915264
45	5	132	1.55915	2.205124
49	5	133	0.9873207	-2.512113
18	6	134	0.2362051	1.958414
45	6	135	0.2300126	0.3671928
50	6	136	0.5103077	-2.617074
23	7	137	0.534264	0.177178
27	7	138	0.5446422	-1.613094
31	7	139	0.541461	1.243668
32	7	140	0.4126476	-2.4081
34	7	141	0.3717379	2.010076
10	8	142	1.575951	0.734872
13	8	143	0.740501	-1.543024
29	8	144	1.013254	-0.5664559
21	9	145	0.5609698	-1.51073
23	9	146	0.3587024	1.204141
27	9	147	0.5184319	-2.51629
35	9	148	0.6507915	-0.1538461
41	9	149	0.547932	0.1674919
26	10	150	1.052428	-1.474516
39	11	151	0.6186744	-2.669847
44	11	152	0.4565979	1.807683
19	12	153	0.09674247	-1.720488
42	12	154	0.3166268	2.214254
45	12	155	1.29662	1.375632
49	12	156	0.6795261	-0.982013
28	13	157	1.050243	-0.1251819
29	13	158	0.8572443	0.2312289
39	13	159	2.25554	-0.968531
45	14	160	1.479742	2.401877
47	14	161	1.435271	2.308122
24	15	162	0.539455	-0.9512847
35	15	163	0.1139123	3.028848
38	15	164	0.4183357	2.089206
40	15	165	0.7059732	-1.380721
41	15	166	0.2970513	2.385099
49	15	167	0.4027679	0.4855016
17	16	168	0.1936962	0.5608006
22	16	169	0.2478844	0.07912593
26	16	170	0.3665237	1.776202
29	16	171	0.5271748	-2.764639
34	16	172	0.1791223	-1.281089
22	17	173	0.1177389	-0.7874728
26	17	174	0.3499305	2.321809
36	17	175	0.2508951	0.663566
45	18	176	0.3330435	-0.4210059
47	18	177	0.4378479	-0.1630668
50	18	178	0.5908529	-2.209885
38	19	179	0.3404932	-2.099357
42	19	180	0.3906325	2.036854
43	19	181	0.5003258	-2.757521
49	19	182	0.6114632	-0.8753066
26	20	183	0.9879674	-1.751281
25	21	184	0.3440275	-1.150818
27	21	185	0.5214577	2.627338
44	21	186	0.3248293	-2.416453
31	22	187	0.1369599	-0.1093669
49	24	188	0.6286285	1.502345
35	25	189	0.9053967	1.026078
40	25	190	0.7189765	0.09512163
36	26	191	0.4480346	-0.2279901
48	26	192	1.035555	0.9582322
32	27	193	0.3900561	2.38448
44	27	194	0.5169208	-1.150525
29	28	195	0.3878257	2.135636
32	28	196	0.321496	-0.9565164
34	28	197	0.4835942	0.8091452
33	29	198	0.4429877	0.1958112
37	30	199	0.1194884	0.05442689
48	30	200	0.1294126	-2.679612
50	30	201	0.5311989	-0.9700046
34	31	202	0.3759784	-2.653529
36	31	203	0.2538273	1.655867
42	31	204	0.7812179	0.180679
43	31	205	0.6224302	-0.6897057
40	35	206	0.7478891	-1.234823
41	35	207	0.2169909	2.064557
42	36	208	0.7980416	-0.1414746
48	36	209	0.9617607	1.404744
50	36	210	0.8083336	0.7792165
50	37	211	0.4800952	-1.184293
41	38	212	0.1597206	-1.625573
43	38	213	0.3109923	2.791875
49	38	214	0.5901817	-0.301786
46	39	215	1.015011	0.2512778
45	42	216	1.110219	1.161903
50	42	217	0.7137041	1.876747
47	45	218	0.1436392	0.4697898
