from	to	label	distance	angle
1	65	1	0.40780865	-1.4273534
1	142	2	0.70803901	-1.7271176
1	238	3	1.2336361	1.9736751
1	314	4	0.79881199	1.6384757
1	338	5	0.87402651	-1.8808295
1	388	6	0.34889797	-2.9811179
1	409	7	0.92729444	1.8194379
2	33	8	0.88685682	0.605136
2	121	9	0.73940885	0.46663866
2	137	10	0.32566502	-1.4707715
2	192	11	1.42887	-2.6244564
2	332	12	0.97463898	-2.3521057
3	132	13	0.72400658	0.45103283
3	208	14	1.1322666	-1.215424
3	361	15	1.0020966	1.8816208
3	439	16	1.6263614	2.4065619
4	50	17	0.45570382	-2.260168
4	65	18	0.10375088	-0.40782015
4	450	19	0.74095017	1.7784072
5	13	20	0.664281	-2.74984
5	22	21	1.6627915	-1.1207554
5	73	22	0.81960077	2.1610486
5	149	23	0.8339662	-2.019161
5	416	24	0.95670791	-1.2661754
5	432	25	1.8349476	1.5742729
6	128	26	0.33627338	-0.98397466
6	433	27	0.23670751	1.5085849
6	454	28	0.46251038	-2.392321
7	67	29	1.2253647	2.0005438
7	94	30	0.46315059	-1.9647543
7	195	31	1.1536576	-0.75351514
8	89	32	0.063840179	-2.6398917
8	104	33	0.27998609	-0.65784338
8	258	34	0.56538934	2.1554764
8	296	35	0.58452961	2.5468338
8	435	36	0.44295074	0.14240629
9	52	37	0.29975379	1.6406254
9	116	38	0.55327814	-1.4975115
10	67	39	1.0410525	-0.20976489
10	260	40	0.49543479	-2.9437379
10	377	41	0.04179185	-2.9725329
10	419	42	0.12138786	-1.9798918
11	13	43	0.39579492	0.92480996
11	24	44	0.62473313	-1.7030259
11	31	45	0.85533156	1.7506048
11	149	46	0.52331743	-0.35492136
11	374	47	0.34156266	2.5195589
11	445	48	0.32104045	-0.75863558
12	231	49	1.133967	-1.9023513
12	242	50	0.57156639	2.8272308
12	352	51	0.33428046	-1.3197215
12	493	52	0.43245881	0.31116982
13	31	53	0.65514072	2.2107669
13	73	54	0.94778003	1.4035335
13	149	55	0.55824329	-1.1015653
14	116	56	0.88307451	1.4112006
14	147	57	0.24212537	-0.61259373
14	227	58	0.077475662	-2.8546662
14	252	59	0.32581891	-3.0215225
14	256	60	0.9975226	-1.4938434
14	269	61	1.3714511	1.0887127
14	301	62	1.0904353	-1.7922891
15	53	63	0.11573279	2.0000023
15	96	64	0.18029388	-0.33249779
15	206	65	0.71776069	-0.8163403
15	240	66	1.1784493	-2.9256774
15	448	67	0.68621113	-1.9698265
15	465	68	0.68665113	2.9421655
16	35	69	0.60900304	1.8026853
16	108	70	0.83451997	0.093787209
16	297	71	0.5682916	-2.0496032
17	197	72	0.72638896	0.15819675
17	222	73	1.0761133	0.9892353
17	499	74	0.89875051	-2.7302963
18	43	75	0.87032043	0.12665169
18	103	76	0.54775216	2.8148648
18	152	77	0.67561994	0.45060103
18	159	78	0.18089241	1.2624924
19	67	79	1.0799919	-0.19545335
19	260	80	0.45366186	-2.9410857
19	377	81	0	0
20	273	82	0.15698322	-3.0161813
21	146	83	0.54506342	2.709804
21	169	84	0.74725061	-0.78876557
21	191	85	0.42482422	-0.54376966
21	249	86	0.28382005	2.2267453
21	295	87	0.4282502	2.6736649
21	345	88	0.64242785	2.6822893
22	125	89	0.48842325	-1.9206542
22	416	90	0.72947623	2.2120472
22	477	91	1.5777264	-0.93047073
23	173	92	0.39995201	-1.5852258
23	264	93	0.32110168	2.3405134
23	303	94	0.28465424	1.9970347
23	305	95	0.23429149	3.0783368
24	230	96	0.35154405	-0.12205436
24	374	97	0.84126827	1.8049838
24	385	98	0.30346496	-1.045496
24	445	99	0.50813552	0.90123342
25	143	100	0.4868928	0.67882222
25	189	101	0.20152317	2.8759259
25	200	102	0.20904627	-0.012937753
25	479	103	0.3693193	-1.2276344
25	494	104	0.29487225	-2.0970257
26	50	105	0.034616444	-2.2782002
26	340	106	0.47092534	-1.5839435
27	123	107	0.5542921	1.8984036
27	132	108	1.1303285	-1.0366035
27	188	109	0.79962297	2.7348872
27	226	110	1.2180311	2.4358662
27	361	111	0.50810582	-2.4233532
27	472	112	0.39443692	0.23478618
28	107	113	0.64794754	1.4010709
28	265	114	0.39191209	-0.34518985
28	387	115	1.2782051	-2.6223196
28	399	116	0.89263287	2.0633403
28	426	117	1.0669891	1.7777675
28	449	118	1.1552561	-1.7606822
29	97	119	0.74606325	0.31579074
29	182	120	0.36203688	-1.1519613
29	422	121	0.36467995	2.4655721
29	453	122	0.73374937	-2.4236564
30	266	123	0.39659785	3.0291875
30	271	124	0.28794614	-1.1168974
30	290	125	0.2482165	1.8805599
30	298	126	0.18290673	1.4016238
30	365	127	0.8540962	-0.64934885
31	73	128	0.68465439	0.64033395
31	256	129	0.71273809	1.7502197
31	301	130	0.77210686	2.1825703
31	303	131	0.35977415	2.6348108
31	374	132	0.65449041	-1.7623704
32	231	133	0.29851749	-0.46969135
32	242	134	1.1176026	1.488603
32	286	135	0.51880401	-2.0363944
32	358	136	0.66870814	1.1858964
32	364	137	1.0929255	-2.7795123
32	456	138	0.30295087	-0.74978156
33	95	139	0.46006258	0.47191433
33	121	140	0.18520013	-1.9526757
33	189	141	0.23489043	1.2123121
33	278	142	0.60833781	-2.3128711
34	114	143	1.1760546	-1.3544224
34	208	144	1.756916	1.8380798
34	222	145	1.9096441	-1.8032557
34	373	146	0.78901075	-0.17789553
34	498	147	0.98593468	1.6591601
35	102	148	0.98569959	1.0275189
35	184	149	0.51678011	-2.5146555
35	311	150	0.30410723	2.3457109
36	47	151	1.2759356	-1.7487694
36	204	152	0.96936509	2.0043456
36	225	153	0.67950942	-2.5499851
36	310	154	1.2195792	0.41811671
36	496	155	0.95953972	2.4546762
37	122	156	0.62002268	-0.27318421
37	170	157	0.77724927	2.4968805
37	174	158	0.21010359	2.112571
37	219	159	0.79818457	-0.32982947
37	237	160	1.0792151	2.5235585
37	251	161	0.025488878	0.70379427
38	153	162	0.29029656	1.3198508
38	190	163	0.84238684	-1.3249919
38	235	164	0.80100687	-2.0976999
38	431	165	0.79299838	2.872278
38	459	166	0.70274725	-0.41194652
39	281	167	0.35758745	-1.6958461
39	400	168	0.63761696	2.2184292
40	115	169	0.55464758	1.7393147
40	154	170	0.8758514	2.2289108
40	300	171	0.034343278	2.068992
40	322	172	1.3197786	-0.038020971
40	495	173	0.62543233	0.16820577
41	46	174	0.62430435	0.11169836
41	405	175	1.0683169	-2.0835888
41	440	176	0.58020208	-2.9255122
41	451	177	0.76253822	1.8021431
42	110	178	1.0104438	-1.890216
42	213	179	0.62856955	-1.8545767
42	215	180	0.62300637	-1.8038951
42	386	181	0.2223434	2.83433
43	152	182	0.31476612	2.5160634
43	159	183	0.81086585	3.0645244
43	359	184	0.83235375	0.18163023
43	418	185	0.46068694	0.39491111
43	425	186	1.1884248	0.20859333
44	124	187	0.69754162	0.24641657
44	128	188	0.41224127	-2.8269163
44	209	189	0.59764729	1.6291712
44	269	190	0.71294125	-2.5537868
44	437	191	0.44079077	1.0880618
44	484	192	1.5218367	-1.8637709
45	80	193	0.71810146	1.514034
45	173	194	0.3055721	3.1297589
45	246	195	0.49897953	0.65230242
45	289	196	1.1046332	2.034842
45	317	197	0.75500501	-1.3697799
45	380	198	1.1255958	-1.4317284
46	321	199	0.67519172	-0.099228989
46	360	200	1.0493224	1.541461
46	379	201	1.2213562	-1.7590601
46	451	202	1.0415698	2.4395366
46	457	203	1.2932557	-1.230055
47	54	204	1.1126109	2.1514796
47	162	205	1.0261953	-2.7296746
47	225	206	0.93976282	1.9388631
47	254	207	1.2195792	0.41811671
47	360	208	0.90182612	-1.053424
48	190	209	0.77800165	-2.8689295
48	203	210	0.56032786	1.7244394
48	228	211	0.5637783	-2.1403199
48	398	212	0.11026921	-1.3460366
48	459	213	0.45018754	2.3312319
49	130	214	0.80893845	3.1286188
49	193	215	0.69792554	2.7273414
49	244	216	0.49932129	0.66716362
49	366	217	0.46766385	0.62570498
50	129	218	0.80290869	-1.5801738
50	403	219	0.60535956	2.7192562
50	410	220	0.3756763	2.4690011
51	55	221	0.88948782	1.3653503
51	76	222	0.4434648	0.33253553
51	373	223	0.89325512	-1.6940438
51	498	224	1.0013994	2.9044747
52	91	225	0.66385964	1.1950085
52	393	226	0.6494082	-1.2270796
52	423	227	0.65478108	1.6497869
52	483	228	0.40064473	-1.1312216
53	96	229	0.27331558	-0.64393517
53	216	230	0.39998662	-1.031668
53	335	231	0.39614848	-2.3598819
53	397	232	0.97742958	-3.0024606
53	465	233	0.62563816	3.0923501
54	225	234	0.27742641	-0.19376107
54	343	235	0.7094139	-2.5385024
54	447	236	0.719352	2.2272242
54	496	237	0.93879083	1.4701382
55	76	238	0.76394217	-1.254378
55	214	239	0.47157238	0.046885194
55	218	240	1.1841265	-1.0332668
55	415	241	0.91363802	2.4832707
55	490	242	1.289736	2.0241016
56	253	243	0.6521605	-0.73043998
56	436	244	0.36538138	-2.955519
56	467	245	0.85352981	1.3370411
57	70	246	1.1183272	0.92909559
57	84	247	0.9245051	-2.3386894
57	247	248	1.1451917	-2.1348672
57	315	249	0.91756944	0.78007821
57	334	250	0.33708935	-2.8570322
57	396	251	0.4507668	0.85874552
57	424	252	0.89355439	-2.1965165
57	456	253	0.21804016	1.396622
58	240	254	0.46885154	0.64261561
58	288	255	0.27500767	-2.943693
58	313	256	0.85400718	-0.2732016
58	330	257	0.66974022	-2.0650251
58	485	258	0.53303606	-0.64072093
59	85	259	1.2072866	2.7632864
59	188	260	0.44580085	-0.79666542
59	226	261	0.1953246	0.91594223
59	439	262	0.86579458	-1.8474703
60	66	263	0.28620589	0.93700604
60	356	264	1.3286389	0.45063052
60	401	265	0.25081582	-2.2870387
60	443	266	0.72974058	-1.8622819
61	97	267	0.36130751	-1.3261275
61	183	268	0.35476775	2.1762329
61	292	269	0.20427067	-0.6341122
62	207	270	1.0802023	1.9015544
62	217	271	0.91743095	1.7953946
62	237	272	1.1179779	-0.92900647
62	280	273	0.90191308	-0.77296
62	368	274	0.26025199	-0.75977795
63	69	275	0.28560484	-2.4483629
63	212	276	0.26454959	-0.54773691
64	171	277	0.38027143	-1.2897739
64	292	278	0.26193677	-2.2791456
64	363	279	0.40268449	2.1518529
64	479	280	0.55718724	1.8890191
65	142	281	0.34042728	-2.0886876
65	450	282	0.80531485	1.8837973
65	475	283	0.92132164	-2.0754042
66	356	284	1.083911	0.32689181
66	401	285	0.53656741	-2.2430943
67	267	286	0.5933703	2.487872
67	270	287	0.29818593	-0.37177695
67	377	288	1.0799919	2.9461393
67	411	289	1.3622359	-0.83280855
68	209	290	0.18811543	-1.4047666
68	332	291	0.49462326	1.3190819
68	336	292	0.37023807	0.31363961
68	433	293	0.63431964	-2.4724361
68	437	294	0.4760964	-0.96633756
69	150	295	0.37961461	0.62584001
69	212	296	0.44777167	0.10008991
69	491	297	0.29511818	2.2344776
69	493	298	0.85277403	-1.5303898
70	241	299	0.20618526	1.5020337
70	315	300	0.25109407	-1.6390405
70	396	301	0.66942564	-2.1651473
70	428	302	0.63491442	1.0392234
71	123	303	1.0076858	-0.88021155
71	226	304	0.52265013	-1.7766864
71	492	305	0.44249354	2.2062338
72	79	306	0.24430636	-1.7249724
72	96	307	0.38888264	2.7408359
72	146	308	0.54794547	-0.39338096
72	216	309	0.37231669	-3.067777
72	295	310	0.66563643	-0.37690628
73	256	311	0.73666556	2.7336658
73	432	312	1.2385683	1.1991496
73	497	313	1.018439	1.6578052
74	92	314	0.71256534	-1.0214644
74	136	315	0.83635021	1.7397875
74	210	316	1.1033874	-0.73020724
74	307	317	0.2471652	1.723914
74	405	318	1.0281833	-0.85543142
74	440	319	0.63252818	0.048051932
75	248	320	0.49307038	0.049046116
75	299	321	0.47914236	-2.9512853
75	354	322	0.65345412	2.5549785
75	435	323	0.51069402	-2.2128209
75	477	324	0.78261302	2.1850338
76	77	325	0.99910492	-1.764506
76	218	326	0.46968202	-0.66851641
77	239	327	0.36713631	-0.095577085
77	373	328	0.34047051	-2.9917513
78	234	329	0.25340796	2.9093377
78	351	330	0.36081849	-1.0093302
79	146	331	0.54451425	0.057649699
79	216	332	0.3964691	2.571583
79	276	333	0.41403837	-2.877858
79	492	334	0.78482216	-0.30635827
80	198	335	0.17594829	1.2737381
80	246	336	0.54592244	-0.86093331
80	289	337	0.59978834	2.6730201
81	106	338	1.0732934	1.1604357
81	229	339	0.17627847	0.18354043
81	252	340	0.25903308	2.1804266
81	255	341	1.0023688	1.3146427
81	289	342	0.94482324	-1.583965
81	436	343	0.16502537	-2.1766218
81	489	344	0.40934849	-1.8188725
82	237	345	0.1004237	-3.1174414
82	251	346	1.0057023	-0.65328594
82	329	347	0.47142314	2.0246913
82	362	348	0.47981682	-0.59562612
83	85	349	0.18215328	0.56817867
83	157	350	0.68258432	1.7376812
83	177	351	0.66053005	-2.0989722
84	247	352	0.30419415	-1.4722591
84	334	353	0.65339931	1.0613701
84	366	354	1.2133785	-2.5451221
84	461	355	0.86703683	-2.9526733
85	177	356	0.82676267	-2.1997949
85	226	357	1.2745445	-0.23033932
85	276	358	0.7083042	1.6597206
86	273	359	1.0046076	0.1617903
86	279	360	0.58471061	-2.0546718
86	308	361	0.79521045	2.7069353
86	375	362	1.4308474	2.3180797
86	417	363	1.3428556	0.51326806
87	108	364	0.52424619	2.8591219
87	400	365	0.45593836	0.2556143
88	246	366	1.0108639	1.7608616
88	339	367	0.64570039	-1.4395153
88	380	368	0.60560963	-2.3638077
88	455	369	0.35215969	-0.026164368
89	104	370	0.31106043	-0.46859392
89	251	371	0.9833472	2.4842549
89	266	372	0.19323197	1.8855897
89	271	373	0.47578479	-0.25396762
89	296	374	0.55826693	2.4449285
90	173	375	0.59146774	-0.75309817
90	282	376	0.41549403	2.0271227
90	289	377	0.62843845	1.1743453
90	473	378	0.60187931	1.2508392
91	192	379	0.65871968	0.90259464
91	401	380	0.265233	-1.4624344
91	423	381	0.29739891	3.0229392
92	176	382	0.24350316	3.0767246
92	199	383	0.68994499	-0.33228201
92	210	384	0.46794089	-0.27764321
92	441	385	0.41008073	-1.1672344
93	280	386	0.10101571	-2.3769987
93	285	387	0.56030565	1.815349
93	339	388	0.81708727	1.4712529
93	371	389	1.1344764	-0.36134482
93	380	390	1.116381	1.9708574
93	469	391	0.66356503	0.46531236
94	102	392	0.42260615	2.9473529
94	140	393	1.007298	-3.0786724
94	195	394	1.0813995	-0.34101577
94	471	395	0.81221247	-0.880014
95	189	396	0.32754373	3.1085605
95	200	397	0.088321045	-0.5319461
95	288	398	0.56237931	0.55373834
95	293	399	0.69309974	-2.3821461
95	330	400	0.49258978	-0.50841054
95	333	401	0.22226674	1.2343739
96	206	402	0.56442803	-0.96548524
96	216	403	0.1796549	-1.6445203
96	345	404	0.84065061	-0.37134628
97	171	405	0.35850923	0.17691219
97	182	406	0.7950563	-2.3557364
97	292	407	0.24210806	1.2469665
97	422	408	0.99365294	-3.1380446
98	105	409	0.4444691	-1.9415503
98	113	410	0.63458593	0.32411221
98	221	411	1.1175731	-3.0651774
98	323	412	0.24276142	-0.66470848
98	378	413	1.0980812	2.1542108
98	452	414	0.96237235	0.88136777
99	119	415	0.90015083	0.43657873
99	193	416	1.0001856	-2.2269246
99	261	417	1.3317549	-2.9963226
99	273	418	0.95066364	2.633845
99	309	419	0.97204101	-0.083522832
99	461	420	0.62647792	-0.46472054
100	159	421	0.53173042	-2.9724357
100	322	422	0.1159252	0.006423356
100	418	423	0.7099967	0.035628291
101	120	424	0.92384875	-1.3811783
101	181	425	0.11288677	0.25746996
101	277	426	0.915925	1.6394944
101	349	427	0.44659689	2.231191
101	446	428	1.1221757	1.1732253
101	467	429	0.65072817	3.01821
102	140	430	0.60816213	-2.9010041
102	156	431	0.9681032	-0.79156537
102	471	432	1.170291	-0.64929012
103	159	433	0.57367557	-0.0059885423
103	365	434	0.8630763	2.4543116
103	427	435	0.27566454	0.47244223
104	271	436	0.18418856	0.11396561
105	119	437	0.43020884	-3.0920371
105	221	438	1.0084336	2.8093099
105	309	439	0.55668903	-2.0910871
106	229	440	0.98553666	-1.8323713
106	255	441	0.17482217	-3.0584282
106	408	442	0.16496278	1.7145715
106	467	443	0.22461387	-1.4160148
107	178	444	0.77313058	1.3454783
107	263	445	0.53269695	0.36529399
107	265	446	0.81368843	-1.246406
107	426	447	0.52205788	2.2518864
108	400	448	0.94509767	-0.032640978
109	138	449	0.28028153	-0.9088104
109	220	450	0.77902769	2.3408618
109	462	451	0.9438485	-0.96510834
109	468	452	0.47664737	-1.1590147
110	150	453	0.30166499	3.0255641
110	194	454	0.72243532	1.3847259
110	211	455	0.45345982	-2.1563641
110	212	456	0.21571948	-2.4187405
110	215	457	0.39344065	1.1144311
110	223	458	0.39689606	2.8910718
110	474	459	0.34522072	3.1040234
111	238	460	0.6358918	-0.65314957
111	409	461	0.98278047	-0.68596668
111	462	462	0.23303982	1.430374
111	486	463	0.82780829	2.4194879
112	284	464	0.15787772	-2.9771871
112	402	465	0.41116269	1.6097326
112	428	466	0.65339624	-1.8516751
113	337	467	1.0481168	1.3117305
113	346	468	0.56527311	0.67918349
113	421	469	0.28852304	-1.4767422
113	480	470	0.89382244	1.2439075
114	222	471	0.99148262	-2.3439031
114	242	472	1.073443	-1.441095
114	373	473	1.1369924	1.0917551
114	491	474	0.8781699	-0.027563354
115	248	475	0.79108467	1.8144098
115	414	476	1.0948319	0.2053859
115	495	477	0.83607203	-0.55714354
116	252	478	1.022165	-2.0417688
116	255	479	0.16545566	-1.9518689
116	269	480	0.60280651	0.6058925
116	454	481	0.6011669	1.2807325
116	482	482	0.83597046	1.7003444
117	282	483	0.024995132	0.97087298
117	319	484	0.19654632	0.46122796
118	151	485	0.47849767	-1.7273547
118	179	486	0.53877721	2.3254546
118	196	487	0.68711473	-0.55637747
118	351	488	0.95810992	2.1570875
118	462	489	0.092588433	-0.22224957
118	468	490	0.40898426	2.2479914
119	221	491	0.62994664	2.5520022
119	309	492	0.48638318	-1.2509422
120	136	493	1.3616127	-1.5737562
120	162	494	0.80707559	-0.73274396
120	181	495	0.93828656	1.6400895
120	253	496	0.60013891	-2.659845
120	343	497	0.52779468	0.85674133
120	442	498	0.54469515	-2.410997
121	137	499	0.90852376	-2.3337366
121	183	500	0.34167007	-1.2504133
121	189	501	0.42006222	1.2019982
121	434	502	0.26375487	-0.3469668
122	219	503	0.18256284	-0.52331101
122	272	504	0.86713477	2.5138943
122	298	505	0.57424343	-0.17064057
122	326	506	0.44282031	0.78832843
123	169	507	0.64865551	1.7061751
123	226	508	0.79430863	2.8011983
123	304	509	1.3224273	-0.46048428
123	472	510	0.70947129	-0.65654938
124	171	511	1.9110886	0.68712263
124	182	512	0.81282813	0.80638555
124	432	513	2.0384705	-1.922841
124	437	514	0.52073533	2.7048423
124	453	515	0.45591844	1.8767076
125	259	516	0.62126047	2.7849847
125	331	517	1.2352359	-0.77431325
125	416	518	1.0775068	1.8230747
125	476	519	0.89605867	-1.2806631
126	198	520	0.41836277	-1.0569097
126	253	521	0.42253176	0.43971629
126	289	522	0.46220929	-2.5397197
126	436	523	0.71662917	2.2723547
126	442	524	0.51719215	0.18363892
127	179	525	0.20602942	0.44829706
127	232	526	0.5983367	2.5086479
127	243	527	0.14153494	2.1518722
127	351	528	0.49551521	1.5210173
128	209	529	0.80748961	1.1126646
128	269	530	0.3349771	-2.2154013
128	433	531	0.54400126	1.8914923
129	327	532	0.48048208	3.09618
129	340	533	0.35909086	1.5043746
129	402	534	0.98677192	-2.1460712
130	193	535	0.31940721	1.0096427
130	202	536	0.4698247	0.029099826
130	312	537	1.1468382	-3.0508755
131	158	538	0.1812475	1.4765384
131	164	539	0.53858523	-1.6642941
131	279	540	0.96541192	-0.20501933
131	291	541	0.91401007	-0.84192567
131	372	542	1.1036992	2.2791633
131	390	543	0.54524291	-2.6999958
132	208	544	1.4010043	-1.7557484
132	361	545	1.151347	2.5537629
132	415	546	1.0513167	-1.0185698
132	490	547	0.76809489	-0.39352612
132	500	548	0.60123273	0.54342035
133	179	549	0.24376714	1.4529505
133	243	550	0.35856743	2.2843909
133	367	551	0.56081883	-2.0470445
133	470	552	0.80155928	-1.5064629
134	168	553	1.0541399	0.70532078
134	175	554	0.92001663	-0.59870104
134	254	555	1.4847734	3.0031698
134	342	556	1.2129769	1.5409821
134	406	557	1.3639172	-1.7188428
135	320	558	0.48617007	1.2368743
135	403	559	0.64607727	-2.0475491
136	162	560	1.0198212	0.93697942
136	246	561	0.40249451	-3.0346942
136	307	562	0.58922921	-1.3951469
136	455	563	1.0545331	-1.4349468
136	488	564	0.39318576	-0.39289473
137	332	565	0.80756489	-2.6685157
137	336	566	0.88143262	-2.1601032
137	422	567	0.31492917	-1.4715071
138	220	568	1.0581058	2.3122844
138	462	569	0.66419828	-0.9888549
138	486	570	0.37448204	-2.4512782
139	221	571	0.81856027	-1.7118823
139	328	572	0.80511536	-2.4459315
139	357	573	0.89398759	2.3370561
140	184	574	1.0573275	-1.8955918
140	263	575	1.1217117	2.0392461
140	265	576	0.74569586	3.0888307
140	311	577	0.49926647	-1.8376929
141	286	578	0.17594539	2.7498471
141	456	579	0.43639875	0.83773487
142	338	580	0.20529186	-2.4371413
142	475	581	0.58094199	-2.0676203
143	172	582	1.1879299	0.27724855
143	200	583	0.35212722	-2.0743832
143	318	584	0.58861041	0.63098578
143	397	585	1.1712677	0.52724236
143	479	586	0.70137251	-1.9424243
144	322	587	0.12906438	-1.0591463
144	353	588	1.1859654	-0.032553563
144	414	589	0.75992681	1.9436729
144	495	590	0.64042817	3.0754371
145	193	591	0.66708964	-0.19998888
145	261	592	0.47028349	1.6853751
145	312	593	0.83081563	-2.485465
145	347	594	0.64789235	-3.0934563
146	492	595	0.33726791	-0.91870965
147	269	596	1.4233524	1.2581853
147	497	597	0.48490415	-0.27785187
148	233	598	0.60382846	0.92252833
148	395	599	0.11995669	-2.6292345
148	419	600	0.32288694	-2.8155995
149	230	601	0.52995187	-2.0074881
149	259	602	1.0429938	-1.2435591
149	416	603	0.6681831	-0.24354257
149	445	604	0.26063111	-2.9914211
150	211	605	0.4157363	-1.4526057
150	212	606	0.22485091	-0.91077377
151	470	607	0.3240963	-2.5644774
152	359	608	1.0743648	-0.031608245
152	427	609	0.88151775	3.1336446
153	203	610	0.86400552	-0.39820337
153	281	611	1.5174541	1.4557237
153	355	612	1.1862971	1.1215501
153	431	613	0.83944129	-3.0578557
153	459	614	0.80220472	-0.77720788
154	248	615	0.67067239	1.1858419
154	268	616	0.22044105	-1.5772383
154	271	617	0.58088342	-3.0990616
154	300	618	0.8419641	-0.90618662
154	435	619	0.57801054	2.8095646
155	227	620	0.29182882	0.59952945
155	252	621	0.1477938	1.6265145
155	319	622	1.1574648	-1.6887587
155	481	623	0.24848677	-1.9626396
156	400	624	1.0084526	-0.76777916
156	471	625	0.25253705	-0.074599269
157	172	626	0.86847047	2.6683506
157	216	627	0.52674032	1.032706
157	276	628	0.24214089	0.5687922
157	335	629	0.56003233	1.9678106
158	279	630	1.0017751	-0.38582043
158	372	631	0.9864151	2.4116961
159	300	632	0.71579825	2.900944
159	322	633	0.64639695	0.14009674
160	245	634	0.71944092	2.1934238
160	258	635	0.99062961	-0.58263656
160	259	636	1.1478884	1.7990428
160	362	637	0.14218198	-2.317684
160	476	638	0.58035433	0.073518584
161	274	639	0.45332719	-0.71332478
161	330	640	0.75442051	2.0901571
161	384	641	0.3222307	-0.39889643
161	485	642	0.99730422	1.1900933
162	343	643	0.97255292	1.8353252
162	451	644	0.93556358	-0.9285919
162	488	645	1.0016409	-1.8135145
163	247	646	1.1236408	0.44036783
163	359	647	0.97989744	-2.8439057
163	366	648	0.1016003	1.7423302
163	369	649	0.14830379	0.92742321
163	425	650	0.62301096	-2.8288854
164	262	651	0.42370621	-3.0486569
164	291	652	0.67492072	-0.21736556
164	365	653	0.3345861	-2.6186943
164	390	654	0.53654119	2.5410258
164	427	655	0.8572987	-0.75775322
165	322	656	1.5298164	-2.8787399
165	353	657	0.48042682	-2.402662
165	364	658	1.6211607	1.0048492
165	369	659	0.5355881	0.011621554
165	382	660	0.76707885	0.64630312
165	418	661	0.95912979	-2.7422115
165	425	662	0.33741556	-2.0189821
166	230	663	0.87344043	1.8791644
166	329	664	0.25174772	-2.1917081
166	362	665	1.0074728	-1.0994999
167	180	666	0.50079158	-2.6718731
167	324	667	0.91947218	1.6070014
167	341	668	0.35925212	1.9062286
167	428	669	0.16635577	-1.4551052
168	175	670	1.2026253	-1.6062506
168	184	671	1.2188552	1.2419459
168	236	672	0.99477707	-0.67763078
168	297	673	0.77834061	0.48030616
168	342	674	0.93133173	2.5374332
168	449	675	1.3356217	2.0370823
169	191	676	0.35059658	2.0545173
169	492	677	0.95275348	2.6011555
170	174	678	0.58777347	-0.51029037
170	237	679	0.30295265	2.5920486
170	272	680	0.53136503	-0.23772017
170	280	681	0.50919305	2.1576682
171	177	682	1.6872596	0.13899396
171	182	683	1.1082621	-2.5418445
171	292	684	0.32218911	2.5987647
172	335	685	0.56940382	0.21349981
172	397	686	0.29458935	2.0291909
173	217	687	0.69285105	-1.6090153
173	289	688	1.0021558	1.7603731
173	305	689	0.4732875	2.0735573
173	460	690	0.12305065	-1.5016312
174	272	691	0.16199518	1.5490105
175	236	692	1.0014055	0.61552041
175	406	693	1.2702791	-2.429002
175	413	694	1.6026258	-1.9132654
175	430	695	1.6007321	-0.67222233
176	307	696	0.85268069	1.7676239
176	441	697	0.56358418	-0.77146385
176	455	698	0.39263467	1.8999022
177	407	699	0.028528716	0.22979293
177	439	700	1.5014424	-0.41855052
178	260	701	0.1601806	1.5719195
178	263	702	0.65023835	-1.0477306
178	426	703	0.61036918	-2.5348915
179	351	704	0.43639269	1.9486946
180	241	705	0.3216978	-1.0570672
180	341	706	0.65423892	1.0451201
180	383	707	0.71566883	2.0819238
180	420	708	0.25558967	-0.742199
181	343	709	0.67613907	-0.91813832
181	446	710	1.057203	1.2580048
183	292	711	0.55194635	-0.84470492
183	363	712	0.3388695	0.37078944
183	422	713	0.95548885	-2.3994548
183	434	714	0.27341705	1.0313865
183	479	715	0.48054044	0.71597732
183	494	716	0.41805436	1.3533888
184	265	717	1.1181718	1.9435805
184	297	718	0.84751749	-1.2132161
184	311	719	0.55964383	1.1943542
184	394	720	0.49305762	1.7305631
185	199	721	0.84848383	1.7243369
185	348	722	0.18146628	-1.0018286
185	372	723	0.8508959	-0.45524324
185	429	724	0.35298335	3.1395117
185	441	725	0.92560099	2.3061419
185	469	726	0.95733726	2.8177022
186	207	727	0.4235726	2.1472017
186	368	728	0.9003211	-1.2208962
186	374	729	0.76243911	1.5444046
186	385	730	0.4864428	-0.71434728
187	306	731	0.61099184	-2.7632793
187	321	732	0.73702661	2.4658115
187	413	733	1.3032029	0.49830257
187	457	734	1.0682955	-2.4381805
188	361	735	0.73970262	-1.0751376
188	439	736	0.751519	-2.3882361
189	200	737	0.40729692	-0.13697439
189	434	738	0.49110258	-1.3727902
189	494	739	0.31135722	-1.4213899
190	228	740	0.51828784	-0.53731691
190	235	741	0.62043834	2.9392251
190	459	742	0.69257688	0.884305
191	249	743	0.69696737	2.4496144
191	438	744	0.90282317	-0.46035642
191	478	745	0.15798735	0.89837508
192	332	746	0.55586618	0.025975386
192	423	747	0.85264194	-2.5410085
193	312	748	1.3644482	-2.8636924
194	211	749	1.1537493	-1.9103402
194	215	750	0.35899499	-1.4598846
194	283	751	0.40215842	-2.0704001
194	386	752	0.31787692	1.6598931
194	475	753	0.38304675	1.3848511
195	232	754	0.13713057	0.39291362
195	243	755	0.56208657	-0.33184145
195	367	756	1.0800785	-1.080057
195	411	757	0.99569793	2.0233398
196	238	758	0.2754903	-1.646285
196	314	759	0.73650582	-0.98225327
196	320	760	0.84314198	-1.5236307
196	450	761	1.082067	-1.315534
196	462	762	0.60041501	2.534622
197	222	763	0.79485217	1.730215
197	358	764	0.86676399	-0.073965467
197	364	765	1.1463215	-1.935392
198	246	766	0.65701166	-1.0892546
199	210	767	0.22416384	2.6950608
199	379	768	0.58378097	-0.24679887
199	441	769	0.51417262	-2.8413301
201	280	770	0.62236672	-1.0598294
201	285	771	0.25171654	0.28465469
201	317	772	0.93232915	1.6382422
202	359	773	0.24381639	-2.5409862
202	366	774	0.76048318	0.33459356
203	327	775	0.51160175	-0.4457428
203	355	776	1.4315087	1.7685267
203	398	777	0.67036413	-1.4054648
203	403	778	0.90080854	1.11445
203	459	779	0.31967879	-2.3495223
204	205	780	0.54985459	2.562817
204	302	781	1.3537606	1.0325164
204	446	782	1.1004915	-3.0829362
204	496	783	0.43076816	-2.460643
205	392	784	1.4099214	1.0140444
205	446	785	0.73542918	-2.6218059
206	249	786	0.87059586	0.11420616
206	260	787	0.3936785	-1.4246964
206	345	788	0.48879826	0.33152402
206	448	789	0.76603793	-2.99841
207	217	790	0.19404287	-0.71530784
207	250	791	0.72303618	1.6297981
207	305	792	0.98135081	1.62697
207	368	793	1.3165155	-1.1485795
208	415	794	0.94186234	0.5373004
208	498	795	0.80604975	-1.0840728
209	433	796	0.56804869	-2.7667915
209	437	797	0.31602922	-0.71087518
210	379	798	0.80471834	-0.30209585
210	405	799	0.15304372	-2.876195
211	283	800	0.75944093	1.3157504
211	325	801	0.28448834	-2.0298421
211	493	802	0.73591392	-2.0240331
212	223	803	0.32823543	2.3166221
213	386	804	0.67163932	1.6243309
213	474	805	0.59504239	-2.5273686
214	218	806	1.0480004	-1.4413926
214	224	807	1.1417325	1.5222165
214	350	808	0.68598788	0.77759416
214	464	809	0.71574619	-1.0982027
216	276	810	0.32856942	-1.772846
216	335	811	0.49071205	3.0104547
218	239	812	0.75024086	-1.8343488
218	344	813	0.3418322	-0.38961986
218	386	814	0.86596036	-1.1538746
218	388	815	0.6488209	0.70895429
218	464	816	0.44483223	1.1280687
219	266	817	0.14311564	-1.6906894
219	290	818	0.30540515	0.16388876
220	304	819	0.3112127	-2.5080402
220	376	820	0.43606285	-0.94368422
220	438	821	1.2970794	2.3135735
221	273	822	1.1545514	-2.9067415
221	378	823	1.1238402	1.1003646
222	242	824	0.90379538	-0.4033949
222	499	825	1.8936567	-2.4146335
223	474	826	0.094129615	-1.1374122
223	491	827	0.40810054	-3.0104471
224	350	828	0.78883975	-0.98914216
224	409	829	1.0575134	-0.86182681
224	486	830	0.78433542	2.654696
225	496	831	1.0033544	1.7490414
226	492	832	0.88160848	1.7484325
228	235	833	1.1229232	2.7869148
228	324	834	0.40540109	0.009044466
228	341	835	0.65909527	-1.0631351
228	383	836	0.62938729	-2.1757814
228	398	837	0.49282039	0.84097148
229	436	838	0.31561123	-2.5809166
229	467	839	0.78538308	1.1932976
230	245	840	1.1151482	-1.2043453
230	259	841	0.75524622	-0.73673073
230	385	842	0.29495734	-2.3010295
230	445	843	0.44250084	1.646706
231	275	844	0.17616984	0.17626984
231	456	845	0.084072328	-2.1282924
232	234	846	0.50933412	1.4361465
232	243	847	0.46833057	-0.52719887
233	249	848	0.31135487	-2.8749051
233	267	849	0.33771874	-1.794718
234	351	850	0.56989903	-0.69225357
234	376	851	0.3089282	-0.70489347
234	411	852	0.71543487	2.6491545
235	383	853	1.1432222	-0.91727079
235	430	854	1.2311553	2.9501349
235	431	855	0.97304976	1.9515663
236	297	856	0.98695002	1.6567395
236	431	857	1.5697029	-0.61521658
237	251	858	1.0857767	-0.59528073
237	280	859	0.26680949	1.6594532
237	329	860	0.43917617	1.8152924
237	368	861	0.86255805	2.1617478
238	409	862	0.34785735	-0.74598243
239	287	863	0.42812643	-1.765256
239	373	864	0.70229367	-3.119108
239	386	865	0.55026465	-0.12288007
240	288	866	0.72680377	-2.662484
240	313	867	0.67922413	-0.85249178
240	318	868	0.4024892	-3.0920664
240	448	869	0.96258409	-0.40562418
240	465	870	0.61600481	0.6824331
241	346	871	0.3995553	-2.381417
241	396	872	0.85406996	-2.0437259
241	420	873	0.11160141	1.2960845
241	428	874	0.45973015	0.83762481
242	358	875	0.51910072	-1.2588434
242	491	876	1.2760043	0.95310927
243	367	877	0.76981962	-1.5999034
244	366	878	0.037463383	-1.9306317
244	461	879	0.50328594	1.2908613
245	259	880	0.55709855	1.2798194
245	362	881	0.76073136	-1.1323366
247	366	882	1.1010207	-2.7903064
247	424	883	0.25924748	1.2207084
248	477	884	1.1264734	2.5636568
248	487	885	1.360232	0.12255527
249	267	886	0.33452923	-0.83165805
249	345	887	0.40717037	2.9939816
249	395	888	0.48819469	-1.9238502
249	478	889	0.71162972	-0.46814864
250	303	890	0.5129849	1.3673
250	305	891	0.25832561	1.6190544
250	374	892	0.43042602	-0.8201193
251	266	893	0.83088707	-0.52590218
252	481	894	0.38704506	-1.7966247
252	489	895	0.61106032	-1.4924886
253	442	896	0.15235714	-0.59518461
254	310	897	1.2759356	1.3928233
254	360	898	1.4431527	-2.0524059
255	393	899	0.44985986	1.0624703
256	301	900	0.32372835	-2.9260882
256	497	901	0.93123307	0.88780374
257	487	902	0.86294912	-2.6797461
257	499	903	0.82607384	0.57263952
258	296	904	0.22436833	-2.4450112
258	299	905	0.59275283	-0.15282198
258	362	906	1.0235352	2.6964318
258	435	907	0.85454348	-0.49855488
258	476	908	0.63804051	1.9706927
260	263	909	0.79312215	-1.1485928
260	294	910	0.72715692	-3.0120737
260	377	911	0.45366186	0.20050698
260	395	912	0.6395449	0.047884217
260	419	913	0.43770698	-0.031956591
260	426	914	0.71380406	-2.3493294
261	273	915	0.8162111	0.93146812
261	279	916	0.77688881	-3.1101726
261	291	917	1.2240837	-2.7121664
261	347	918	0.77490112	-2.4429923
262	298	919	0.76909414	2.3088291
262	365	920	0.18370937	-0.76911083
262	391	921	0.50926398	2.3546828
263	265	922	0.99060805	-1.8136357
264	282	923	0.42325728	2.786921
264	301	924	0.48659693	1.6183018
264	303	925	0.10957336	0.26407027
264	319	926	0.31773759	2.4033585
265	394	927	0.64474049	-1.0356261
265	449	928	1.1610968	-2.100668
266	271	929	0.60228067	-0.52769775
267	270	930	0.88368575	-0.55970017
267	419	931	0.64796278	-2.736361
268	271	932	0.61113237	2.8155592
268	300	933	0.68321328	-0.7041866
268	365	934	0.066745247	-1.9535229
269	454	935	0.39858281	2.5179905
270	411	936	1.1031871	-0.95334696
270	478	937	0.52084379	2.2798812
271	365	938	0.6109952	-0.43531559
271	435	939	0.2157891	1.4129669
272	371	940	0.40027854	0.57586646
273	279	941	1.4345875	-2.6482252
273	328	942	0.83749173	0.73739278
273	417	943	0.52854447	1.226638
274	302	944	1.1672543	-2.7975575
274	384	945	0.17750922	1.8321671
274	387	946	1.0632177	-1.3003384
274	399	947	1.0493731	0.38722849
274	426	948	1.3442988	0.50804158
274	466	949	0.58664732	2.7519324
275	352	950	0.76975356	1.2002704
275	456	951	0.24070932	-2.702935
276	492	952	1.1551998	-0.11169205
277	349	953	0.59945746	-1.9306343
277	389	954	0.95008151	1.1237441
277	443	955	0.60652605	2.7664864
277	446	956	0.51183699	0.23843366
278	293	957	0.36578667	0.5154754
278	463	958	0.9043649	-2.2884524
279	291	959	0.59046452	-2.1770396
279	308	960	0.96358441	2.0558211
281	355	961	0.55572261	-0.91025445
281	367	962	0.87895471	1.3448917
281	400	963	0.92787077	1.9460525
282	481	964	1.0073225	1.367657
283	284	965	0.91591698	-1.9751305
283	340	966	0.85172814	1.1600133
283	402	967	0.4615011	-2.0691395
283	475	968	0.77557446	1.2241731
284	325	969	0.15388493	-1.2898025
284	402	970	0.45850486	1.2610874
284	493	971	0.57528481	-1.8409138
285	317	972	0.91183789	1.9111861
285	380	973	0.56948753	2.1238385
286	382	974	1.3353346	-2.4708667
286	456	975	0.52230543	0.51471563
287	373	976	0.73964321	2.5633283
287	491	977	0.68273403	-1.9704041
288	330	978	0.53767785	-1.6602875
288	333	979	0.41398374	-2.9324993
289	436	980	0.81318262	1.671226
289	473	981	0.054014206	-2.9861611
289	489	982	0.55495709	1.7301662
290	298	983	0.12034022	-0.48503334
291	312	984	0.6885764	-0.74018977
291	347	985	0.51968978	0.021690193
292	363	986	0.53790924	1.665051
293	381	987	0.47479772	-0.10673835
293	404	988	0.70928257	-2.3289122
294	313	989	0.58459489	2.7138169
294	426	990	0.46897349	-1.0829784
294	448	991	0.38583064	1.8180917
294	485	992	0.93969095	2.9766344
295	345	993	0.21422541	2.6995306
296	362	994	0.95230916	2.4805086
298	326	995	0.48346563	2.1232232
298	391	996	0.2614098	-0.92218098
299	354	997	0.45831811	1.7323414
299	435	998	0.3584413	-1.0934414
299	476	999	1.0749717	2.4591991
300	322	1000	1.33765	-0.060093649
301	303	1001	0.47525714	-1.2961729
302	392	1002	0.52916845	2.4550269
302	466	1003	0.83034848	0.8368307
303	305	1004	0.27056617	-2.0144278
303	374	1005	0.83892333	-1.3424108
304	486	1006	1.0744195	-0.88946083
304	500	1007	0.60495563	-1.4318194
306	321	1008	0.68672562	1.5813595
306	457	1009	0.52678899	-2.0586802
307	455	1010	0.46636021	-1.4852405
308	375	1011	0.75757929	1.9087851
309	323	1012	0.97688484	0.87141494
309	334	1013	0.92995271	0.61110791
310	342	1014	1.3046737	-0.1914171
310	387	1015	1.0710695	1.0258718
310	449	1016	1.5054045	0.27981522
312	347	1017	0.4757975	1.5473312
312	427	1018	0.54511112	3.1035483
313	448	1019	0.45683088	0.29215498
315	352	1020	0.40658034	1.8648091
315	456	1021	0.75034203	-2.5303385
315	493	1022	0.87123042	1.3263966
316	357	1023	0.58719118	1.614007
316	417	1024	0.79033677	-2.1999195
317	380	1025	0.37496374	-1.5567098
317	460	1026	0.76533758	2.1957933
318	333	1027	0.76201883	-2.5873435
318	397	1028	0.58898462	0.42356509
318	465	1029	0.97019876	0.43451996
319	481	1030	0.92069581	1.5258961
320	450	1031	0.3105653	-0.72007944
321	360	1032	1.2868252	2.0923145
321	406	1033	1.5455426	0.57528256
321	457	1034	1.1766836	-1.7759251
322	418	1035	0.59413058	0.041325902
322	495	1036	0.71909502	2.9245196
323	334	1037	0.25181862	-1.0153996
323	421	1038	0.44230693	0.1465528
324	341	1039	0.58583491	-1.7163599
324	398	1040	0.37165028	1.7789471
324	402	1041	0.22230187	-0.20600095
325	493	1042	0.4514334	-2.0203724
326	371	1043	0.79426105	2.5944807
326	372	1044	0.68086839	0.68963832
326	390	1045	0.9849543	-0.70461791
326	391	1046	0.74409071	-0.98462271
327	398	1047	0.56354236	-2.2438188
327	402	1048	0.85165796	-1.6376356
327	403	1049	1.0312222	1.633533
328	357	1050	1.1601208	1.5724346
328	417	1051	0.44643616	-2.9942402
329	362	1052	0.91911519	-0.85391036
330	381	1053	0.54343491	-2.5830179
330	485	1054	0.79275405	0.34882815
331	354	1055	0.2579072	-1.0253444
331	476	1056	0.62674825	3.1334559
331	477	1057	0.23410178	0.24755394
332	412	1058	0.86032997	-2.9305825
332	458	1059	0.98236374	-2.8036805
334	396	1060	0.75629549	0.61422788
334	461	1061	1.381005	-2.5818574
335	397	1062	0.70167106	2.9355826
336	422	1063	0.66890177	0.67765487
336	437	1064	0.51250199	-1.7307019
337	383	1065	0.52376533	1.661185
337	452	1066	0.53843631	-2.0702629
338	386	1067	0.48958334	-2.0358698
339	380	1068	0.55907469	2.7464967
339	455	1069	0.68530139	1.1697738
339	469	1070	0.72628334	-0.78879122
340	475	1071	0.092291428	-2.5505906
341	383	1072	0.68087316	3.0558697
342	449	1073	0.68441282	1.3257953
343	447	1074	0.98301722	1.422494
344	386	1075	0.66283772	-1.5187908
344	388	1076	0.5796983	1.2618323
346	396	1077	0.49510555	-1.7730631
346	444	1078	0.15223345	-2.7505228
346	480	1079	0.51462583	1.8723098
348	371	1080	0.58882385	-2.719432
348	372	1081	0.70223176	-0.32051958
349	443	1082	0.85925861	1.9944948
350	409	1083	0.29272705	-0.51260915
350	464	1084	1.1303788	-1.7155286
351	376	1085	0.26102471	2.4642988
351	468	1086	0.55206416	-1.0518073
352	493	1087	0.56225312	0.94652584
354	477	1088	0.29304839	1.2472768
355	367	1089	1.3034422	1.6815649
355	403	1090	0.90218002	-0.72015419
355	470	1091	1.0074933	1.4067328
356	389	1092	0.77398626	-2.1608206
356	404	1093	0.60167625	0.82193579
356	463	1094	0.095422408	1.7359779
357	413	1095	1.6007321	2.4693703
357	430	1096	1.6026258	1.2283272
359	366	1097	0.9977846	0.39887621
359	425	1098	0.35707939	0.27147827
360	451	1099	0.90768094	-2.7141957
361	439	1100	0.9102706	2.9909847
363	479	1101	0.19819677	1.332913
364	382	1102	0.94213401	-1.8469952
366	461	1103	0.54063807	1.2853305
367	470	1104	0.43145478	-0.7736827
368	385	1105	0.53036632	1.4595416
369	382	1106	0.46216969	1.4038072
369	424	1107	1.1822335	0.53607552
370	378	1108	1.1981056	-1.4632322
370	430	1109	0.8458169	1.994077
371	429	1110	0.40420969	1.3554378
371	469	1111	0.84116323	2.1610943
372	379	1112	1.1191237	1.8681648
372	457	1113	1.1023351	1.2640494
374	385	1114	1.135311	-1.2598143
375	457	1115	0.81583918	2.4529859
376	468	1116	0.80071019	-0.93226868
379	405	1117	0.93738927	2.9273686
381	392	1118	0.79371321	-1.9996513
381	404	1119	1.0662387	-2.6908913
381	466	1120	0.77328653	-0.60641356
383	452	1121	1.0163481	-1.7795311
383	480	1122	0.69141321	-1.4755157
384	485	1123	1.0536323	1.5008485
386	475	1124	0.11575933	0.54314197
387	449	1125	1.0223713	-0.51121597
388	409	1126	0.96157643	1.4496366
389	404	1127	1.3713946	0.91132216
389	443	1128	1.1633464	-2.5647164
389	446	1129	0.74090821	-1.4536075
390	391	1130	0.33926655	3.0881512
392	404	1131	0.68028703	2.7535802
392	466	1132	1.0055529	0.2833456
393	408	1133	0.22579721	-1.8784274
393	483	1134	0.25351958	1.762675
396	444	1135	0.4289748	1.6671705
397	465	1136	0.38130407	0.45144196
398	402	1137	0.50401954	-0.94701147
399	426	1138	0.32794206	0.90395038
400	471	1139	0.83003353	2.1781564
401	408	1140	1.1867501	-1.673656
401	443	1141	0.51175919	-1.658911
401	463	1142	1.5974963	0.56993653
401	483	1143	0.72361457	-1.7119874
402	428	1144	1.0516848	-1.7284504
403	410	1145	0.25869469	-0.054455731
404	463	1146	0.54864589	-2.4578398
405	440	1147	0.807634	1.6235428
406	413	1148	0.8000274	-1.0136919
408	443	1149	0.67508875	1.4567592
408	467	1150	0.38957089	-1.4206754
408	483	1151	0.46449559	1.5276723
412	433	1152	0.72660057	-1.2624243
412	458	1153	0.16877348	-2.1024566
412	482	1154	1.0732329	-1.9655736
414	487	1155	0.71607979	1.4484515
414	495	1156	0.75756079	-2.0692854
415	490	1157	0.62093044	1.3137105
415	498	1158	1.2702688	-1.9179148
418	425	1159	0.74064381	0.0931149
422	437	1160	1.1043176	-2.1481089
422	453	1161	0.75975876	-1.9315213
423	458	1162	0.3735435	0.47433474
423	482	1163	0.67460964	-1.5632405
424	456	1164	1.0938867	1.0321635
429	469	1165	0.63240695	2.6402357
430	431	1166	1.0794197	0.6685558
432	484	1167	0.50259978	2.5355054
432	497	1168	0.55605152	-2.8881457
433	454	1169	0.65479728	-2.1408146
436	467	1170	1.0565277	1.0157417
440	451	1171	0.95109993	1.146131
440	488	1172	0.76261903	2.1372206
441	455	1173	0.93076364	2.1778141
446	447	1174	0.61565131	-1.1869568
446	496	1175	0.79136527	-0.26421729
447	496	1176	0.6458283	0.59910436
451	488	1177	0.83158996	-2.8699805
454	482	1178	0.37726568	2.4068702
455	469	1179	1.1719758	-1.3608049
458	482	1180	0.90633077	-1.9401606
462	468	1181	0.48491175	2.3670449
472	500	1182	1.0330877	-0.81772642
474	491	1183	0.44528094	3.0695307
479	494	1184	0.28774862	2.8131893
484	497	1185	0.443765	-1.8568336
486	490	1186	0.54351054	-2.3928242
487	499	1187	1.6864332	0.51603236
490	500	1188	0.63595824	1.8820465
65	1	1189	0.40780865	1.7142393
142	1	1190	0.70803901	1.4144751
238	1	1191	1.2336361	-1.1679176
314	1	1192	0.79881199	-1.503117
338	1	1193	0.87402651	1.2607632
388	1	1194	0.34889797	0.16047476
409	1	1195	0.92729444	-1.3221547
33	2	1196	0.88685682	-2.5364566
121	2	1197	0.73940885	-2.674954
137	2	1198	0.32566502	1.6708212
192	2	1199	1.42887	0.51713626
332	2	1200	0.97463898	0.78948694
132	3	1201	0.72400658	-2.6905598
208	3	1202	1.1322666	1.9261686
361	3	1203	1.0020966	-1.2599719
439	3	1204	1.6263614	-0.73503078
50	4	1205	0.45570382	0.88142462
65	4	1206	0.10375088	2.7337725
450	4	1207	0.74095017	-1.3631854
13	5	1208	0.664281	0.39175265
22	5	1209	1.6627915	2.0208373
73	5	1210	0.81960077	-0.98054407
149	5	1211	0.8339662	1.1224317
416	5	1212	0.95670791	1.8754172
432	5	1213	1.8349476	-1.5673197
128	6	1214	0.33627338	2.157618
433	6	1215	0.23670751	-1.6330078
454	6	1216	0.46251038	0.74927166
67	7	1217	1.2253647	-1.1410488
94	7	1218	0.46315059	1.1768384
195	7	1219	1.1536576	2.3880775
89	8	1220	0.063840179	0.50170094
104	8	1221	0.27998609	2.4837493
258	8	1222	0.56538934	-0.98611625
296	8	1223	0.58452961	-0.59475887
435	8	1224	0.44295074	-2.9991864
52	9	1225	0.29975379	-1.5009672
116	9	1226	0.55327814	1.6440811
67	10	1227	1.0410525	2.9318278
260	10	1228	0.49543479	0.19785472
377	10	1229	0.04179185	0.16905978
419	10	1230	0.12138786	1.1617008
13	11	1231	0.39579492	-2.2167827
24	11	1232	0.62473313	1.4385667
31	11	1233	0.85533156	-1.3909879
149	11	1234	0.52331743	2.7866713
374	11	1235	0.34156266	-0.6220338
445	11	1236	0.32104045	2.3829571
231	12	1237	1.133967	1.2392413
242	12	1238	0.57156639	-0.31436189
352	12	1239	0.33428046	1.8218712
493	12	1240	0.43245881	-2.8304228
31	13	1241	0.65514072	-0.93082577
73	13	1242	0.94778003	-1.7380592
149	13	1243	0.55824329	2.0400273
116	14	1244	0.88307451	-1.7303921
147	14	1245	0.24212537	2.5289989
227	14	1246	0.077475662	0.28692648
252	14	1247	0.32581891	0.12007019
256	14	1248	0.9975226	1.6477492
269	14	1249	1.3714511	-2.05288
301	14	1250	1.0904353	1.3493036
53	15	1251	0.11573279	-1.1415903
96	15	1252	0.18029388	2.8090949
206	15	1253	0.71776069	2.3252523
240	15	1254	1.1784493	0.2159153
448	15	1255	0.68621113	1.1717661
465	15	1256	0.68665113	-0.19942714
35	16	1257	0.60900304	-1.3389073
108	16	1258	0.83451997	-3.0478054
297	16	1259	0.5682916	1.0919894
197	17	1260	0.72638896	-2.9833959
222	17	1261	1.0761133	-2.1523574
499	17	1262	0.89875051	0.4112963
43	18	1263	0.87032043	-3.014941
103	18	1264	0.54775216	-0.32672788
152	18	1265	0.67561994	-2.6909916
159	18	1266	0.18089241	-1.8791003
67	19	1267	1.0799919	2.9461393
260	19	1268	0.45366186	0.20050698
377	19	1269	0	0
273	20	1270	0.15698322	0.12541135
146	21	1271	0.54506342	-0.43178864
169	21	1272	0.74725061	2.3528271
191	21	1273	0.42482422	2.597823
249	21	1274	0.28382005	-0.91484735
295	21	1275	0.4282502	-0.46792777
345	21	1276	0.64242785	-0.45930337
125	22	1277	0.48842325	1.2209385
416	22	1278	0.72947623	-0.9295455
477	22	1279	1.5777264	2.2111219
173	23	1280	0.39995201	1.5563669
264	23	1281	0.32110168	-0.80107924
303	23	1282	0.28465424	-1.144558
305	23	1283	0.23429149	-0.063255823
230	24	1284	0.35154405	3.0195383
374	24	1285	0.84126827	-1.3366088
385	24	1286	0.30346496	2.0960966
445	24	1287	0.50813552	-2.2403592
143	25	1288	0.4868928	-2.4627704
189	25	1289	0.20152317	-0.26566673
200	25	1290	0.20904627	3.1286549
479	25	1291	0.3693193	1.9139583
494	25	1292	0.29487225	1.044567
50	26	1293	0.034616444	0.86339243
340	26	1294	0.47092534	1.5576491
123	27	1295	0.5542921	-1.2431891
132	27	1296	1.1303285	2.1049892
188	27	1297	0.79962297	-0.4067055
226	27	1298	1.2180311	-0.70572644
361	27	1299	0.50810582	0.71823943
472	27	1300	0.39443692	-2.9068065
107	28	1301	0.64794754	-1.7405218
265	28	1302	0.39191209	2.7964028
387	28	1303	1.2782051	0.51927309
399	28	1304	0.89263287	-1.0782524
426	28	1305	1.0669891	-1.3638251
449	28	1306	1.1552561	1.3809104
97	29	1307	0.74606325	-2.8258019
182	29	1308	0.36203688	1.9896313
422	29	1309	0.36467995	-0.6760206
453	29	1310	0.73374937	0.71793625
266	30	1311	0.39659785	-0.11240512
271	30	1312	0.28794614	2.0246953
290	30	1313	0.2482165	-1.2610328
298	30	1314	0.18290673	-1.7399689
365	30	1315	0.8540962	2.4922438
73	31	1316	0.68465439	-2.5012587
256	31	1317	0.71273809	-1.391373
301	31	1318	0.77210686	-0.9590223
303	31	1319	0.35977415	-0.50678183
374	31	1320	0.65449041	1.3792223
231	32	1321	0.29851749	2.6719013
242	32	1322	1.1176026	-1.6529897
286	32	1323	0.51880401	1.1051982
358	32	1324	0.66870814	-1.9556963
364	32	1325	1.0929255	0.3620803
456	32	1326	0.30295087	2.3918111
95	33	1327	0.46006258	-2.6696783
121	33	1328	0.18520013	1.188917
189	33	1329	0.23489043	-1.9292806
278	33	1330	0.60833781	0.82872152
114	34	1331	1.1760546	1.7871702
208	34	1332	1.756916	-1.3035129
222	34	1333	1.9096441	1.3383369
373	34	1334	0.78901075	2.9636971
498	34	1335	0.98593468	-1.4824326
102	35	1336	0.98569959	-2.1140737
184	35	1337	0.51678011	0.62693719
311	35	1338	0.30410723	-0.79588177
47	36	1339	1.2759356	1.3928233
204	36	1340	0.96936509	-1.137247
225	36	1341	0.67950942	0.59160753
310	36	1342	1.2195792	-2.7234759
496	36	1343	0.95953972	-0.6869165
122	37	1344	0.62002268	2.8684084
170	37	1345	0.77724927	-0.64471217
174	37	1346	0.21010359	-1.0290217
219	37	1347	0.79818457	2.8117632
237	37	1348	1.0792151	-0.61803414
251	37	1349	0.025488878	-2.4377984
153	38	1350	0.29029656	-1.8217419
190	38	1351	0.84238684	1.8166007
235	38	1352	0.80100687	1.0438927
431	38	1353	0.79299838	-0.2693147
459	38	1354	0.70274725	2.7296461
281	39	1355	0.35758745	1.4457465
400	39	1356	0.63761696	-0.92316344
115	40	1357	0.55464758	-1.4022779
154	40	1358	0.8758514	-0.9126819
300	40	1359	0.034343278	-1.0726007
322	40	1360	1.3197786	3.1035717
495	40	1361	0.62543233	-2.9733869
46	41	1362	0.62430435	-3.0298943
405	41	1363	1.0683169	1.0580039
440	41	1364	0.58020208	0.21608049
451	41	1365	0.76253822	-1.3394495
110	42	1366	1.0104438	1.2513767
213	42	1367	0.62856955	1.287016
215	42	1368	0.62300637	1.3376976
386	42	1369	0.2223434	-0.3072627
152	43	1370	0.31476612	-0.62552925
159	43	1371	0.81086585	-0.077068231
359	43	1372	0.83235375	-2.9599624
418	43	1373	0.46068694	-2.7466815
425	43	1374	1.1884248	-2.9329993
124	44	1375	0.69754162	-2.8951761
128	44	1376	0.41224127	0.31467633
209	44	1377	0.59764729	-1.5124215
269	44	1378	0.71294125	0.58780582
437	44	1379	0.44079077	-2.0535308
484	44	1380	1.5218367	1.2778218
80	45	1381	0.71810146	-1.6275587
173	45	1382	0.3055721	-0.011833797
246	45	1383	0.49897953	-2.4892902
289	45	1384	1.1046332	-1.1067506
317	45	1385	0.75500501	1.7718128
380	45	1386	1.1255958	1.7098642
321	46	1387	0.67519172	3.0423637
360	46	1388	1.0493224	-1.6001317
379	46	1389	1.2213562	1.3825325
451	46	1390	1.0415698	-0.70205607
457	46	1391	1.2932557	1.9115376
54	47	1392	1.1126109	-0.99011302
162	47	1393	1.0261953	0.41191806
225	47	1394	0.93976282	-1.2027296
254	47	1395	1.2195792	-2.7234759
360	47	1396	0.90182612	2.0881686
190	48	1397	0.77800165	0.27266317
203	48	1398	0.56032786	-1.4171533
228	48	1399	0.5637783	1.0012727
398	48	1400	0.11026921	1.795556
459	48	1401	0.45018754	-0.81036075
130	49	1402	0.80893845	-0.01297387
193	49	1403	0.69792554	-0.41425123
244	49	1404	0.49932129	-2.474429
366	49	1405	0.46766385	-2.5158877
129	50	1406	0.80290869	1.5614189
403	50	1407	0.60535956	-0.4223365
410	50	1408	0.3756763	-0.67259156
55	51	1409	0.88948782	-1.7762423
76	51	1410	0.4434648	-2.8090571
373	51	1411	0.89325512	1.4475489
498	51	1412	1.0013994	-0.23711792
91	52	1413	0.66385964	-1.9465841
393	52	1414	0.6494082	1.9145131
423	52	1415	0.65478108	-1.4918057
483	52	1416	0.40064473	2.010371
96	53	1417	0.27331558	2.4976575
216	53	1418	0.39998662	2.1099246
335	53	1419	0.39614848	0.78171075
397	53	1420	0.97742958	0.13913207
465	53	1421	0.62563816	-0.04924255
225	54	1422	0.27742641	2.9478316
343	54	1423	0.7094139	0.6030902
447	54	1424	0.719352	-0.91436849
496	54	1425	0.93879083	-1.6714545
76	55	1426	0.76394217	1.8872147
214	55	1427	0.47157238	-3.0947075
218	55	1428	1.1841265	2.1083259
415	55	1429	0.91363802	-0.65832191
490	55	1430	1.289736	-1.1174911
253	56	1431	0.6521605	2.4111527
436	56	1432	0.36538138	0.18607365
467	56	1433	0.85352981	-1.8045516
70	57	1434	1.1183272	-2.2124971
84	57	1435	0.9245051	0.80290325
247	57	1436	1.1451917	1.0067255
315	57	1437	0.91756944	-2.3615144
334	57	1438	0.33708935	0.28456047
396	57	1439	0.4507668	-2.2828471
424	57	1440	0.89355439	0.94507613
456	57	1441	0.21804016	-1.7449707
240	58	1442	0.46885154	-2.498977
288	58	1443	0.27500767	0.19789968
313	58	1444	0.85400718	2.8683911
330	58	1445	0.66974022	1.0765675
485	58	1446	0.53303606	2.5008717
85	59	1447	1.2072866	-0.37830623
188	59	1448	0.44580085	2.3449272
226	59	1449	0.1953246	-2.2256504
439	59	1450	0.86579458	1.2941223
66	60	1451	0.28620589	-2.2045866
356	60	1452	1.3286389	-2.6909621
401	60	1453	0.25081582	0.85455398
443	60	1454	0.72974058	1.2793107
97	61	1455	0.36130751	1.8154652
183	61	1456	0.35476775	-0.96535972
292	61	1457	0.20427067	2.5074805
207	62	1458	1.0802023	-1.2400382
217	62	1459	0.91743095	-1.3461981
237	62	1460	1.1179779	2.2125862
280	62	1461	0.90191308	2.3686326
368	62	1462	0.26025199	2.3818147
69	63	1463	0.28560484	0.69322972
212	63	1464	0.26454959	2.5938557
171	64	1465	0.38027143	1.8518187
292	64	1466	0.26193677	0.86244706
363	64	1467	0.40268449	-0.98973978
479	64	1468	0.55718724	-1.2525736
142	65	1469	0.34042728	1.052905
450	65	1470	0.80531485	-1.2577954
475	65	1471	0.92132164	1.0661885
356	66	1472	1.083911	-2.8147008
401	66	1473	0.53656741	0.89849836
267	67	1474	0.5933703	-0.65372068
270	67	1475	0.29818593	2.7698157
377	67	1476	1.0799919	-0.19545335
411	67	1477	1.3622359	2.3087841
209	68	1478	0.18811543	1.7368261
332	68	1479	0.49462326	-1.8225107
336	68	1480	0.37023807	-2.827953
433	68	1481	0.63431964	0.66915656
437	68	1482	0.4760964	2.1752551
150	69	1483	0.37961461	-2.5157526
212	69	1484	0.44777167	-3.0415027
491	69	1485	0.29511818	-0.90711502
493	69	1486	0.85277403	1.6112028
241	70	1487	0.20618526	-1.6395589
315	70	1488	0.25109407	1.5025521
396	70	1489	0.66942564	0.97644539
428	70	1490	0.63491442	-2.1023693
123	71	1491	1.0076858	2.2613811
226	71	1492	0.52265013	1.3649063
492	71	1493	0.44249354	-0.93535882
79	72	1494	0.24430636	1.4166202
96	72	1495	0.38888264	-0.40075673
146	72	1496	0.54794547	2.7482117
216	72	1497	0.37231669	0.073815667
295	72	1498	0.66563643	2.7646864
256	73	1499	0.73666556	-0.40792685
432	73	1500	1.2385683	-1.9424431
497	73	1501	1.018439	-1.4837875
92	74	1502	0.71256534	2.1201283
136	74	1503	0.83635021	-1.4018052
210	74	1504	1.1033874	2.4113854
307	74	1505	0.2471652	-1.4176787
405	74	1506	1.0281833	2.2861612
440	74	1507	0.63252818	-3.0935407
248	75	1508	0.49307038	-3.0925465
299	75	1509	0.47914236	0.19030731
354	75	1510	0.65345412	-0.5866142
435	75	1511	0.51069402	0.92877177
477	75	1512	0.78261302	-0.9565588
77	76	1513	0.99910492	1.3770867
218	76	1514	0.46968202	2.4730762
239	77	1515	0.36713631	3.0460156
373	77	1516	0.34047051	0.1498414
234	78	1517	0.25340796	-0.23225493
351	78	1518	0.36081849	2.1322625
146	79	1519	0.54451425	-3.083943
216	79	1520	0.3964691	-0.57000961
276	79	1521	0.41403837	0.26373469
492	79	1522	0.78482216	2.8352344
198	80	1523	0.17594829	-1.8678546
246	80	1524	0.54592244	2.2806593
289	80	1525	0.59978834	-0.46857253
106	81	1526	1.0732934	-1.9811569
229	81	1527	0.17627847	-2.9580522
252	81	1528	0.25903308	-0.96116605
255	81	1529	1.0023688	-1.8269499
289	81	1530	0.94482324	1.5576277
436	81	1531	0.16502537	0.96497081
489	81	1532	0.40934849	1.3227201
237	82	1533	0.1004237	0.024151237
251	82	1534	1.0057023	2.4883067
329	82	1535	0.47142314	-1.1169013
362	82	1536	0.47981682	2.5459665
85	83	1537	0.18215328	-2.573414
157	83	1538	0.68258432	-1.4039115
177	83	1539	0.66053005	1.0426205
247	84	1540	0.30419415	1.6693336
334	84	1541	0.65339931	-2.0802225
366	84	1542	1.2133785	0.59647052
461	84	1543	0.86703683	0.18891938
177	85	1544	0.82676267	0.9417978
226	85	1545	1.2745445	2.9112533
276	85	1546	0.7083042	-1.4818721
273	86	1547	1.0046076	-2.9798023
279	86	1548	0.58471061	1.0869209
308	86	1549	0.79521045	-0.43465731
375	86	1550	1.4308474	-0.82351299
417	86	1551	1.3428556	-2.6283246
108	87	1552	0.52424619	-0.28247076
400	87	1553	0.45593836	-2.8859784
246	88	1554	1.0108639	-1.3807311
339	88	1555	0.64570039	1.7020774
380	88	1556	0.60560963	0.77778497
455	88	1557	0.35215969	3.1154283
104	89	1558	0.31106043	2.6729987
251	89	1559	0.9833472	-0.6573378
266	89	1560	0.19323197	-1.256003
271	89	1561	0.47578479	2.887625
296	89	1562	0.55826693	-0.6966642
173	90	1563	0.59146774	2.3884945
282	90	1564	0.41549403	-1.1144699
289	90	1565	0.62843845	-1.9672473
473	90	1566	0.60187931	-1.8907534
192	91	1567	0.65871968	-2.238998
401	91	1568	0.265233	1.6791582
423	91	1569	0.29739891	-0.1186535
176	92	1570	0.24350316	-0.064868104
199	92	1571	0.68994499	2.8093106
210	92	1572	0.46794089	2.8639494
441	92	1573	0.41008073	1.9743583
280	93	1574	0.10101571	0.76459396
285	93	1575	0.56030565	-1.3262436
339	93	1576	0.81708727	-1.6703397
371	93	1577	1.1344764	2.7802478
380	93	1578	1.116381	-1.1707353
469	93	1579	0.66356503	-2.6762803
102	94	1580	0.42260615	-0.19423974
140	94	1581	1.007298	0.062920303
195	94	1582	1.0813995	2.8005769
471	94	1583	0.81221247	2.2615786
189	95	1584	0.32754373	-0.033032159
200	95	1585	0.088321045	2.6096465
288	95	1586	0.56237931	-2.5878543
293	95	1587	0.69309974	0.75944656
330	95	1588	0.49258978	2.6331821
333	95	1589	0.22226674	-1.9072187
206	96	1590	0.56442803	2.1761074
216	96	1591	0.1796549	1.4970723
345	96	1592	0.84065061	2.7702464
171	97	1593	0.35850923	-2.9646805
182	97	1594	0.7950563	0.78585621
292	97	1595	0.24210806	-1.8946262
422	97	1596	0.99365294	0.0035480755
105	98	1597	0.4444691	1.2000423
113	98	1598	0.63458593	-2.8174804
221	98	1599	1.1175731	0.076415286
323	98	1600	0.24276142	2.4768842
378	98	1601	1.0980812	-0.98738188
452	98	1602	0.96237235	-2.2602249
119	99	1603	0.90015083	-2.7050139
193	99	1604	1.0001856	0.91466804
261	99	1605	1.3317549	0.14527002
273	99	1606	0.95066364	-0.50774767
309	99	1607	0.97204101	3.0580698
461	99	1608	0.62647792	2.6768721
159	100	1609	0.53173042	0.16915692
322	100	1610	0.1159252	-3.1351693
418	100	1611	0.7099967	-3.1059644
120	101	1612	0.92384875	1.7604144
181	101	1613	0.11288677	-2.8841227
277	101	1614	0.915925	-1.5020983
349	101	1615	0.44659689	-0.91040168
446	101	1616	1.1221757	-1.9683673
467	101	1617	0.65072817	-0.12338268
140	102	1618	0.60816213	0.24058855
156	102	1619	0.9681032	2.3500273
471	102	1620	1.170291	2.4923025
159	103	1621	0.57367557	3.1356041
365	103	1622	0.8630763	-0.6872811
427	103	1623	0.27566454	-2.6691504
271	104	1624	0.18418856	-3.027627
119	105	1625	0.43020884	0.049555572
221	105	1626	1.0084336	-0.33228273
309	105	1627	0.55668903	1.0505056
229	106	1628	0.98553666	1.3092213
255	106	1629	0.17482217	0.083164491
408	106	1630	0.16496278	-1.4270211
467	106	1631	0.22461387	1.7255778
178	107	1632	0.77313058	-1.7961143
263	107	1633	0.53269695	-2.7762987
265	107	1634	0.81368843	1.8951867
426	107	1635	0.52205788	-0.88970626
400	108	1636	0.94509767	3.1089517
138	109	1637	0.28028153	2.2327823
220	109	1638	0.77902769	-0.80073085
462	109	1639	0.9438485	2.1764843
468	109	1640	0.47664737	1.982578
150	110	1641	0.30166499	-0.11602852
194	110	1642	0.72243532	-1.7568668
211	110	1643	0.45345982	0.98522856
212	110	1644	0.21571948	0.72285218
215	110	1645	0.39344065	-2.0271616
223	110	1646	0.39689606	-0.25052086
474	110	1647	0.34522072	-0.03756923
238	111	1648	0.6358918	2.4884431
409	111	1649	0.98278047	2.455626
462	111	1650	0.23303982	-1.7112186
486	111	1651	0.82780829	-0.72210478
284	112	1652	0.15787772	0.16440556
402	112	1653	0.41116269	-1.5318601
428	112	1654	0.65339624	1.2899176
337	113	1655	1.0481168	-1.8298622
346	113	1656	0.56527311	-2.4624092
421	113	1657	0.28852304	1.6648504
480	113	1658	0.89382244	-1.8976852
222	114	1659	0.99148262	0.79768951
242	114	1660	1.073443	1.7004977
373	114	1661	1.1369924	-2.0498376
491	114	1662	0.8781699	3.1140293
248	115	1663	0.79108467	-1.3271829
414	115	1664	1.0948319	-2.9362068
495	115	1665	0.83607203	2.5844491
252	116	1666	1.022165	1.0998239
255	116	1667	0.16545566	1.1897237
269	116	1668	0.60280651	-2.5357002
454	116	1669	0.6011669	-1.8608602
482	116	1670	0.83597046	-1.4412482
282	117	1671	0.024995132	-2.1707197
319	117	1672	0.19654632	-2.6803647
151	118	1673	0.47849767	1.414238
179	118	1674	0.53877721	-0.81613805
196	118	1675	0.68711473	2.5852152
351	118	1676	0.95810992	-0.98450511
462	118	1677	0.092588433	2.9193431
468	118	1678	0.40898426	-0.89360121
221	119	1679	0.62994664	-0.58959041
309	119	1680	0.48638318	1.8906504
136	120	1681	1.3616127	1.5678364
162	120	1682	0.80707559	2.4088487
181	120	1683	0.93828656	-1.5015032
253	120	1684	0.60013891	0.48174767
343	120	1685	0.52779468	-2.2848513
442	120	1686	0.54469515	0.73059562
137	121	1687	0.90852376	0.80785605
183	121	1688	0.34167007	1.8911794
189	121	1689	0.42006222	-1.9395944
434	121	1690	0.26375487	2.7946259
219	122	1691	0.18256284	2.6182816
272	122	1692	0.86713477	-0.62769838
298	122	1693	0.57424343	2.9709521
326	122	1694	0.44282031	-2.3532642
169	123	1695	0.64865551	-1.4354176
226	123	1696	0.79430863	-0.34039436
304	123	1697	1.3224273	2.6811084
472	123	1698	0.70947129	2.4850433
171	124	1699	1.9110886	-2.45447
182	124	1700	0.81282813	-2.3352071
432	124	1701	2.0384705	1.2187517
437	124	1702	0.52073533	-0.43675038
453	124	1703	0.45591844	-1.264885
259	125	1704	0.62126047	-0.35660791
331	125	1705	1.2352359	2.3672794
416	125	1706	1.0775068	-1.318518
476	125	1707	0.89605867	1.8609296
198	126	1708	0.41836277	2.0846829
253	126	1709	0.42253176	-2.7018764
289	126	1710	0.46220929	0.60187296
436	126	1711	0.71662917	-0.86923794
442	126	1712	0.51719215	-2.9579537
179	127	1713	0.20602942	-2.6932956
232	127	1714	0.5983367	-0.63294471
243	127	1715	0.14153494	-0.98972048
351	127	1716	0.49551521	-1.6205753
209	128	1717	0.80748961	-2.028928
269	128	1718	0.3349771	0.92619133
433	128	1719	0.54400126	-1.2501004
327	129	1720	0.48048208	-0.045412607
340	129	1721	0.35909086	-1.637218
402	129	1722	0.98677192	0.99552142
193	130	1723	0.31940721	-2.13195
202	130	1724	0.4698247	-3.1124928
312	130	1725	1.1468382	0.090717106
158	131	1726	0.1812475	-1.6650543
164	131	1727	0.53858523	1.4772986
279	131	1728	0.96541192	2.9365733
291	131	1729	0.91401007	2.299667
372	131	1730	1.1036992	-0.8624294
390	131	1731	0.54524291	0.44159689
208	132	1732	1.4010043	1.3858443
361	132	1733	1.151347	-0.58782979
415	132	1734	1.0513167	2.1230228
490	132	1735	0.76809489	2.7480665
500	132	1736	0.60123273	-2.5981723
179	133	1737	0.24376714	-1.6886421
243	133	1738	0.35856743	-0.85720173
367	133	1739	0.56081883	1.0945481
470	133	1740	0.80155928	1.6351297
168	134	1741	1.0541399	-2.4362719
175	134	1742	0.92001663	2.5428916
254	134	1743	1.4847734	-0.13842282
342	134	1744	1.2129769	-1.6006106
406	134	1745	1.3639172	1.4227498
320	135	1746	0.48617007	-1.9047183
403	135	1747	0.64607727	1.0940436
162	136	1748	1.0198212	-2.2046132
246	136	1749	0.40249451	0.10689846
307	136	1750	0.58922921	1.7464457
455	136	1751	1.0545331	1.7066458
488	136	1752	0.39318576	2.7486979
332	137	1753	0.80756489	0.47307691
336	137	1754	0.88143262	0.98148947
422	137	1755	0.31492917	1.6700856
220	138	1756	1.0581058	-0.82930822
462	138	1757	0.66419828	2.1527378
486	138	1758	0.37448204	0.69031441
221	139	1759	0.81856027	1.4297104
328	139	1760	0.80511536	0.69566111
357	139	1761	0.89398759	-0.80453652
184	140	1762	1.0573275	1.2460008
263	140	1763	1.1217117	-1.1023465
265	140	1764	0.74569586	-0.052761954
311	140	1765	0.49926647	1.3038997
286	141	1766	0.17594539	-0.39174553
456	141	1767	0.43639875	-2.3038578
338	142	1768	0.20529186	0.70445131
475	142	1769	0.58094199	1.0739724
172	143	1770	1.1879299	-2.8643441
200	143	1771	0.35212722	1.0672095
318	143	1772	0.58861041	-2.5106069
397	143	1773	1.1712677	-2.6143503
479	143	1774	0.70137251	1.1991683
322	144	1775	0.12906438	2.0824464
353	144	1776	1.1859654	3.1090391
414	144	1777	0.75992681	-1.1979198
495	144	1778	0.64042817	-0.066155586
193	145	1779	0.66708964	2.9416038
261	145	1780	0.47028349	-1.4562175
312	145	1781	0.83081563	0.65612762
347	145	1782	0.64789235	0.048136371
492	146	1783	0.33726791	2.222883
269	147	1784	1.4233524	-1.8834073
497	147	1785	0.48490415	2.8637408
233	148	1786	0.60382846	-2.2190643
395	148	1787	0.11995669	0.51235813
419	148	1788	0.32288694	0.3259932
230	149	1789	0.52995187	1.1341046
259	149	1790	1.0429938	1.8980336
416	149	1791	0.6681831	2.8980501
445	149	1792	0.26063111	0.15017153
211	150	1793	0.4157363	1.688987
212	150	1794	0.22485091	2.2308189
470	151	1795	0.3240963	0.57711526
359	152	1796	1.0743648	3.1099844
427	152	1797	0.88151775	-0.0079480716
203	153	1798	0.86400552	2.7433893
281	153	1799	1.5174541	-1.685869
355	153	1800	1.1862971	-2.0200426
431	153	1801	0.83944129	0.083736931
459	153	1802	0.80220472	2.3643848
248	154	1803	0.67067239	-1.9557507
268	154	1804	0.22044105	1.5643543
271	154	1805	0.58088342	0.042531014
300	154	1806	0.8419641	2.235406
435	154	1807	0.57801054	-0.33202807
227	155	1808	0.29182882	-2.5420632
252	155	1809	0.1477938	-1.5150782
319	155	1810	1.1574648	1.452834
481	155	1811	0.24848677	1.1789531
400	156	1812	1.0084526	2.3738135
471	156	1813	0.25253705	3.0669934
172	157	1814	0.86847047	-0.47324206
216	157	1815	0.52674032	-2.1088866
276	157	1816	0.24214089	-2.5728005
335	157	1817	0.56003233	-1.173782
279	158	1818	1.0017751	2.7557722
372	158	1819	0.9864151	-0.72989656
300	159	1820	0.71579825	-0.24064862
322	159	1821	0.64639695	-3.0014959
245	160	1822	0.71944092	-0.94816885
258	160	1823	0.99062961	2.5589561
259	160	1824	1.1478884	-1.3425499
362	160	1825	0.14218198	0.82390868
476	160	1826	0.58035433	-3.0680741
274	161	1827	0.45332719	2.4282679
330	161	1828	0.75442051	-1.0514356
384	161	1829	0.3222307	2.7426962
485	161	1830	0.99730422	-1.9514994
343	162	1831	0.97255292	-1.3062675
451	162	1832	0.93556358	2.2130008
488	162	1833	1.0016409	1.3280781
247	163	1834	1.1236408	-2.7012248
359	163	1835	0.97989744	0.29768691
366	163	1836	0.1016003	-1.3992625
369	163	1837	0.14830379	-2.2141694
425	163	1838	0.62301096	0.31270726
262	164	1839	0.42370621	0.092935798
291	164	1840	0.67492072	2.9242271
365	164	1841	0.3345861	0.52289838
390	164	1842	0.53654119	-0.60056681
427	164	1843	0.8572987	2.3838394
322	165	1844	1.5298164	0.26285277
353	165	1845	0.48042682	0.7389307
364	165	1846	1.6211607	-2.1367435
369	165	1847	0.5355881	-3.1299711
382	165	1848	0.76707885	-2.4952895
418	165	1849	0.95912979	0.39938118
425	165	1850	0.33741556	1.1226105
230	166	1851	0.87344043	-1.2624282
329	166	1852	0.25174772	0.94988459
362	166	1853	1.0074728	2.0420927
180	167	1854	0.50079158	0.46971956
324	167	1855	0.91947218	-1.5345912
341	167	1856	0.35925212	-1.235364
428	167	1857	0.16635577	1.6864875
175	168	1858	1.2026253	1.535342
184	168	1859	1.2188552	-1.8996468
236	168	1860	0.99477707	2.4639619
297	168	1861	0.77834061	-2.6612865
342	168	1862	0.93133173	-0.60415941
449	168	1863	1.3356217	-1.1045103
191	169	1864	0.35059658	-1.0870754
492	169	1865	0.95275348	-0.54043719
174	170	1866	0.58777347	2.6313023
237	170	1867	0.30295265	-0.5495441
272	170	1868	0.53136503	2.9038725
280	170	1869	0.50919305	-0.98392444
177	171	1870	1.6872596	-3.0025987
182	171	1871	1.1082621	0.59974819
292	171	1872	0.32218911	-0.54282797
335	172	1873	0.56940382	-2.9280928
397	172	1874	0.29458935	-1.1124018
217	173	1875	0.69285105	1.5325773
289	173	1876	1.0021558	-1.3812195
305	173	1877	0.4732875	-1.0680353
460	173	1878	0.12305065	1.6399615
272	174	1879	0.16199518	-1.5925822
236	175	1880	1.0014055	-2.5260722
406	175	1881	1.2702791	0.71259066
413	175	1882	1.6026258	1.2283272
430	175	1883	1.6007321	2.4693703
307	176	1884	0.85268069	-1.3739687
441	176	1885	0.56358418	2.3701288
455	176	1886	0.39263467	-1.2416904
407	177	1887	0.028528716	-2.9117997
439	177	1888	1.5014424	2.7230421
260	178	1889	0.1601806	-1.5696732
263	178	1890	0.65023835	2.0938621
426	178	1891	0.61036918	0.60670111
351	179	1892	0.43639269	-1.1928981
241	180	1893	0.3216978	2.0845254
341	180	1894	0.65423892	-2.0964725
383	180	1895	0.71566883	-1.0596689
420	180	1896	0.25558967	2.3993936
343	181	1897	0.67613907	2.2234543
446	181	1898	1.057203	-1.8835878
292	183	1899	0.55194635	2.2968877
363	183	1900	0.3388695	-2.7708032
422	183	1901	0.95548885	0.7421378
434	183	1902	0.27341705	-2.1102061
479	183	1903	0.48054044	-2.4256153
494	183	1904	0.41805436	-1.7882038
265	184	1905	1.1181718	-1.1980121
297	184	1906	0.84751749	1.9283765
311	184	1907	0.55964383	-1.9472384
394	184	1908	0.49305762	-1.4110296
199	185	1909	0.84848383	-1.4172557
348	185	1910	0.18146628	2.139764
372	185	1911	0.8508959	2.6863494
429	185	1912	0.35298335	-0.0020809111
441	185	1913	0.92560099	-0.83545072
469	185	1914	0.95733726	-0.32389044
207	186	1915	0.4235726	-0.99439098
368	186	1916	0.9003211	1.9206964
374	186	1917	0.76243911	-1.597188
385	186	1918	0.4864428	2.4272454
306	187	1919	0.61099184	0.37831331
321	187	1920	0.73702661	-0.67578116
413	187	1921	1.3032029	-2.6432901
457	187	1922	1.0682955	0.70341217
361	188	1923	0.73970262	2.066455
439	188	1924	0.751519	0.75335658
200	189	1925	0.40729692	3.0046183
434	189	1926	0.49110258	1.7688024
494	189	1927	0.31135722	1.7202027
228	190	1928	0.51828784	2.6042757
235	190	1929	0.62043834	-0.20236754
459	190	1930	0.69257688	-2.2572877
249	191	1931	0.69696737	-0.69197828
438	191	1932	0.90282317	2.6812362
478	191	1933	0.15798735	-2.2432176
332	192	1934	0.55586618	-3.1156173
423	192	1935	0.85264194	0.60058415
312	193	1936	1.3644482	0.27790022
211	194	1937	1.1537493	1.2312524
215	194	1938	0.35899499	1.681708
283	194	1939	0.40215842	1.0711926
386	194	1940	0.31787692	-1.4816996
475	194	1941	0.38304675	-1.7567415
232	195	1942	0.13713057	-2.748679
243	195	1943	0.56208657	2.8097512
367	195	1944	1.0800785	2.0615357
411	195	1945	0.99569793	-1.1182528
238	196	1946	0.2754903	1.4953077
314	196	1947	0.73650582	2.1593394
320	196	1948	0.84314198	1.617962
450	196	1949	1.082067	1.8260587
462	196	1950	0.60041501	-0.60697066
222	197	1951	0.79485217	-1.4113776
358	197	1952	0.86676399	3.0676272
364	197	1953	1.1463215	1.2062006
246	198	1954	0.65701166	2.052338
210	199	1955	0.22416384	-0.44653186
379	199	1956	0.58378097	2.8947938
441	199	1957	0.51417262	0.30026256
280	201	1958	0.62236672	2.0817632
285	201	1959	0.25171654	-2.856938
317	201	1960	0.93232915	-1.5033505
359	202	1961	0.24381639	0.60060642
366	202	1962	0.76048318	-2.8069991
327	203	1963	0.51160175	2.6958499
355	203	1964	1.4315087	-1.373066
398	203	1965	0.67036413	1.7361279
403	203	1966	0.90080854	-2.0271427
459	203	1967	0.31967879	0.79207039
205	204	1968	0.54985459	-0.57877564
302	204	1969	1.3537606	-2.1090763
446	204	1970	1.1004915	0.058656449
496	204	1971	0.43076816	0.68094961
392	205	1972	1.4099214	-2.1275482
446	205	1973	0.73542918	0.51978675
249	206	1974	0.87059586	-3.0273865
260	206	1975	0.3936785	1.7168962
345	206	1976	0.48879826	-2.8100686
448	206	1977	0.76603793	0.1431827
217	207	1978	0.19404287	2.4262848
250	207	1979	0.72303618	-1.5117946
305	207	1980	0.98135081	-1.5146226
368	207	1981	1.3165155	1.9930132
415	208	1982	0.94186234	-2.6042923
498	208	1983	0.80604975	2.0575199
433	209	1984	0.56804869	0.37480114
437	209	1985	0.31602922	2.4307175
379	210	1986	0.80471834	2.8394968
405	210	1987	0.15304372	0.26539762
283	211	1988	0.75944093	-1.8258422
325	211	1989	0.28448834	1.1117506
493	211	1990	0.73591392	1.1175596
223	212	1991	0.32823543	-0.82497052
386	213	1992	0.67163932	-1.5172617
474	213	1993	0.59504239	0.61422402
218	214	1994	1.0480004	1.7002
224	214	1995	1.1417325	-1.6193762
350	214	1996	0.68598788	-2.3639985
464	214	1997	0.71574619	2.0433899
276	216	1998	0.32856942	1.3687467
335	216	1999	0.49071205	-0.13113792
239	218	2000	0.75024086	1.3072438
344	218	2001	0.3418322	2.7519728
386	218	2002	0.86596036	1.9877181
388	218	2003	0.6488209	-2.4326384
464	218	2004	0.44483223	-2.013524
266	219	2005	0.14311564	1.4509032
290	219	2006	0.30540515	-2.9777039
304	220	2007	0.3112127	0.63355245
376	220	2008	0.43606285	2.1979084
438	220	2009	1.2970794	-0.82801918
273	221	2010	1.1545514	0.23485116
378	221	2011	1.1238402	-2.0412281
242	222	2012	0.90379538	2.7381978
499	222	2013	1.8936567	0.72695919
474	223	2014	0.094129615	2.0041804
491	223	2015	0.40810054	0.13114555
350	224	2016	0.78883975	2.1524505
409	224	2017	1.0575134	2.2797658
486	224	2018	0.78433542	-0.4868967
496	225	2019	1.0033544	-1.3925513
492	226	2020	0.88160848	-1.3931602
235	228	2021	1.1229232	-0.35467786
324	228	2022	0.40540109	-3.1325482
341	228	2023	0.65909527	2.0784576
383	228	2024	0.62938729	0.96581126
398	228	2025	0.49282039	-2.3006212
436	229	2026	0.31561123	0.56067603
467	229	2027	0.78538308	-1.9482951
245	230	2028	1.1151482	1.9372474
259	230	2029	0.75524622	2.4048619
385	230	2030	0.29495734	0.84056313
445	230	2031	0.44250084	-1.4948866
275	231	2032	0.17616984	-2.9653228
456	231	2033	0.084072328	1.0133003
234	232	2034	0.50933412	-1.7054462
243	232	2035	0.46833057	2.6143938
249	233	2036	0.31135487	0.26668754
267	233	2037	0.33771874	1.3468747
351	234	2038	0.56989903	2.4493391
376	234	2039	0.3089282	2.4366992
411	234	2040	0.71543487	-0.49243811
383	235	2041	1.1432222	2.2243219
430	235	2042	1.2311553	-0.19145773
431	235	2043	0.97304976	-1.1900263
297	236	2044	0.98695002	-1.4848532
431	236	2045	1.5697029	2.5263761
251	237	2046	1.0857767	2.5463119
280	237	2047	0.26680949	-1.4821395
329	237	2048	0.43917617	-1.3263003
368	237	2049	0.86255805	-0.97984482
409	238	2050	0.34785735	2.3956102
287	239	2051	0.42812643	1.3763367
373	239	2052	0.70229367	0.022484607
386	239	2053	0.55026465	3.0187126
288	240	2054	0.72680377	0.47910861
313	240	2055	0.67922413	2.2891009
318	240	2056	0.4024892	0.049526253
448	240	2057	0.96258409	2.7359685
465	240	2058	0.61600481	-2.4591596
346	241	2059	0.3995553	0.76017562
396	241	2060	0.85406996	1.0978667
420	241	2061	0.11160141	-1.8455082
428	241	2062	0.45973015	-2.3039678
358	242	2063	0.51910072	1.8827493
491	242	2064	1.2760043	-2.1884834
367	243	2065	0.76981962	1.5416893
366	244	2066	0.037463383	1.2109609
461	244	2067	0.50328594	-1.8507314
259	245	2068	0.55709855	-1.8617733
362	245	2069	0.76073136	2.0092561
366	247	2070	1.1010207	0.35128629
424	247	2071	0.25924748	-1.9208843
477	248	2072	1.1264734	-0.57793587
487	248	2073	1.360232	-3.0190374
267	249	2074	0.33452923	2.3099346
345	249	2075	0.40717037	-0.14761104
395	249	2076	0.48819469	1.2177424
478	249	2077	0.71162972	2.673444
303	250	2078	0.5129849	-1.7742927
305	250	2079	0.25832561	-1.5225383
374	250	2080	0.43042602	2.3214734
266	251	2081	0.83088707	2.6156905
481	252	2082	0.38704506	1.3449679
489	252	2083	0.61106032	1.6491041
442	253	2084	0.15235714	2.546408
310	254	2085	1.2759356	-1.7487694
360	254	2086	1.4431527	1.0891867
393	255	2087	0.44985986	-2.0791224
301	256	2088	0.32372835	0.21550447
497	256	2089	0.93123307	-2.2537889
487	257	2090	0.86294912	0.46184654
499	257	2091	0.82607384	-2.5689531
296	258	2092	0.22436833	0.69658144
299	258	2093	0.59275283	2.9887707
362	258	2094	1.0235352	-0.4451609
435	258	2095	0.85454348	2.6430378
476	258	2096	0.63804051	-1.1708999
263	260	2097	0.79312215	1.9929999
294	260	2098	0.72715692	0.12951894
377	260	2099	0.45366186	-2.9410857
395	260	2100	0.6395449	-3.0937084
419	260	2101	0.43770698	3.1096361
426	260	2102	0.71380406	0.7922633
273	261	2103	0.8162111	-2.2101245
279	261	2104	0.77688881	0.031420073
291	261	2105	1.2240837	0.42942626
347	261	2106	0.77490112	0.69860038
298	262	2107	0.76909414	-0.83276358
365	262	2108	0.18370937	2.3724818
391	262	2109	0.50926398	-0.78690989
265	263	2110	0.99060805	1.327957
282	264	2111	0.42325728	-0.35467167
301	264	2112	0.48659693	-1.5232908
303	264	2113	0.10957336	-2.8775224
319	264	2114	0.31773759	-0.7382342
394	265	2115	0.64474049	2.1059666
449	265	2116	1.1610968	1.0409246
271	266	2117	0.60228067	2.6138949
270	267	2118	0.88368575	2.5818925
419	267	2119	0.64796278	0.40523166
271	268	2120	0.61113237	-0.32603349
300	268	2121	0.68321328	2.4374061
365	268	2122	0.066745247	1.1880698
454	269	2123	0.39858281	-0.6236022
411	270	2124	1.1031871	2.1882457
478	270	2125	0.52084379	-0.86171149
365	271	2126	0.6109952	2.7062771
435	271	2127	0.2157891	-1.7286258
371	272	2128	0.40027854	-2.5657262
279	273	2129	1.4345875	0.49336746
328	273	2130	0.83749173	-2.4041999
417	273	2131	0.52854447	-1.9149547
302	274	2132	1.1672543	0.34403518
384	274	2133	0.17750922	-1.3094255
387	274	2134	1.0632177	1.8412542
399	274	2135	1.0493731	-2.7543642
426	274	2136	1.3442988	-2.6335511
466	274	2137	0.58664732	-0.38966024
352	275	2138	0.76975356	-1.9413223
456	275	2139	0.24070932	0.43865769
492	276	2140	1.1551998	3.0299006
349	277	2141	0.59945746	1.2109584
389	277	2142	0.95008151	-2.0178485
443	277	2143	0.60652605	-0.37510628
446	277	2144	0.51183699	-2.903159
293	278	2145	0.36578667	-2.6261173
463	278	2146	0.9043649	0.85314029
291	279	2147	0.59046452	0.96455307
308	279	2148	0.96358441	-1.0857715
355	281	2149	0.55572261	2.2313382
367	281	2150	0.87895471	-1.7967009
400	281	2151	0.92787077	-1.1955402
481	282	2152	1.0073225	-1.7739357
284	283	2153	0.91591698	1.1664622
340	283	2154	0.85172814	-1.9815793
402	283	2155	0.4615011	1.0724531
475	283	2156	0.77557446	-1.9174196
325	284	2157	0.15388493	1.8517901
402	284	2158	0.45850486	-1.8805053
493	284	2159	0.57528481	1.3006788
317	285	2160	0.91183789	-1.2304065
380	285	2161	0.56948753	-1.0177541
382	286	2162	1.3353346	0.67072596
456	286	2163	0.52230543	-2.626877
373	287	2164	0.73964321	-0.57826431
491	287	2165	0.68273403	1.1711886
330	288	2166	0.53767785	1.4813052
333	288	2167	0.41398374	0.20909338
436	289	2168	0.81318262	-1.4703666
473	289	2169	0.054014206	0.15543157
489	289	2170	0.55495709	-1.4114265
298	290	2171	0.12034022	2.6565593
312	291	2172	0.6885764	2.4014029
347	291	2173	0.51968978	-3.1199025
363	292	2174	0.53790924	-1.4765417
381	293	2175	0.47479772	3.0348543
404	293	2176	0.70928257	0.8126805
313	294	2177	0.58459489	-0.4277758
426	294	2178	0.46897349	2.0586142
448	294	2179	0.38583064	-1.323501
485	294	2180	0.93969095	-0.16495824
345	295	2181	0.21422541	-0.44206201
362	296	2182	0.95230916	-0.66108406
326	298	2183	0.48346563	-1.0183694
391	298	2184	0.2614098	2.2194117
354	299	2185	0.45831811	-1.4092512
435	299	2186	0.3584413	2.0481512
476	299	2187	1.0749717	-0.68239356
322	300	2188	1.33765	3.081499
303	301	2189	0.47525714	1.8454198
392	302	2190	0.52916845	-0.68656576
466	302	2191	0.83034848	-2.304762
305	303	2192	0.27056617	1.1271649
374	303	2193	0.83892333	1.7991818
486	304	2194	1.0744195	2.2521318
500	304	2195	0.60495563	1.7097733
321	306	2196	0.68672562	-1.5602331
457	306	2197	0.52678899	1.0829124
455	307	2198	0.46636021	1.6563521
375	308	2199	0.75757929	-1.2328075
323	309	2200	0.97688484	-2.2701777
334	309	2201	0.92995271	-2.5304847
342	310	2202	1.3046737	2.9501756
387	310	2203	1.0710695	-2.1157208
449	310	2204	1.5054045	-2.8617774
347	312	2205	0.4757975	-1.5942615
427	312	2206	0.54511112	-0.038044396
448	313	2207	0.45683088	-2.8494377
352	315	2208	0.40658034	-1.2767835
456	315	2209	0.75034203	0.61125415
493	315	2210	0.87123042	-1.815196
357	316	2211	0.58719118	-1.5275857
417	316	2212	0.79033677	0.94167311
380	317	2213	0.37496374	1.5848828
460	317	2214	0.76533758	-0.94579932
333	318	2215	0.76201883	0.55424914
397	318	2216	0.58898462	-2.7180276
465	318	2217	0.97019876	-2.7070727
481	319	2218	0.92069581	-1.6156966
450	320	2219	0.3105653	2.4215132
360	321	2220	1.2868252	-1.0492782
406	321	2221	1.5455426	-2.5663101
457	321	2222	1.1766836	1.3656675
418	322	2223	0.59413058	-3.1002668
495	322	2224	0.71909502	-0.21707302
334	323	2225	0.25181862	2.126193
421	323	2226	0.44230693	-2.9950399
341	324	2227	0.58583491	1.4252328
398	324	2228	0.37165028	-1.3626456
402	324	2229	0.22230187	2.9355917
493	325	2230	0.4514334	1.1212203
371	326	2231	0.79426105	-0.54711198
372	326	2232	0.68086839	-2.4519543
390	326	2233	0.9849543	2.4369747
391	326	2234	0.74409071	2.1569699
398	327	2235	0.56354236	0.89777387
402	327	2236	0.85165796	1.5039571
403	327	2237	1.0312222	-1.5080597
357	328	2238	1.1601208	-1.569158
417	328	2239	0.44643616	0.14735248
362	329	2240	0.91911519	2.2876823
381	330	2241	0.54343491	0.55857476
485	330	2242	0.79275405	-2.7927645
354	331	2243	0.2579072	2.1162483
476	331	2244	0.62674825	-0.0081367397
477	331	2245	0.23410178	-2.8940387
412	332	2246	0.86032997	0.21101017
458	332	2247	0.98236374	0.33791214
396	334	2248	0.75629549	-2.5273648
461	334	2249	1.381005	0.55973528
397	335	2250	0.70167106	-0.20601004
422	336	2251	0.66890177	-2.4639378
437	336	2252	0.51250199	1.4108907
383	337	2253	0.52376533	-1.4804077
452	337	2254	0.53843631	1.0713297
386	338	2255	0.48958334	1.1057229
380	339	2256	0.55907469	-0.39509598
455	339	2257	0.68530139	-1.9718189
469	339	2258	0.72628334	2.3528014
475	340	2259	0.092291428	0.59100209
383	341	2260	0.68087316	-0.085722963
449	342	2261	0.68441282	-1.8157973
447	343	2262	0.98301722	-1.7190986
386	344	2263	0.66283772	1.6228018
388	344	2264	0.5796983	-1.8797603
396	346	2265	0.49510555	1.3685295
444	346	2266	0.15223345	0.39106989
480	346	2267	0.51462583	-1.2692829
371	348	2268	0.58882385	0.42216069
372	348	2269	0.70223176	2.8210731
443	349	2270	0.85925861	-1.1470979
409	350	2271	0.29272705	2.6289835
464	350	2272	1.1303788	1.4260641
376	351	2273	0.26102471	-0.67729383
468	351	2274	0.55206416	2.0897854
493	352	2275	0.56225312	-2.1950668
477	354	2276	0.29304839	-1.8943159
367	355	2277	1.3034422	-1.4600277
403	355	2278	0.90218002	2.4214385
470	355	2279	1.0074933	-1.7348599
389	356	2280	0.77398626	0.98077206
404	356	2281	0.60167625	-2.3196569
463	356	2282	0.095422408	-1.4056147
413	357	2283	1.6007321	-0.67222233
430	357	2284	1.6026258	-1.9132654
366	359	2285	0.9977846	-2.7427164
425	359	2286	0.35707939	-2.8701144
451	360	2287	0.90768094	0.42739697
439	361	2288	0.9102706	-0.15060791
479	363	2289	0.19819677	-1.8086796
382	364	2290	0.94213401	1.2945975
461	366	2291	0.54063807	-1.8562622
470	367	2292	0.43145478	2.36791
385	368	2293	0.53036632	-1.6820511
382	369	2294	0.46216969	-1.7377854
424	369	2295	1.1822335	-2.6055171
378	370	2296	1.1981056	1.6783605
430	370	2297	0.8458169	-1.1475157
429	371	2298	0.40420969	-1.7861548
469	371	2299	0.84116323	-0.98049832
379	372	2300	1.1191237	-1.2734279
457	372	2301	1.1023351	-1.8775433
385	374	2302	1.135311	1.8817784
457	375	2303	0.81583918	-0.68860672
468	376	2304	0.80071019	2.209324
405	379	2305	0.93738927	-0.21422409
392	381	2306	0.79371321	1.1419414
404	381	2307	1.0662387	0.4507014
466	381	2308	0.77328653	2.5351791
452	383	2309	1.0163481	1.3620615
480	383	2310	0.69141321	1.666077
485	384	2311	1.0536323	-1.6407441
475	386	2312	0.11575933	-2.5984507
449	387	2313	1.0223713	2.6303767
409	388	2314	0.96157643	-1.6919561
404	389	2315	1.3713946	-2.2302705
443	389	2316	1.1633464	0.57687621
446	389	2317	0.74090821	1.6879852
391	390	2318	0.33926655	-0.053441458
404	392	2319	0.68028703	-0.38801241
466	392	2320	1.0055529	-2.8582471
408	393	2321	0.22579721	1.2631653
483	393	2322	0.25351958	-1.3789176
444	396	2323	0.4289748	-1.4744221
465	397	2324	0.38130407	-2.6901507
402	398	2325	0.50401954	2.1945812
426	399	2326	0.32794206	-2.2376423
471	400	2327	0.83003353	-0.96343624
408	401	2328	1.1867501	1.4679367
443	401	2329	0.51175919	1.4826817
463	401	2330	1.5974963	-2.5716561
483	401	2331	0.72361457	1.4296052
428	402	2332	1.0516848	1.4131423
410	403	2333	0.25869469	3.0871369
463	404	2334	0.54864589	0.68375285
440	405	2335	0.807634	-1.5180498
413	406	2336	0.8000274	2.1279008
443	408	2337	0.67508875	-1.6848334
467	408	2338	0.38957089	1.7209173
483	408	2339	0.46449559	-1.6139204
433	412	2340	0.72660057	1.8791683
458	412	2341	0.16877348	1.0391361
482	412	2342	1.0732329	1.1760191
487	414	2343	0.71607979	-1.6931411
495	414	2344	0.75756079	1.0723072
490	415	2345	0.62093044	-1.8278822
498	415	2346	1.2702688	1.2236778
425	418	2347	0.74064381	-3.0484778
437	422	2348	1.1043176	0.99348378
453	422	2349	0.75975876	1.2100714
458	423	2350	0.3735435	-2.6672579
482	423	2351	0.67460964	1.5783522
456	424	2352	1.0938867	-2.1094291
469	429	2353	0.63240695	-0.50135697
431	430	2354	1.0794197	-2.4730369
484	432	2355	0.50259978	-0.60608727
497	432	2356	0.55605152	0.25344694
454	433	2357	0.65479728	1.0007781
467	436	2358	1.0565277	-2.125851
451	440	2359	0.95109993	-1.9954617
488	440	2360	0.76261903	-1.004372
455	441	2361	0.93076364	-0.96377852
447	446	2362	0.61565131	1.9546359
496	446	2363	0.79136527	2.8773754
496	447	2364	0.6458283	-2.5424883
488	451	2365	0.83158996	0.27161211
482	454	2366	0.37726568	-0.73472241
469	455	2367	1.1719758	1.7807878
482	458	2368	0.90633077	1.2014321
468	462	2369	0.48491175	-0.77454772
500	472	2370	1.0330877	2.3238662
491	474	2371	0.44528094	-0.072061908
494	479	2372	0.28774862	-0.32840339
497	484	2373	0.443765	1.2847591
490	486	2374	0.54351054	0.74876846
499	487	2375	1.6864332	-2.6255603
500	490	2376	0.63595824	-1.2595461
