from	to	label	distance	angle
1	140	1	0.33692962	1.3563968
1	334	2	0.52306045	1.4951163
1	384	3	0.16939204	-1.9809163
1	446	4	0.1251653	-1.4508595
2	32	5	0.17536456	0.17502609
2	89	6	0.56879565	2.3745109
2	119	7	0.56739674	-0.59924533
2	189	8	0.666885	2.4502458
2	328	9	0.44067375	2.0912809
3	130	10	0.65132528	-0.8909595
3	205	11	1.5108097	1.31618
3	435	12	1.5123866	-2.1424774
4	25	13	0.28159614	1.6184035
4	48	14	0.17671387	2.3515694
4	316	15	1.0271005	-1.552236
4	406	16	0.41494353	-1.6575834
4	446	17	0.32450081	-1.1132848
5	13	18	1.021093	-2.1396106
5	147	19	1.333897	1.0379883
5	412	20	0.037017709	2.1581307
5	428	21	1.542194	-1.9192384
6	126	22	0.095585807	0.41386027
6	429	23	0.048180585	0.80191673
7	19	24	0.47066928	-2.3979112
7	65	25	0.34319128	-1.3090181
7	92	26	0.34383233	1.1515649
8	87	27	0.40512094	3.0893835
8	102	28	0.034726482	1.6353996
8	292	29	0.65366409	-2.8605877
8	431	30	0.48079289	-0.20663473
9	50	31	0.99258701	-1.2618089
9	114	32	0.90054881	1.6416103
9	251	33	0.4876639	1.5132251
10	263	34	0.32741818	-1.5908046
10	373	35	0.066883371	-0.036880793
10	415	36	0.41888684	-2.7682322
11	13	37	0.54466062	-2.2767258
11	30	38	0.67586215	-2.0465257
11	370	39	0.76050615	0.89075034
12	67	40	0.50287065	-1.3672433
12	228	41	1.0514441	1.8254865
12	238	42	0.22890324	2.7128973
12	489	43	0.3522066	-1.1758309
13	71	44	0.77791935	-1.7490984
14	114	45	1.1106022	-1.4244473
14	248	46	0.34707677	-1.7211609
14	265	47	0.71692449	-1.6756918
14	297	48	1.0558154	1.4328681
15	51	49	0.47782994	2.8752753
15	94	50	0.19490272	1.3062061
16	34	51	0.80355946	-2.022184
16	85	52	0.2954319	0.17135852
16	106	53	0.36193784	1.4510997
17	194	54	0.14802833	0.57341552
17	219	55	1.6587084	-1.2014138
17	253	56	0.85855504	1.9635739
17	349	57	0.21318002	1.5726626
17	360	58	0.39969678	1.5022103
17	495	59	0.97233815	2.1076427
18	41	60	0.8940029	-0.71983479
18	101	61	0.73669516	-3.1402662
18	157	62	0.28128813	-2.4125279
19	65	63	0.43541098	-0.029528485
19	92	64	0.79803533	0.91542809
19	256	65	0.65402612	-2.6757239
19	259	66	0.47222477	-2.3436037
19	373	67	0.21510436	-0.75881237
20	137	68	0.74379263	-1.1130821
20	218	69	0.9909455	-0.88055269
20	269	70	1.2208474	2.508908
20	324	71	0.80666273	-2.098784
21	166	72	0.22964137	0.52436108
21	188	73	0.35574074	-1.864485
22	88	74	0.32446041	-1.0497696
22	170	75	0.4175976	0.32102687
22	260	76	0.31957496	2.1237139
22	301	77	0.35852598	1.8320655
23	227	78	0.88248508	0.89779639
23	370	79	0.89245324	-2.0358469
23	441	80	0.25947733	3.091784
24	141	81	0.56643847	0.049728974
24	186	82	0.71509498	2.3330835
24	475	83	0.29495007	2.3476789
25	48	84	0.1912381	-2.1898927
25	63	85	0.24349436	1.4936247
25	471	86	0.5705419	1.3108415
26	121	87	1.0501139	-1.9906239
26	130	88	0.60085486	1.1033388
26	468	89	0.23780986	0.83315188
27	383	90	0.83064224	2.1416248
27	395	91	0.45322442	2.1966628
27	422	92	1.0274792	-0.86440204
28	95	93	0.52192907	-0.60571092
28	179	94	0.48771239	-0.57771274
28	418	95	0.50704984	2.5068666
29	262	96	0.32123211	1.1705363
29	294	97	0.79665733	-2.3644733
29	361	98	0.5342272	0.37665012
30	71	99	0.60711667	-1.8748739
30	297	100	0.72691476	-1.9983896
30	299	101	0.24473841	-2.788992
30	370	102	1.4289057	0.98686758
31	228	103	0.34916148	0.17640055
31	238	104	0.94966494	-1.1354926
31	282	105	0.32308919	1.7429827
31	354	106	0.31648877	-2.7125266
31	360	107	1.0024851	2.337304
31	452	108	0.1334397	-0.047902407
32	89	109	0.68673145	2.5825442
32	119	110	0.45871425	-0.86983479
32	274	111	0.40982663	2.475719
32	289	112	0.81249999	-0.018498125
33	49	113	0.72935649	-1.1601826
33	112	114	0.61665089	0.9418736
33	205	115	0.71112806	-2.0900923
33	219	116	0.85186214	1.7463758
33	369	117	0.56716885	-0.61658932
34	85	118	1.0049478	0.87828712
34	154	119	0.24455608	-1.8112141
34	181	120	0.69185755	2.7255397
34	307	121	0.97087226	-1.5785887
35	45	122	1.0004074	1.7261096
35	201	123	0.98921998	-1.8242367
35	222	124	0.037017709	2.1581307
35	250	125	0.45763145	0.46206674
35	492	126	0.91106719	-1.8870053
36	171	127	0.11590557	1.7861986
36	216	128	0.11590557	-1.3553941
37	231	129	0.2730056	1.9188582
37	427	130	0.92881172	-2.3700942
37	455	131	0.65938751	0.44287678
38	92	132	1.0814501	-2.2853432
38	192	133	0.51252587	-0.63766326
38	396	134	1.2431881	1.6245808
38	467	135	0.28469702	-1.5754932
39	113	136	0.27133335	-0.74297159
39	152	137	0.49471189	3.0672667
39	318	138	0.58169585	-1.0076755
39	491	139	0.091555466	0.45899672
40	108	140	0.13361585	-2.7352047
40	191	141	0.70934416	-1.30447
40	212	142	0.37524793	-0.94272419
40	470	143	0.13385811	2.7352598
41	355	144	0.035580995	-0.74839715
41	421	145	0.54126217	-1.0477316
42	126	146	0.18231117	-1.6163711
42	145	147	0.60876745	1.1469127
43	86	148	0.49080458	-0.24910677
43	170	149	0.40193222	-2.3583598
43	313	150	0.5450017	1.2773527
44	447	151	0.90268388	-2.1576261
44	453	152	1.1921786	0.93602772
45	160	153	1.1396047	1.9578884
45	250	154	0.96630815	-0.94705979
45	339	155	0.52658161	-3.0996578
45	356	156	0.42853976	0.079016359
45	447	157	0.8988162	1.5435499
46	187	158	0.39695719	2.9495004
46	200	159	0.74214538	-1.9264078
46	225	160	0.56007418	1.8383597
46	394	161	0.15425659	-0.41206504
46	455	162	0.44781055	-2.372018
47	97	163	0.1553551	-1.6732229
47	190	164	0.33159374	2.0065845
47	240	165	0.39366671	-0.76880047
47	362	166	0.26825125	1.6281555
48	127	167	0.29050408	1.8527759
48	399	168	0.40269317	3.0672674
48	406	169	0.54611775	-1.408193
49	74	170	0.56325125	-1.0265258
49	369	171	0.38152413	1.1043152
50	89	172	1.0659728	-1.0788025
50	389	173	0.59284112	1.5860923
50	419	174	0.22857428	-1.4852295
50	478	175	0.41798819	1.9071151
51	213	176	0.42821034	0.39569246
51	331	177	0.13138766	-0.94655521
51	393	178	0.48824208	-3.0886958
51	461	179	0.61447059	-3.1131498
52	339	180	0.11872335	-1.3030438
53	74	181	1.3264214	1.3452734
53	411	182	0.16603549	1.2358106
53	486	183	0.59460249	-2.1243859
53	494	184	0.037017709	2.1581307
54	118	185	0.47700576	-0.13965137
54	124	186	0.58911091	1.9536733
54	249	187	0.2304453	-0.15078202
54	432	188	0.67466561	3.0118736
55	68	189	0.63860781	-1.3940264
55	243	190	0.30451793	2.3835927
55	311	191	0.56685987	-0.91400233
55	330	192	0.41555859	2.6259494
55	392	193	0.30646054	-1.3748114
55	420	194	0.74654568	2.0759258
55	452	195	0.10640464	1.7233083
56	284	196	0.72830104	2.7143174
56	290	197	0.55600309	0.2320378
56	309	198	0.26204053	-0.35195318
56	326	199	0.74035292	2.7998897
57	83	200	0.57398858	-2.6169706
57	185	201	0.40856577	1.4382577
57	223	202	0.4401614	-1.9176134
57	435	203	0.57298704	2.0719769
58	385	204	0.28756263	-0.37843771
58	397	205	0.54913697	2.5618709
58	439	206	0.38284594	1.8236827
59	95	207	0.053662488	-0.68870461
59	288	208	0.52704284	-0.38146056
59	418	209	0.97534169	2.5253606
60	233	210	0.37006926	0.25631298
60	364	211	0.61629835	-3.0987779
61	67	212	0.11009451	2.2545331
61	209	213	0.19012264	-0.91051138
61	220	214	0.22485003	-1.744766
61	487	215	0.07872853	2.8741606
62	141	216	0.37933324	-0.81045156
62	169	217	0.77610375	0.31769021
62	288	218	0.53789038	2.5681903
62	475	219	0.51942755	-2.9621825
63	471	220	0.33404878	1.1779574
64	352	221	0.20307829	0.9992995
65	266	222	0.14558909	0.2623148
65	373	223	0.31012724	-2.6906796
65	407	224	0.79599781	0.57697698
66	408	225	0.30202905	3.0796253
66	433	226	0.38973724	0.1172843
67	148	227	0.39814977	-1.0024285
67	487	228	0.064857691	-1.6693849
68	110	229	0.47681579	-0.66830253
68	237	230	0.41101671	1.8692571
68	392	231	0.33225602	1.7298433
68	424	232	0.59102547	-0.9835513
69	166	233	0.066690471	-2.335423
70	77	234	0.53327306	0.70296177
70	94	235	0.26323814	-1.9942935
70	213	236	0.26358962	-2.5937267
70	291	237	0.020015297	-2.0087709
71	252	238	0.49348051	-2.1058556
71	428	239	0.23908788	0.82969504
71	493	240	0.9494034	-1.7565492
72	90	241	0.76022976	1.5508175
72	134	242	0.55524539	-1.8236304
72	303	243	0.87440235	1.8255043
72	401	244	0.65507789	0.45943624
73	152	245	0.68658776	-0.38445563
73	295	246	0.61646368	3.0422276
73	350	247	0.61460713	-2.93023
73	431	248	0.24319921	3.0798102
73	473	249	0.21810173	2.4876991
74	75	250	0.36388576	0.70628138
74	215	251	0.55207829	-1.0397382
75	235	252	0.15057795	2.1873725
76	125	253	0.6862851	0.77522635
76	230	254	0.1601344	-3.1052024
77	213	255	0.7947425	-2.4898875
77	272	256	0.70675651	0.69138161
77	488	257	0.85175492	0.61613965
78	124	258	0.45258962	-1.9793408
78	195	259	0.57469486	1.3462491
79	226	260	0.12437262	-0.00638119
79	248	261	0.38067701	2.2351365
79	251	262	0.87019243	-1.4890877
79	432	263	0.42809947	-0.30302669
79	485	264	0.20971756	2.1771073
80	87	265	1.134413	0.43124253
80	233	266	0.85070556	-2.3857245
80	325	267	0.78454881	-2.7329654
80	358	268	0.2196484	1.7272536
81	174	269	0.46144898	1.7808427
81	272	270	0.49650237	-0.11592318
82	243	271	0.39916957	-0.80039891
82	330	272	0.32180126	-1.1289379
82	457	273	0.61554298	2.2272979
83	174	274	0.77676338	-3.1282282
83	223	275	0.36949247	-0.3492884
83	272	276	0.55187423	-1.9170817
83	435	277	0.82048449	1.2974465
83	488	278	0.47892826	-1.6473757
84	304	279	0.50826289	-2.9152368
84	371	280	0.38381726	-3.0861295
84	413	281	0.9239484	-0.068881728
85	106	282	0.39611896	2.246935
85	396	283	0.15049779	-0.042559059
86	242	284	0.29208769	-0.91070645
86	335	285	0.50800103	0.44561308
86	376	286	0.62463862	1.2378833
86	451	287	0.44756803	-0.25286434
87	102	288	0.4025539	0.033573556
87	247	289	0.27732755	1.1654694
87	267	290	0.57862144	0.062871233
88	170	291	0.4752109	1.0541067
88	278	292	0.32225323	2.4663893
88	285	293	0.54679765	-1.3102935
89	189	294	0.10861023	2.8576718
89	274	295	0.28263921	-0.40382379
89	419	296	0.86077455	2.1679618
90	196	297	0.6787829	0.22895125
90	437	298	0.2107001	2.7312711
91	276	299	0.22720997	0.91200363
91	281	300	0.55337999	-2.3581518
91	367	301	0.5160655	-0.13747845
92	138	302	0.58503635	-2.7097255
93	284	303	0.86503182	-0.65707362
93	289	304	1.0339076	2.4870111
93	326	305	0.87267868	-0.7301795
93	329	306	0.058815809	-0.78759682
94	203	307	0.15135323	-2.4416912
94	213	308	0.15554598	2.4205378
94	341	309	0.061377521	-1.9750108
95	168	310	0.072703474	-0.54024495
95	179	311	0.037017709	2.1581307
95	288	312	0.47616998	-0.34737096
95	418	313	1.0288707	2.521584
96	111	314	0.44521007	0.49521829
96	218	315	0.38950314	-2.602186
96	319	316	0.52430084	0.91935079
97	143	317	0.37800692	2.2843716
97	190	318	0.47175565	1.8369654
97	240	319	0.32171439	-0.37944686
97	257	320	0.85325526	-2.490886
97	305	321	1.0275261	-0.92037143
98	157	322	0.41090196	2.9210526
98	318	323	0.46277995	-0.85895121
98	414	324	0.50812047	-0.53610179
99	118	325	0.66572901	1.2486777
99	273	326	0.88394923	-1.3448865
99	345	327	0.45539062	-2.0873847
99	463	328	0.5766039	3.1260153
100	138	329	0.12050225	-2.6256832
101	157	330	0.55891236	-0.34003637
101	264	331	0.17908009	2.5993567
101	361	332	0.62332113	2.9692181
102	431	333	0.49123762	-0.27479482
103	218	334	0.14613	-2.9795733
103	319	335	0.78108213	0.862905
104	251	336	0.5389804	2.4749477
104	389	337	0.5307217	-1.87481
104	404	338	0.34462244	-1.2795985
104	463	339	0.39981444	0.83597701
105	175	340	0.037017709	-0.98346194
106	232	341	1.3567568	1.3963462
106	293	342	0.95842468	-2.782797
106	396	343	0.50799753	-0.66978536
106	427	344	0.61303219	0.71283141
107	217	345	0.35979025	1.0049541
107	372	346	0.45095867	-2.0987744
107	464	347	0.082688244	1.4002871
108	208	348	0.30217899	1.2208398
108	212	349	0.42510311	-0.63108187
108	220	350	0.35072578	1.8727588
108	470	351	0.10572434	1.5729287
109	193	352	0.31146724	0.0015701352
109	234	353	0.34633315	-0.21190008
109	405	354	0.3232873	0.53947273
109	458	355	0.23743324	-0.51025461
109	482	356	0.51015338	-2.7930905
110	280	357	0.62895578	-1.1555947
110	311	358	0.49550542	1.8581344
110	424	359	0.20203831	-1.8044128
111	319	360	0.21821988	1.9158974
111	333	361	0.62419041	-1.1467544
111	342	362	0.43753911	-0.89131973
112	219	363	0.61430102	2.5548606
112	238	364	0.70257714	1.5526072
112	283	365	0.30604424	-0.79038446
112	369	366	0.83265356	-1.4504463
112	487	367	0.32021145	0.1576674
113	410	368	0.25802788	-0.68879709
113	483	369	0.69448271	-1.0457193
114	248	370	0.78527621	1.8467336
114	265	371	0.45274564	2.1217705
114	450	372	0.7892854	-1.5910926
114	478	373	1.467066	-1.4150165
115	260	374	0.29632712	1.4287063
115	278	375	0.13332525	-0.45504798
115	315	376	0.11720369	-1.7467211
116	149	377	0.15413121	1.2939491
116	193	378	0.044166187	-2.7892866
116	458	379	0.19641854	-2.4067596
117	305	380	0.095881939	-1.5381182
118	134	381	1.1091521	1.4549344
118	178	382	0.81797915	-1.4665406
118	249	383	0.24658808	3.0123432
118	339	384	0.55588626	-0.27212273
118	438	385	0.65995945	2.020714
119	186	386	0.55635705	-0.50774952
119	430	387	0.25578533	-0.26958658
120	294	388	1.0827931	0.65148417
120	322	389	0.081561942	1.452908
120	367	390	0.92816495	-2.5273602
121	166	391	0.40313511	-2.2938109
121	223	392	0.44432382	-2.7083242
121	300	393	0.68208052	0.64551262
122	433	394	1.0736187	-1.1719484
122	449	395	0.52962257	-1.0934487
122	480	396	1.1971663	1.8494268
123	255	397	0.61922941	-3.0938104
123	327	398	0.35820305	-0.055625237
123	472	399	0.4220169	-0.16482593
124	195	400	1.0230017	1.2652161
124	285	401	0.71784994	2.3813922
124	432	402	0.64216103	-2.3448824
124	438	403	0.40586267	-0.045774196
125	131	404	0.72949777	0.35525005
125	239	405	0.37370606	1.8143292
125	347	406	0.11581972	-1.7216971
126	206	407	0.037017709	2.1581307
126	265	408	0.29613835	-0.19130354
126	429	409	0.054148961	-3.0711248
127	323	410	0.51120428	2.1848469
127	336	411	0.77512466	1.2153641
127	399	412	0.40613201	-2.4812125
128	199	413	0.060613515	-2.4414192
128	308	414	0.31360677	2.7250498
129	156	415	0.47951917	-1.8862974
129	161	416	0.78038598	0.57995692
129	275	417	0.5910888	-0.59526528
129	386	418	0.74559636	2.765945
130	357	419	0.85143355	-2.4859378
130	468	420	0.3770536	-1.8691058
130	486	421	0.46953617	-0.88446216
130	496	422	0.34138479	-1.0196156
131	466	423	1.1991406	0.93019545
132	165	424	0.10105995	-0.48220209
133	316	425	0.17785908	-0.2936941
133	351	426	0.4267125	2.8143229
133	406	427	0.57374063	1.3686086
133	466	428	0.41832311	-1.4051819
134	160	429	0.53229163	-0.33253875
134	436	430	0.30476488	0.31364779
134	438	431	0.65567248	-2.2565954
134	451	432	0.99934394	1.6240165
135	180	433	0.85919283	-0.69702333
135	328	434	0.58677343	2.0304
135	332	435	0.60899665	2.098528
135	418	436	0.39139259	1.635374
136	458	437	0.49923969	0.0072438819
136	482	438	0.19524764	-2.8579881
137	218	439	0.31742392	-0.31015184
137	324	440	0.73566963	-3.1013691
137	353	441	0.78502847	-1.8081887
137	374	442	0.88190896	-1.2130509
138	259	443	0.77975696	-1.9445853
138	261	444	0.71592684	2.5445752
138	307	445	0.67758073	0.98682051
139	378	446	0.051005325	-2.6999055
140	334	447	0.19501423	1.7363494
141	169	448	0.70286746	0.82711707
141	197	449	0.037017709	2.1581307
141	314	450	0.75580832	-0.61215352
141	329	451	0.45582808	1.9471307
141	475	452	0.79370505	2.910006
142	253	453	0.76807541	-0.80236776
142	318	454	0.52152162	1.8888716
143	190	455	0.20950763	0.94137897
143	308	456	0.54229711	2.550063
144	166	457	0.28275633	0.43183603
144	488	458	0.28835798	-2.7238094
145	493	459	0.22754571	0.52772396
146	229	460	0.24182901	-0.77736268
146	263	461	0.3113269	-0.88702407
146	391	462	0.21116827	3.1181695
146	415	463	0.1983814	-2.7982952
147	227	464	0.73606129	0.71801179
147	441	465	0.31966217	-2.4937781
148	208	466	0.032890062	-0.7427546
148	209	467	0.10392868	1.8450888
148	489	468	0.53434006	1.9152587
149	176	469	0.37504471	-1.844237
149	316	470	0.044166187	-2.7892866
150	199	471	0.037017709	-0.98346194
151	200	472	1.0661461	0.73993507
151	396	473	0.81177548	-2.408056
152	244	474	0.91217469	-0.68667286
152	431	475	0.92047203	2.8410176
153	224	476	0.70037875	1.2968962
153	248	477	0.5852521	-1.4955193
153	315	478	0.62136329	1.436257
153	477	479	0.1574822	1.4699657
155	213	480	0.31132366	-0.55030961
155	403	481	0.63367199	1.9965793
156	275	482	0.65022569	0.19252112
156	304	483	0.81038799	-2.0224356
157	264	484	0.7352242	2.7526215
157	318	485	0.82970761	-0.55936819
158	241	486	0.843885	3.1199959
158	472	487	0.60465409	0.090505626
159	326	488	0.21380839	-1.2686955
159	380	489	0.50154767	0.14149675
159	462	490	0.81953076	2.4596616
160	447	491	0.48096254	-0.33209074
160	484	492	0.18512314	2.5675708
161	258	493	0.86937654	2.6938805
161	287	494	0.37518254	0.17458447
161	423	495	0.8865374	0.43545561
162	318	496	1.008318	2.1462198
162	360	497	0.78073651	-0.86870866
162	365	498	0.30419997	-0.10498622
162	378	499	0.47113248	-0.36124716
162	421	500	0.42711283	1.8061337
163	358	501	0.068042489	-3.071058
164	177	502	0.65743763	1.9478114
164	320	503	0.27256806	-1.7940723
164	424	504	0.16737063	0.90269966
165	293	505	0.9137363	0.12957247
165	338	506	1.0421713	2.8660746
165	445	507	0.69989135	-1.3220249
166	188	508	0.54637689	-2.1559286
167	233	509	0.61057199	0.74045733
167	268	510	0.10943617	0.25701643
167	276	511	0.4795649	-2.1000532
169	403	512	1.2490511	0.00093016179
170	285	513	0.94619832	-1.6702201
170	313	514	0.91884726	1.0683804
170	456	515	0.53930755	1.350132
172	232	516	0.94874735	-1.5117498
172	353	517	0.80245183	1.4830963
172	409	518	0.77673745	2.46142
172	426	519	0.27465209	0.088804431
173	303	520	0.15679656	1.0354946
173	437	521	0.18051854	0.82662864
173	451	522	0.27333847	-1.1636291
174	403	523	1.3164975	-2.5796174
174	435	524	1.2794641	0.67586985
175	256	525	0.037017709	-0.98346194
176	466	526	0.044166187	-2.7892866
177	237	527	0.41777598	1.8189453
177	337	528	0.50807577	-1.4501711
178	442	529	1.0940542	-1.1580363
178	443	530	0.50167618	-1.3471937
180	359	531	0.28191339	-0.10373025
180	475	532	0.57834993	-0.35731993
180	490	533	0.19800115	0.24459577
181	293	534	0.48382706	1.300506
182	344	535	1.1978082	1.0916478
182	437	536	0.94350142	-2.2332845
183	381	537	0.13172155	-1.5372204
184	302	538	0.10505149	1.0539636
184	312	539	0.61149734	0.58965089
184	317	540	1.1892304	2.7675431
184	409	541	0.77253618	-0.49994243
185	357	542	0.41011268	0.99426745
185	435	543	0.34343197	2.8536245
186	430	544	0.31365141	2.4402431
186	490	545	0.084461943	-2.4066794
187	225	546	0.52344376	1.0910832
187	231	547	0.74585081	-2.5542346
188	245	548	1.0484602	-2.4148126
188	372	549	0.45300485	0.27877958
188	434	550	0.89146684	0.83679409
188	474	551	0.32582213	-2.2525098
189	419	552	0.78005678	2.0792492
189	454	553	0.59051136	2.0747822
190	308	554	0.58871623	2.9136367
191	208	555	0.93823519	1.7919653
191	212	556	0.38219681	1.4822478
191	382	557	0.38519171	-1.9942694
191	471	558	0.20715658	-1.682825
192	230	559	0.7409263	-1.94349
192	239	560	0.33088695	0.50042441
192	277	561	0.25874282	0.97330127
192	363	562	0.91381491	0.9590379
192	407	563	0.88171424	-2.1799045
193	234	564	0.0781834	-1.216559
193	310	565	0.41381399	1.3311433
193	316	566	0.15413121	1.2939491
193	458	567	0.15631625	-2.301099
194	354	568	0.61891551	-1.0450885
195	242	569	0.44297996	1.0883689
196	368	570	0.80569226	0.091390384
196	375	571	0.72023408	-0.34698614
198	214	572	0.05798407	2.7619873
198	456	573	0.090918376	-0.61290622
199	355	574	0.42639849	-0.0079332235
199	362	575	0.45764392	0.00023568593
199	423	576	0.5153233	-3.1312229
200	323	577	0.61199577	0.74030365
200	394	578	0.74943714	1.0082082
200	399	579	0.49572085	-0.53830697
200	455	580	0.3892821	1.7339529
201	202	581	0.30607497	-2.9351707
201	298	582	0.93675144	-1.1235768
201	442	583	0.51356035	2.6161296
201	492	584	0.098272586	1.9379685
202	400	585	0.48878332	-1.9018737
202	442	586	0.35150651	1.9950665
203	245	587	0.80341354	0.3264488
203	256	588	0.26337654	1.3616819
203	290	589	0.60230845	2.8295255
203	341	590	0.10041105	0.42128916
203	444	591	0.66399108	-3.052306
204	214	592	0.14794018	-0.52216843
205	219	593	1.4703798	1.4315331
206	429	594	0.048180585	-2.3396759
207	401	595	0.16156458	1.0451146
208	279	596	0.55412775	-1.3346078
208	321	597	0.14215419	-1.1521722
208	489	598	0.5636663	1.9423921
209	220	599	0.17109199	-2.7117819
210	235	600	0.54129646	-1.5225597
210	283	601	0.55809357	1.8772572
210	470	602	0.33660995	1.3502595
211	215	603	1.1439254	1.205741
211	221	604	0.21004005	-1.9656621
211	346	605	0.21969483	-0.25068863
211	486	606	0.54346362	-2.655192
214	456	607	0.14794018	-0.52216843
215	235	608	0.8398756	1.6779596
215	382	609	0.62535736	1.3954927
215	384	610	0.42960667	-1.1594725
215	460	611	0.21341636	-1.3009421
216	247	612	0.096931547	2.145353
216	262	613	0.31760662	-0.96702986
216	286	614	0.17533871	1.6635928
217	372	615	0.81060546	-2.1155773
217	434	616	0.30188558	-2.5985079
218	374	617	0.72922459	-1.5618368
219	354	618	1.1040294	1.719822
220	470	619	0.25166298	-1.1444325
220	487	620	0.24507114	1.7223932
221	346	621	0.3250271	0.44318285
221	482	622	0.26653534	-2.5022503
221	486	623	0.40413749	-2.9921686
224	297	624	0.14092029	1.1949415
225	379	625	0.73978852	1.8872923
226	432	626	0.31128944	-0.42008497
227	241	627	0.8644319	0.72424772
227	325	628	0.57714738	-0.018159258
227	381	629	0.40532394	-1.9495844
228	452	630	0.22106606	-2.8305243
229	245	631	0.124796	1.0362095
229	263	632	0.075726033	-1.2440606
229	391	633	0.42134097	2.7144098
230	266	634	0.8740314	-2.6278407
230	372	635	0.073208361	1.5161532
230	407	636	0.23699118	-3.0015357
231	366	637	1.1590566	1.5431785
231	427	638	1.0703297	-2.1354059
232	426	639	0.99552065	1.3504566
232	427	640	0.96271079	-1.3313947
233	325	641	0.28990747	1.9263383
234	310	642	0.48060554	1.4223018
234	405	643	0.24662478	1.8216203
235	369	644	0.55760652	2.1599223
235	382	645	0.29605131	-0.83410944
236	284	646	0.63998136	2.6470363
236	309	647	0.35662823	-0.25041532
236	314	648	0.42606072	-2.9817933
236	444	649	0.56420247	-0.20402312
236	461	650	0.2068598	-0.18205938
237	342	651	0.19520959	-2.4101191
237	392	652	0.0940915	-0.75943709
238	487	653	0.7193269	-1.1352916
239	363	654	0.6342668	1.1920943
240	362	655	0.61825328	2.0743346
240	457	656	0.91050703	-1.0045041
241	255	657	0.41803163	0.18304988
241	358	658	0.61773437	-0.088377138
242	451	659	0.28060106	0.43700874
244	483	660	0.41450747	-0.62618086
244	495	661	1.1427256	-0.99033145
245	263	662	0.18336026	-1.7866773
245	266	663	0.55456322	0.61218944
245	474	664	0.72882425	0.65447747
246	370	665	0.037017709	-0.98346194
247	262	666	0.41450648	-0.97385959
248	485	667	0.17174369	-0.83557666
249	438	668	0.56410122	1.6461723
250	306	669	0.95615203	-1.0468467
250	338	670	1.0676938	-0.54707359
250	356	671	0.82960266	1.7369291
251	389	672	0.88040253	-1.2653992
252	297	673	0.36686264	1.2028452
252	493	674	0.51424925	-1.4219145
253	483	675	0.88383826	2.1175018
253	495	676	0.17390725	2.895423
254	358	677	0.45867037	-2.8264062
254	472	678	0.39778194	-0.12916376
256	259	679	0.25847009	-0.17225543
256	290	680	0.6320892	-3.0262996
256	391	681	0.2678114	0.25356275
256	415	682	0.28358891	-0.016003043
256	422	683	0.93064142	2.7664187
257	269	684	0.52680729	-2.5228809
257	343	685	0.1610617	1.4466765
258	294	686	0.58574441	-3.0800311
258	386	687	0.77331391	-2.385678
258	387	688	0.95485589	-2.9066773
260	278	689	0.3604335	-1.3532485
260	297	690	0.2389753	-1.160379
260	315	691	0.41348273	-1.7224753
261	390	692	0.067935951	-1.7827976
261	445	693	1.1148727	1.8100257
262	267	694	0.2659675	0.48637766
263	415	695	0.42134097	2.7144098
264	267	696	0.64291767	2.7621005
264	296	697	0.89427263	-0.52438045
265	450	698	1.1954742	-1.3848614
266	407	699	0.65909903	0.64539508
267	361	700	0.26202296	-1.0229056
269	275	701	0.83831	3.0145029
269	413	702	0.80666273	-2.098784
270	298	703	0.83090327	2.2908289
270	380	704	0.99510783	-0.82535566
271	452	705	0.24152368	-1.5085767
272	488	706	0.1563041	0.26933033
273	345	707	0.62894781	2.3082837
273	385	708	0.6815443	-1.3934452
273	442	709	0.62630302	-0.54135598
276	281	710	0.7792595	-2.320761
276	367	711	0.44850531	-0.59229835
277	363	712	0.6551088	0.95340458
278	469	713	0.11259604	-2.2926638
279	280	714	0.75798058	1.82254
279	321	715	0.41513454	1.7448195
279	336	716	0.28434105	-1.6261237
279	398	717	0.33754987	2.5135644
279	471	718	0.5849018	-1.4800638
281	313	719	0.97241736	-2.2128169
281	376	720	0.83333534	-1.6430446
282	378	721	1.0906022	2.271865
282	452	722	0.37552268	-1.0444823
283	369	723	0.61997481	-1.7579527
283	487	724	0.28614596	1.2103722
284	326	725	0.063962413	-2.1446643
285	432	726	0.95649252	-1.4961699
287	423	727	0.53290834	0.61805322
289	377	728	0.12767318	0.43219249
289	400	729	0.76117255	1.8137771
290	309	730	0.36702385	-2.5049585
290	380	731	0.8973809	2.6857008
290	444	732	0.25955128	-1.9172265
290	481	733	0.76470941	3.1276048
292	358	734	0.84310606	-3.076546
294	387	735	0.39116379	-2.6454268
295	431	736	0.37354799	-0.12382993
295	472	737	0.74446637	-3.0168525
296	318	738	0.66712805	-0.41891506
297	299	739	0.58139533	1.447059
298	383	740	0.68990172	0.20931228
298	388	741	0.34581723	-2.6848003
299	301	742	0.29794127	-1.8843026
300	434	743	0.72297066	-2.3659827
300	482	744	0.89109331	0.77400502
300	486	745	0.85133228	1.011798
303	451	746	0.38688878	-1.49768
304	371	747	0.14549929	0.69156787
304	453	748	0.79000602	-2.0284262
305	319	749	1.0257165	-1.0193829
305	457	750	0.17927996	-0.39994533
306	338	751	0.51202145	0.56115672
306	383	752	1.036538	-1.6249345
308	423	753	0.3238601	-2.5843028
310	446	754	0.48686832	1.430301
311	489	755	0.76252137	-1.2386952
312	324	756	0.44454158	0.8497934
312	409	757	0.73037032	-1.3362366
313	456	758	0.42793559	-2.4312096
315	477	759	0.46400091	-1.7167745
316	406	760	0.61600458	1.6602473
316	446	761	0.74621744	1.4034764
316	466	762	0.37504471	-1.844237
317	453	763	0.86586772	2.9059763
318	414	764	0.16233759	0.59398664
319	330	765	0.14334021	0.1781233
319	417	766	0.12821366	-2.8845481
319	440	767	0.04361224	-0.19022902
320	337	768	0.39169199	1.88362
320	394	769	1.0877049	-1.5512773
320	424	770	0.42972934	1.1791344
322	344	771	0.45183535	-2.4772336
322	367	772	0.98455551	-2.4657072
322	386	773	0.87712713	0.092653676
322	387	774	0.63959952	0.65448783
323	394	775	0.22718386	1.8021022
323	398	776	0.8485255	1.2007586
323	399	777	0.66746067	-1.6100587
324	353	778	0.91701914	-0.92695611
324	413	779	1.2208474	2.508908
325	358	780	0.86588361	0.65681425
325	381	781	0.81392758	-2.6750412
326	481	782	0.48650728	-0.22708408
327	472	783	0.076635893	-0.69931334
328	454	784	0.80604173	2.3735844
330	440	785	0.10384763	-2.811667
330	457	786	0.93248228	2.1537253
331	393	787	0.5701069	2.9993959
332	418	788	0.31236891	-0.44892352
332	433	789	0.58244638	1.7400676
333	379	790	0.70745663	-1.6426002
333	476	791	0.11872684	0.66992777
334	382	792	0.37346536	2.0427491
334	384	793	0.68532642	-1.7276967
335	376	794	0.45008755	2.1711305
335	451	795	0.33187323	-1.6463722
335	465	796	0.58352839	0.80843613
336	398	797	0.54663777	2.0611187
337	379	798	0.40852993	-2.7518796
340	382	799	0.15124345	-2.9727336
340	384	800	1.0385642	-1.6540771
342	416	801	0.50647689	-1.5067482
342	440	802	0.61844418	2.0882777
342	476	803	0.17200956	-1.1199822
344	425	804	0.56408358	-2.7112115
345	404	805	0.56599788	-2.7389071
345	439	806	0.68362787	-1.304111
345	463	807	0.53629446	2.2858087
346	384	808	0.81655459	1.1042065
348	489	809	0.083135559	-3.0085656
349	360	810	0.18764663	1.4221521
350	472	811	0.75747242	3.0125571
350	473	812	0.50146405	0.54882681
351	363	813	1.12883	-2.3376116
351	399	814	0.99413101	1.5413317
352	385	815	0.5937279	1.8658407
352	400	816	0.26571443	0.52688534
353	426	817	0.80122696	-1.3142752
354	360	818	0.94607521	2.0161494
355	362	819	0.031453117	0.111205
355	421	820	0.50737186	-1.0684128
356	447	821	0.95383992	2.0066729
357	435	822	0.60522696	-2.7225007
359	475	823	0.31353402	-0.58485681
364	381	824	0.14813276	0.17547954
365	420	825	1.0118937	-0.82689855
365	421	826	0.60141557	2.3031409
366	374	827	0.64401214	2.1002765
366	379	828	0.73375282	0.6129489
366	426	829	0.63491574	-2.8931539
367	425	830	0.14303459	2.3476631
367	465	831	1.1421411	-1.8421637
368	375	832	0.34211795	-1.944892
368	453	833	0.56580723	-0.25770651
370	381	834	1.36943	0.94653106
372	474	835	0.74382835	-2.6090541
374	426	836	0.76879855	-1.9577791
375	401	837	0.85488235	-2.6826464
375	453	838	0.6943633	0.25366525
377	388	839	0.33169367	0.69791068
379	416	840	0.44054388	1.3387937
379	448	841	0.037017709	2.1581307
380	422	842	0.56801968	0.032838118
380	481	843	0.38657812	-1.4642889
382	471	844	0.19842902	0.82168678
383	395	845	0.37892521	-1.0658121
384	405	846	0.69745246	-1.7407724
384	460	847	0.22038635	2.119087
385	400	848	0.592131	-0.82378417
385	439	849	0.599349	2.221395
388	400	850	0.72732159	2.4350495
388	462	851	0.85684888	-1.0844899
389	404	852	0.31231253	0.59970997
389	479	853	0.10797717	0.62129498
391	415	854	0.075726033	-1.2440606
393	461	855	0.12693712	3.0758473
394	398	856	0.67357166	1.0087634
396	427	857	0.71927405	1.4795783
397	404	858	0.60935004	2.1573202
398	424	859	0.93991717	1.802832
400	442	860	0.7827091	1.5526721
400	459	861	0.13237584	0.8968074
402	409	862	0.092965745	3.1312448
404	463	863	0.6491723	1.3072461
404	479	864	0.20437381	-2.5532861
408	454	865	0.25354216	0.049239401
410	483	866	0.46160576	-1.2422855
410	491	867	0.50109167	2.2555917
414	421	868	0.60900417	-1.0279537
416	476	869	0.35318363	1.4500914
417	440	870	0.16859427	0.14492769
418	433	871	0.80480312	2.0618921
419	478	872	0.64192455	1.8186456
420	452	873	0.64773114	-1.0089038
428	493	874	1.1594334	-1.8654871
432	463	875	0.85312166	-1.1428209
433	449	876	0.54720554	1.8936719
436	447	877	0.7914522	-0.56625719
436	484	878	0.17696715	-1.2381858
437	451	879	0.38404726	-1.6073398
442	443	880	0.60868039	2.1391595
442	492	881	0.44136003	-0.38531721
450	478	882	0.70369954	-1.2172579
451	465	883	0.86611289	1.053846
454	478	884	0.82599606	1.8809007
468	496	885	0.29783865	0.23577085
469	477	886	0.45149743	-1.8706478
470	487	887	0.49205458	1.8616113
475	490	888	0.43001894	2.5205092
480	493	889	1.3957823	1.74448
482	486	890	0.21041757	2.652445
486	496	891	0.13909097	2.594188
140	1	892	0.33692962	-1.7851958
334	1	893	0.52306045	-1.6464764
384	1	894	0.16939204	1.1606764
446	1	895	0.1251653	1.6907331
32	2	896	0.17536456	-2.9665666
89	2	897	0.56879565	-0.76708172
119	2	898	0.56739674	2.5423473
189	2	899	0.666885	-0.69134682
328	2	900	0.44067375	-1.0503117
130	3	901	0.65132528	2.2506331
205	3	902	1.5108097	-1.8254127
435	3	903	1.5123866	0.9991153
25	4	904	0.28159614	-1.5231891
48	4	905	0.17671387	-0.79002328
316	4	906	1.0271005	1.5893567
406	4	907	0.41494353	1.4840093
446	4	908	0.32450081	2.0283079
13	5	909	1.021093	1.001982
147	5	910	1.333897	-2.1036044
412	5	911	0.037017709	-0.98346194
428	5	912	1.542194	1.2223543
126	6	913	0.095585807	-2.7277324
429	6	914	0.048180585	-2.3396759
19	7	915	0.47066928	0.74368148
65	7	916	0.34319128	1.8325746
92	7	917	0.34383233	-1.9900277
87	8	918	0.40512094	-0.052209153
102	8	919	0.034726482	-1.5061931
292	8	920	0.65366409	0.28100496
431	8	921	0.48079289	2.9349579
50	9	922	0.99258701	1.8797838
114	9	923	0.90054881	-1.4999823
251	9	924	0.4876639	-1.6283676
263	10	925	0.32741818	1.5507881
373	10	926	0.066883371	3.1047119
415	10	927	0.41888684	0.3733605
13	11	928	0.54466062	0.86486688
30	11	929	0.67586215	1.0950669
370	11	930	0.76050615	-2.2508423
67	12	931	0.50287065	1.7743493
228	12	932	1.0514441	-1.3161062
238	12	933	0.22890324	-0.42869533
489	12	934	0.3522066	1.9657617
71	13	935	0.77791935	1.3924942
114	14	936	1.1106022	1.7171453
248	14	937	0.34707677	1.4204317
265	14	938	0.71692449	1.4659008
297	14	939	1.0558154	-1.7087245
51	15	940	0.47782994	-0.2663174
94	15	941	0.19490272	-1.8353866
34	16	942	0.80355946	1.1194086
85	16	943	0.2954319	-2.9702341
106	16	944	0.36193784	-1.6904929
194	17	945	0.14802833	-2.5681771
219	17	946	1.6587084	1.9401789
253	17	947	0.85855504	-1.1780188
349	17	948	0.21318002	-1.5689301
360	17	949	0.39969678	-1.6393824
495	17	950	0.97233815	-1.0339499
41	18	951	0.8940029	2.4217579
101	18	952	0.73669516	0.001326427
157	18	953	0.28128813	0.72906473
65	19	954	0.43541098	3.1120642
92	19	955	0.79803533	-2.2261646
256	19	956	0.65402612	0.46586877
259	19	957	0.47222477	0.797989
373	19	958	0.21510436	2.3827803
137	20	959	0.74379263	2.0285106
218	20	960	0.9909455	2.26104
269	20	961	1.2208474	-0.6326847
324	20	962	0.80666273	1.0428087
166	21	963	0.22964137	-2.6172316
188	21	964	0.35574074	1.2771077
88	22	965	0.32446041	2.091823
170	22	966	0.4175976	-2.8205658
260	22	967	0.31957496	-1.0178787
301	22	968	0.35852598	-1.3095272
227	23	969	0.88248508	-2.2437963
370	23	970	0.89245324	1.1057457
441	23	971	0.25947733	-0.049808659
141	24	972	0.56643847	-3.0918637
186	24	973	0.71509498	-0.80850911
475	24	974	0.29495007	-0.79391371
48	25	975	0.1912381	0.9517
63	25	976	0.24349436	-1.6479679
471	25	977	0.5705419	-1.8307511
121	26	978	1.0501139	1.1509688
130	26	979	0.60085486	-2.0382539
468	26	980	0.23780986	-2.3084408
383	27	981	0.83064224	-0.99996788
395	27	982	0.45322442	-0.94492983
422	27	983	1.0274792	2.2771906
95	28	984	0.52192907	2.5358817
179	28	985	0.48771239	2.5638799
418	28	986	0.50704984	-0.63472606
262	29	987	0.32123211	-1.9710564
294	29	988	0.79665733	0.77711937
361	29	989	0.5342272	-2.7649425
71	30	990	0.60711667	1.2667188
297	30	991	0.72691476	1.1432031
299	30	992	0.24473841	0.35260063
370	30	993	1.4289057	-2.1547251
228	31	994	0.34916148	-2.9651921
238	31	995	0.94966494	2.0061001
282	31	996	0.32308919	-1.39861
354	31	997	0.31648877	0.42906602
360	31	998	1.0024851	-0.80428865
452	31	999	0.1334397	3.0936902
89	32	1000	0.68673145	-0.55904844
119	32	1001	0.45871425	2.2717579
274	32	1002	0.40982663	-0.66587366
289	32	1003	0.81249999	3.1230945
49	33	1004	0.72935649	1.9814101
112	33	1005	0.61665089	-2.1997191
205	33	1006	0.71112806	1.0515004
219	33	1007	0.85186214	-1.3952168
369	33	1008	0.56716885	2.5250033
85	34	1009	1.0049478	-2.2633055
154	34	1010	0.24455608	1.3303786
181	34	1011	0.69185755	-0.41605293
307	34	1012	0.97087226	1.5630039
45	35	1013	1.0004074	-1.415483
201	35	1014	0.98921998	1.3173559
222	35	1015	0.037017709	-0.98346194
250	35	1016	0.45763145	-2.6795259
492	35	1017	0.91106719	1.2545874
171	36	1018	0.11590557	-1.3553941
216	36	1019	0.11590557	1.7861986
231	37	1020	0.2730056	-1.2227345
427	37	1021	0.92881172	0.77149844
455	37	1022	0.65938751	-2.6987159
92	38	1023	1.0814501	0.85624942
192	38	1024	0.51252587	2.5039294
396	38	1025	1.2431881	-1.5170119
467	38	1026	0.28469702	1.5660995
113	39	1027	0.27133335	2.3986211
152	39	1028	0.49471189	-0.074325922
318	39	1029	0.58169585	2.1339172
491	39	1030	0.091555466	-2.6825959
108	40	1031	0.13361585	0.40638796
191	40	1032	0.70934416	1.8371227
212	40	1033	0.37524793	2.1988685
470	40	1034	0.13385811	-0.40633288
355	41	1035	0.035580995	2.3931955
421	41	1036	0.54126217	2.093861
126	42	1037	0.18231117	1.5252216
145	42	1038	0.60876745	-1.9946799
86	43	1039	0.49080458	2.8924859
170	43	1040	0.40193222	0.7832329
313	43	1041	0.5450017	-1.86424
447	44	1042	0.90268388	0.98396655
453	44	1043	1.1921786	-2.2055649
160	45	1044	1.1396047	-1.1837043
250	45	1045	0.96630815	2.1945329
339	45	1046	0.52658161	0.041934875
356	45	1047	0.42853976	-3.0625763
447	45	1048	0.8988162	-1.5980427
187	46	1049	0.39695719	-0.19209227
200	46	1050	0.74214538	1.2151849
225	46	1051	0.56007418	-1.3032329
394	46	1052	0.15425659	2.7295276
455	46	1053	0.44781055	0.76957464
97	47	1054	0.1553551	1.4683697
190	47	1055	0.33159374	-1.1350081
240	47	1056	0.39366671	2.3727922
362	47	1057	0.26825125	-1.5134372
127	48	1058	0.29050408	-1.2888168
399	48	1059	0.40269317	-0.074325218
406	48	1060	0.54611775	1.7333996
74	49	1061	0.56325125	2.1150669
369	49	1062	0.38152413	-2.0372774
89	50	1063	1.0659728	2.0627902
389	50	1064	0.59284112	-1.5555004
419	50	1065	0.22857428	1.6563631
478	50	1066	0.41798819	-1.2344776
213	51	1067	0.42821034	-2.7459002
331	51	1068	0.13138766	2.1950374
393	51	1069	0.48824208	0.052896856
461	51	1070	0.61447059	0.028442809
339	52	1071	0.11872335	1.8385489
74	53	1072	1.3264214	-1.7963193
411	53	1073	0.16603549	-1.905782
486	53	1074	0.59460249	1.0172068
494	53	1075	0.037017709	-0.98346194
118	54	1076	0.47700576	3.0019413
124	54	1077	0.58911091	-1.1879194
249	54	1078	0.2304453	2.9908106
432	54	1079	0.67466561	-0.12971903
68	55	1080	0.63860781	1.7475663
243	55	1081	0.30451793	-0.75799991
311	55	1082	0.56685987	2.2275903
330	55	1083	0.41555859	-0.51564328
392	55	1084	0.30646054	1.7667812
420	55	1085	0.74654568	-1.0656668
452	55	1086	0.10640464	-1.4182844
284	56	1087	0.72830104	-0.42727523
290	56	1088	0.55600309	-2.9095549
309	56	1089	0.26204053	2.7896395
326	56	1090	0.74035292	-0.34170296
83	57	1091	0.57398858	0.52462201
185	57	1092	0.40856577	-1.7033349
223	57	1093	0.4401614	1.2239792
435	57	1094	0.57298704	-1.0696157
385	58	1095	0.28756263	2.7631549
397	58	1096	0.54913697	-0.57972176
439	58	1097	0.38284594	-1.3179099
95	59	1098	0.053662488	2.452888
288	59	1099	0.52704284	2.7601321
418	59	1100	0.97534169	-0.61623207
233	60	1101	0.37006926	-2.8852797
364	60	1102	0.61629835	0.042814706
67	61	1103	0.11009451	-0.88705954
209	61	1104	0.19012264	2.2310813
220	61	1105	0.22485003	1.3968267
487	61	1106	0.07872853	-0.26743202
141	62	1107	0.37933324	2.3311411
169	62	1108	0.77610375	-2.8239024
288	62	1109	0.53789038	-0.57340233
475	62	1110	0.51942755	0.17941017
471	63	1111	0.33404878	-1.9636353
352	64	1112	0.20307829	-2.1422931
266	65	1113	0.14558909	-2.8792779
373	65	1114	0.31012724	0.45091303
407	65	1115	0.79599781	-2.5646157
408	66	1116	0.30202905	-0.06196732
433	66	1117	0.38973724	-3.0243084
148	67	1118	0.39814977	2.1391642
487	67	1119	0.064857691	1.4722078
110	68	1120	0.47681579	2.4732901
237	68	1121	0.41101671	-1.2723356
392	68	1122	0.33225602	-1.4117493
424	68	1123	0.59102547	2.1580414
166	69	1124	0.066690471	0.80616961
77	70	1125	0.53327306	-2.4386309
94	70	1126	0.26323814	1.1472991
213	70	1127	0.26358962	0.54786591
291	70	1128	0.020015297	1.1328218
252	71	1129	0.49348051	1.035737
428	71	1130	0.23908788	-2.3118976
493	71	1131	0.9494034	1.3850435
90	72	1132	0.76022976	-1.5907752
134	72	1133	0.55524539	1.3179622
303	72	1134	0.87440235	-1.3160883
401	72	1135	0.65507789	-2.6821564
152	73	1136	0.68658776	2.757137
295	73	1137	0.61646368	-0.099365019
350	73	1138	0.61460713	0.21136263
431	73	1139	0.24319921	-0.061782426
473	73	1140	0.21810173	-0.65389351
75	74	1141	0.36388576	-2.4353113
215	74	1142	0.55207829	2.1018545
235	75	1143	0.15057795	-0.95422015
125	76	1144	0.6862851	-2.3663663
230	76	1145	0.1601344	0.036390208
213	77	1146	0.7947425	0.65170518
272	77	1147	0.70675651	-2.450211
488	77	1148	0.85175492	-2.525453
124	78	1149	0.45258962	1.1622518
195	78	1150	0.57469486	-1.7953436
226	79	1151	0.12437262	3.1352115
248	79	1152	0.38067701	-0.90645613
251	79	1153	0.87019243	1.6525049
432	79	1154	0.42809947	2.838566
485	79	1155	0.20971756	-0.96448532
87	80	1156	1.134413	-2.7103501
233	80	1157	0.85070556	0.75586814
325	80	1158	0.78454881	0.40862725
358	80	1159	0.2196484	-1.4143391
174	81	1160	0.46144898	-1.36075
272	81	1161	0.49650237	3.0256695
243	82	1162	0.39916957	2.3411937
330	82	1163	0.32180126	2.0126548
457	82	1164	0.61554298	-0.91429477
174	83	1165	0.77676338	0.013364495
223	83	1166	0.36949247	2.7923043
272	83	1167	0.55187423	1.224511
435	83	1168	0.82048449	-1.8441461
488	83	1169	0.47892826	1.4942169
304	84	1170	0.50826289	0.22635584
371	84	1171	0.38381726	0.055463149
413	84	1172	0.9239484	3.0727109
106	85	1173	0.39611896	-0.89465764
396	85	1174	0.15049779	3.0990336
242	86	1175	0.29208769	2.2308862
335	86	1176	0.50800103	-2.6959796
376	86	1177	0.62463862	-1.9037093
451	86	1178	0.44756803	2.8887283
102	87	1179	0.4025539	-3.1080191
247	87	1180	0.27732755	-1.9761233
267	87	1181	0.57862144	-3.0787214
170	88	1182	0.4752109	-2.087486
278	88	1183	0.32225323	-0.67520335
285	88	1184	0.54679765	1.8312991
189	89	1185	0.10861023	-0.28392084
274	89	1186	0.28263921	2.7377689
419	89	1187	0.86077455	-0.97363082
196	90	1188	0.6787829	-2.9126414
437	90	1189	0.2107001	-0.41032155
276	91	1190	0.22720997	-2.229589
281	91	1191	0.55337999	0.78344082
367	91	1192	0.5160655	3.0041142
138	92	1193	0.58503635	0.43186718
284	93	1194	0.86503182	2.484519
289	93	1195	1.0339076	-0.65458154
326	93	1196	0.87267868	2.4114132
329	93	1197	0.058815809	2.3539958
203	94	1198	0.15135323	0.69990149
213	94	1199	0.15554598	-0.7210549
341	94	1200	0.061377521	1.1665818
168	95	1201	0.072703474	2.6013477
179	95	1202	0.037017709	-0.98346194
288	95	1203	0.47616998	2.7942217
418	95	1204	1.0288707	-0.6200087
111	96	1205	0.44521007	-2.6463744
218	96	1206	0.38950314	0.5394067
319	96	1207	0.52430084	-2.2222419
143	97	1208	0.37800692	-0.85722104
190	97	1209	0.47175565	-1.3046273
240	97	1210	0.32171439	2.7621458
257	97	1211	0.85325526	0.65070662
305	97	1212	1.0275261	2.2212212
157	98	1213	0.41090196	-0.22054001
318	98	1214	0.46277995	2.2826414
414	98	1215	0.50812047	2.6054909
118	99	1216	0.66572901	-1.8929149
273	99	1217	0.88394923	1.7967061
345	99	1218	0.45539062	1.054208
463	99	1219	0.5766039	-0.015577328
138	100	1220	0.12050225	0.51590947
157	101	1221	0.55891236	2.8015563
264	101	1222	0.17908009	-0.54223594
361	101	1223	0.62332113	-0.17237457
431	102	1224	0.49123762	2.8667978
218	103	1225	0.14613	0.16201937
319	103	1226	0.78108213	-2.2786877
251	104	1227	0.5389804	-0.66664493
389	104	1228	0.5307217	1.2667826
404	104	1229	0.34462244	1.8619942
463	104	1230	0.39981444	-2.3056156
175	105	1231	0.037017709	2.1581307
232	106	1232	1.3567568	-1.7452464
293	106	1233	0.95842468	0.35879563
396	106	1234	0.50799753	2.4718073
427	106	1235	0.61303219	-2.4287612
217	107	1236	0.35979025	-2.1366386
372	107	1237	0.45095867	1.0428183
464	107	1238	0.082688244	-1.7413055
208	108	1239	0.30217899	-1.9207529
212	108	1240	0.42510311	2.5105108
220	108	1241	0.35072578	-1.2688338
470	108	1242	0.10572434	-1.568664
193	109	1243	0.31146724	-3.1400225
234	109	1244	0.34633315	2.9296926
405	109	1245	0.3232873	-2.6021199
458	109	1246	0.23743324	2.631338
482	109	1247	0.51015338	0.34850216
280	110	1248	0.62895578	1.9859979
311	110	1249	0.49550542	-1.2834582
424	110	1250	0.20203831	1.3371798
319	111	1251	0.21821988	-1.2256952
333	111	1252	0.62419041	1.9948382
342	111	1253	0.43753911	2.2502729
219	112	1254	0.61430102	-0.58673206
238	112	1255	0.70257714	-1.5889854
283	112	1256	0.30604424	2.3512082
369	112	1257	0.83265356	1.6911463
487	112	1258	0.32021145	-2.9839253
410	113	1259	0.25802788	2.4527956
483	113	1260	0.69448271	2.0958734
248	114	1261	0.78527621	-1.2948591
265	114	1262	0.45274564	-1.0198221
450	114	1263	0.7892854	1.5505
478	114	1264	1.467066	1.7265761
260	115	1265	0.29632712	-1.7128863
278	115	1266	0.13332525	2.6865447
315	115	1267	0.11720369	1.3948716
149	116	1268	0.15413121	-1.8476435
193	116	1269	0.044166187	0.352306
458	116	1270	0.19641854	0.7348331
305	117	1271	0.095881939	1.6034745
134	118	1272	1.1091521	-1.6866583
178	118	1273	0.81797915	1.6750521
249	118	1274	0.24658808	-0.12924942
339	118	1275	0.55588626	2.8694699
438	118	1276	0.65995945	-1.1208786
186	119	1277	0.55635705	2.6338431
430	119	1278	0.25578533	2.8720061
294	120	1279	1.0827931	-2.4901085
322	120	1280	0.081561942	-1.6886847
367	120	1281	0.92816495	0.61423243
166	121	1282	0.40313511	0.8477818
223	121	1283	0.44432382	0.43326841
300	121	1284	0.68208052	-2.49608
433	122	1285	1.0736187	1.9696442
449	122	1286	0.52962257	2.0481439
480	122	1287	1.1971663	-1.2921659
255	123	1288	0.61922941	0.047782228
327	123	1289	0.35820305	3.0859674
472	123	1290	0.4220169	2.9767667
195	124	1291	1.0230017	-1.8763765
285	124	1292	0.71784994	-0.7602005
432	124	1293	0.64216103	0.79671028
438	124	1294	0.40586267	3.0958185
131	125	1295	0.72949777	-2.7863426
239	125	1296	0.37370606	-1.3272634
347	125	1297	0.11581972	1.4198955
206	126	1298	0.037017709	-0.98346194
265	126	1299	0.29613835	2.9502891
429	126	1300	0.054148961	0.070467837
323	127	1301	0.51120428	-0.9567458
336	127	1302	0.77512466	-1.9262286
399	127	1303	0.40613201	0.66038019
199	128	1304	0.060613515	0.70017346
308	128	1305	0.31360677	-0.41654285
156	129	1306	0.47951917	1.2552953
161	129	1307	0.78038598	-2.5616357
275	129	1308	0.5910888	2.5463274
386	129	1309	0.74559636	-0.37564762
357	130	1310	0.85143355	0.65565489
468	130	1311	0.3770536	1.2724869
486	130	1312	0.46953617	2.2571305
496	130	1313	0.34138479	2.121977
466	131	1314	1.1991406	-2.2113972
165	132	1315	0.10105995	2.6593906
316	133	1316	0.17785908	2.8478986
351	133	1317	0.4267125	-0.32726972
406	133	1318	0.57374063	-1.7729841
466	133	1319	0.41832311	1.7364107
160	134	1320	0.53229163	2.8090539
436	134	1321	0.30476488	-2.8279449
438	134	1322	0.65567248	0.88499721
451	134	1323	0.99934394	-1.5175761
180	135	1324	0.85919283	2.4445693
328	135	1325	0.58677343	-1.1111926
332	135	1326	0.60899665	-1.0430647
418	135	1327	0.39139259	-1.5062187
458	136	1328	0.49923969	-3.1343488
482	136	1329	0.19524764	0.28360457
218	137	1330	0.31742392	2.8314408
324	137	1331	0.73566963	0.040223551
353	137	1332	0.78502847	1.3334039
374	137	1333	0.88190896	1.9285418
259	138	1334	0.77975696	1.1970074
261	138	1335	0.71592684	-0.59701742
307	138	1336	0.67758073	-2.1547721
378	139	1337	0.051005325	0.44168717
334	140	1338	0.19501423	-1.4052433
169	141	1339	0.70286746	-2.3144756
197	141	1340	0.037017709	-0.98346194
314	141	1341	0.75580832	2.5294391
329	141	1342	0.45582808	-1.194462
475	141	1343	0.79370505	-0.23158662
253	142	1344	0.76807541	2.3392249
318	142	1345	0.52152162	-1.2527211
190	143	1346	0.20950763	-2.2002137
308	143	1347	0.54229711	-0.59152964
166	144	1348	0.28275633	-2.7097566
488	144	1349	0.28835798	0.41778325
493	145	1350	0.22754571	-2.6138687
229	146	1351	0.24182901	2.36423
263	146	1352	0.3113269	2.2545686
391	146	1353	0.21116827	-0.023423169
415	146	1354	0.1983814	0.34329741
227	147	1355	0.73606129	-2.4235809
441	147	1356	0.31966217	0.6478146
208	148	1357	0.032890062	2.398838
209	148	1358	0.10392868	-1.2965038
489	148	1359	0.53434006	-1.2263339
176	149	1360	0.37504471	1.2973557
316	149	1361	0.044166187	0.352306
199	150	1362	0.037017709	2.1581307
200	151	1363	1.0661461	-2.4016576
396	151	1364	0.81177548	0.73353661
244	152	1365	0.91217469	2.4549198
431	152	1366	0.92047203	-0.30057509
224	153	1367	0.70037875	-1.8446964
248	153	1368	0.5852521	1.6460734
315	153	1369	0.62136329	-1.7053357
477	153	1370	0.1574822	-1.671627
213	155	1371	0.31132366	2.591283
403	155	1372	0.63367199	-1.1450133
275	156	1373	0.65022569	-2.9490715
304	156	1374	0.81038799	1.1191571
264	157	1375	0.7352242	-0.38897116
318	157	1376	0.82970761	2.5822245
241	158	1377	0.843885	-0.021596782
472	158	1378	0.60465409	-3.051087
326	159	1379	0.21380839	1.8728972
380	159	1380	0.50154767	-3.0000959
462	159	1381	0.81953076	-0.681931
447	160	1382	0.48096254	2.8095019
484	160	1383	0.18512314	-0.57402185
258	161	1384	0.86937654	-0.44771212
287	161	1385	0.37518254	-2.9670082
423	161	1386	0.8865374	-2.706137
318	162	1387	1.008318	-0.99537287
360	162	1388	0.78073651	2.272884
365	162	1389	0.30419997	3.0366064
378	162	1390	0.47113248	2.7803455
421	162	1391	0.42711283	-1.3354589
358	163	1392	0.068042489	0.070534696
177	164	1393	0.65743763	-1.1937812
320	164	1394	0.27256806	1.3475204
424	164	1395	0.16737063	-2.238893
293	165	1396	0.9137363	-3.0120202
338	165	1397	1.0421713	-0.27551809
445	165	1398	0.69989135	1.8195678
188	166	1399	0.54637689	0.98566404
233	167	1400	0.61057199	-2.4011353
268	167	1401	0.10943617	-2.8845762
276	167	1402	0.4795649	1.0415395
403	169	1403	1.2490511	-3.1406625
285	170	1404	0.94619832	1.4713726
313	170	1405	0.91884726	-2.0732123
456	170	1406	0.53930755	-1.7914607
232	172	1407	0.94874735	1.6298429
353	172	1408	0.80245183	-1.6584963
409	172	1409	0.77673745	-0.68017269
426	172	1410	0.27465209	-3.0527882
303	173	1411	0.15679656	-2.106098
437	173	1412	0.18051854	-2.314964
451	173	1413	0.27333847	1.9779635
403	174	1414	1.3164975	0.56197523
435	174	1415	1.2794641	-2.4657228
256	175	1416	0.037017709	2.1581307
466	176	1417	0.044166187	0.352306
237	177	1418	0.41777598	-1.3226474
337	177	1419	0.50807577	1.6914216
442	178	1420	1.0940542	1.9835564
443	178	1421	0.50167618	1.794399
359	180	1422	0.28191339	3.0378624
475	180	1423	0.57834993	2.7842727
490	180	1424	0.19800115	-2.8969969
293	181	1425	0.48382706	-1.8410866
344	182	1426	1.1978082	-2.0499449
437	182	1427	0.94350142	0.90830819
381	183	1428	0.13172155	1.6043722
302	184	1429	0.10505149	-2.0876291
312	184	1430	0.61149734	-2.5519418
317	184	1431	1.1892304	-0.37404955
409	184	1432	0.77253618	2.6416502
357	185	1433	0.41011268	-2.1473252
435	185	1434	0.34343197	-0.28796816
430	186	1435	0.31365141	-0.70134959
490	186	1436	0.084461943	0.7349133
225	187	1437	0.52344376	-2.0505095
231	187	1438	0.74585081	0.58735808
245	188	1439	1.0484602	0.72678006
372	188	1440	0.45300485	-2.8628131
434	188	1441	0.89146684	-2.3047986
474	188	1442	0.32582213	0.88908287
419	189	1443	0.78005678	-1.0623434
454	189	1444	0.59051136	-1.0668105
308	190	1445	0.58871623	-0.22795591
208	191	1446	0.93823519	-1.3496273
212	191	1447	0.38219681	-1.6593449
382	191	1448	0.38519171	1.1473232
471	191	1449	0.20715658	1.4587677
230	192	1450	0.7409263	1.1981027
239	192	1451	0.33088695	-2.6411682
277	192	1452	0.25874282	-2.1682914
363	192	1453	0.91381491	-2.1825548
407	192	1454	0.88171424	0.9616881
234	193	1455	0.0781834	1.9250337
310	193	1456	0.41381399	-1.8104493
316	193	1457	0.15413121	-1.8476435
458	193	1458	0.15631625	0.84049361
354	194	1459	0.61891551	2.0965042
242	195	1460	0.44297996	-2.0532237
368	196	1461	0.80569226	-3.0502023
375	196	1462	0.72023408	2.7946065
214	198	1463	0.05798407	-0.37960531
456	198	1464	0.090918376	2.5286864
355	199	1465	0.42639849	3.1336594
362	199	1466	0.45764392	-3.141357
423	199	1467	0.5153233	0.010369735
323	200	1468	0.61199577	-2.401289
394	200	1469	0.74943714	-2.1333844
399	200	1470	0.49572085	2.6032857
455	200	1471	0.3892821	-1.4076397
202	201	1472	0.30607497	0.20642194
298	201	1473	0.93675144	2.0180159
442	201	1474	0.51356035	-0.52546306
492	201	1475	0.098272586	-1.2036242
400	202	1476	0.48878332	1.239719
442	202	1477	0.35150651	-1.1465262
245	203	1478	0.80341354	-2.8151439
256	203	1479	0.26337654	-1.7799108
290	203	1480	0.60230845	-0.31206719
341	203	1481	0.10041105	-2.7203035
444	203	1482	0.66399108	0.089286663
214	204	1483	0.14794018	2.6194242
219	205	1484	1.4703798	-1.7100596
429	206	1485	0.048180585	0.80191673
401	207	1486	0.16156458	-2.0964781
279	208	1487	0.55412775	1.8069848
321	208	1488	0.14215419	1.9894204
489	208	1489	0.5636663	-1.1992006
220	209	1490	0.17109199	0.42981077
235	210	1491	0.54129646	1.619033
283	210	1492	0.55809357	-1.2643355
470	210	1493	0.33660995	-1.7913331
215	211	1494	1.1439254	-1.9358517
221	211	1495	0.21004005	1.1759305
346	211	1496	0.21969483	2.890904
486	211	1497	0.54346362	0.48640068
456	214	1498	0.14794018	2.6194242
235	215	1499	0.8398756	-1.4636331
382	215	1500	0.62535736	-1.7461
384	215	1501	0.42960667	1.9821202
460	215	1502	0.21341636	1.8406506
247	216	1503	0.096931547	-0.99623963
262	216	1504	0.31760662	2.1745628
286	216	1505	0.17533871	-1.4779998
372	217	1506	0.81060546	1.0260153
434	217	1507	0.30188558	0.54308478
374	218	1508	0.72922459	1.5797558
354	219	1509	1.1040294	-1.4217707
470	220	1510	0.25166298	1.9971602
487	220	1511	0.24507114	-1.4191995
346	221	1512	0.3250271	-2.6984098
482	221	1513	0.26653534	0.63934233
486	221	1514	0.40413749	0.14942403
297	224	1515	0.14092029	-1.9466512
379	225	1516	0.73978852	-1.2543004
432	226	1517	0.31128944	2.7215077
241	227	1518	0.8644319	-2.4173449
325	227	1519	0.57714738	3.1234334
381	227	1520	0.40532394	1.1920082
452	228	1521	0.22106606	0.31106831
245	229	1522	0.124796	-2.1053832
263	229	1523	0.075726033	1.8975321
391	229	1524	0.42134097	-0.4271829
266	230	1525	0.8740314	0.51375191
372	230	1526	0.073208361	-1.6254395
407	230	1527	0.23699118	0.14005695
366	231	1528	1.1590566	-1.5984142
427	231	1529	1.0703297	1.0061868
426	232	1530	0.99552065	-1.791136
427	232	1531	0.96271079	1.810198
325	233	1532	0.28990747	-1.2152543
310	234	1533	0.48060554	-1.7192909
405	234	1534	0.24662478	-1.3199724
369	235	1535	0.55760652	-0.98167038
382	235	1536	0.29605131	2.3074832
284	236	1537	0.63998136	-0.49455631
309	236	1538	0.35662823	2.8911773
314	236	1539	0.42606072	0.1597993
444	236	1540	0.56420247	2.9375695
461	236	1541	0.2068598	2.9595333
342	237	1542	0.19520959	0.73147352
392	237	1543	0.0940915	2.3821556
487	238	1544	0.7193269	2.0063011
363	239	1545	0.6342668	-1.9494984
362	240	1546	0.61825328	-1.0672581
457	240	1547	0.91050703	2.1370885
255	241	1548	0.41803163	-2.9585428
358	241	1549	0.61773437	3.0532155
451	242	1550	0.28060106	-2.7045839
483	244	1551	0.41450747	2.5154118
495	244	1552	1.1427256	2.1512612
263	245	1553	0.18336026	1.3549153
266	245	1554	0.55456322	-2.5294032
474	245	1555	0.72882425	-2.4871152
370	246	1556	0.037017709	2.1581307
262	247	1557	0.41450648	2.1677331
485	248	1558	0.17174369	2.306016
438	249	1559	0.56410122	-1.4954203
306	250	1560	0.95615203	2.094746
338	250	1561	1.0676938	2.5945191
356	250	1562	0.82960266	-1.4046636
389	251	1563	0.88040253	1.8761934
297	252	1564	0.36686264	-1.9387474
493	252	1565	0.51424925	1.7196781
483	253	1566	0.88383826	-1.0240909
495	253	1567	0.17390725	-0.24616966
358	254	1568	0.45867037	0.31518648
472	254	1569	0.39778194	3.0124289
259	256	1570	0.25847009	2.9693372
290	256	1571	0.6320892	0.11529309
391	256	1572	0.2678114	-2.8880299
415	256	1573	0.28358891	3.1255896
422	256	1574	0.93064142	-0.37517392
269	257	1575	0.52680729	0.61871171
343	257	1576	0.1610617	-1.6949162
294	258	1577	0.58574441	0.061561524
386	258	1578	0.77331391	0.7559147
387	258	1579	0.95485589	0.23491535
278	260	1580	0.3604335	1.7883441
297	260	1581	0.2389753	1.9812136
315	260	1582	0.41348273	1.4191174
390	261	1583	0.067935951	1.358795
445	261	1584	1.1148727	-1.3315669
267	262	1585	0.2659675	-2.655215
415	263	1586	0.42134097	-0.4271829
267	264	1587	0.64291767	-0.37949214
296	264	1588	0.89427263	2.6172122
450	265	1589	1.1954742	1.7567312
407	266	1590	0.65909903	-2.4961976
361	267	1591	0.26202296	2.118687
275	269	1592	0.83831	-0.12708972
413	269	1593	0.80666273	1.0428087
298	270	1594	0.83090327	-0.85076377
380	270	1595	0.99510783	2.316237
452	271	1596	0.24152368	1.633016
488	272	1597	0.1563041	-2.8722623
345	273	1598	0.62894781	-0.833309
385	273	1599	0.6815443	1.7481475
442	273	1600	0.62630302	2.6002367
281	276	1601	0.7792595	0.82083163
367	276	1602	0.44850531	2.5492943
363	277	1603	0.6551088	-2.1881881
469	278	1604	0.11259604	0.84892888
280	279	1605	0.75798058	-1.3190526
321	279	1606	0.41513454	-1.3967732
336	279	1607	0.28434105	1.515469
398	279	1608	0.33754987	-0.62802821
471	279	1609	0.5849018	1.6615288
313	281	1610	0.97241736	0.92877577
376	281	1611	0.83333534	1.498548
378	282	1612	1.0906022	-0.86972768
452	282	1613	0.37552268	2.0971104
369	283	1614	0.61997481	1.3836399
487	283	1615	0.28614596	-1.9312204
326	284	1616	0.063962413	0.99692838
432	285	1617	0.95649252	1.6454228
423	287	1618	0.53290834	-2.5235394
377	289	1619	0.12767318	-2.7094002
400	289	1620	0.76117255	-1.3278156
309	290	1621	0.36702385	0.63663416
380	290	1622	0.8973809	-0.45589184
444	290	1623	0.25955128	1.2243661
481	290	1624	0.76470941	-0.013987824
358	292	1625	0.84310606	0.065046696
387	294	1626	0.39116379	0.49616582
431	295	1627	0.37354799	3.0177627
472	295	1628	0.74446637	0.12474012
318	296	1629	0.66712805	2.7226776
299	297	1630	0.58139533	-1.6945336
383	298	1631	0.68990172	-2.9322804
388	298	1632	0.34581723	0.45679234
301	299	1633	0.29794127	1.25729
434	300	1634	0.72297066	0.77560991
482	300	1635	0.89109331	-2.3675876
486	300	1636	0.85133228	-2.1297946
451	303	1637	0.38688878	1.6439126
371	304	1638	0.14549929	-2.4500248
453	304	1639	0.79000602	1.1131664
319	305	1640	1.0257165	2.1222097
457	305	1641	0.17927996	2.7416473
338	306	1642	0.51202145	-2.5804359
383	306	1643	1.036538	1.5166581
423	308	1644	0.3238601	0.55728981
446	310	1645	0.48686832	-1.7112916
489	311	1646	0.76252137	1.9028975
324	312	1647	0.44454158	-2.2917993
409	312	1648	0.73037032	1.805356
456	313	1649	0.42793559	0.71038305
477	315	1650	0.46400091	1.4248182
406	316	1651	0.61600458	-1.4813453
446	316	1652	0.74621744	-1.7381163
466	316	1653	0.37504471	1.2973557
453	317	1654	0.86586772	-0.23561635
414	318	1655	0.16233759	-2.547606
330	319	1656	0.14334021	-2.9634694
417	319	1657	0.12821366	0.25704453
440	319	1658	0.04361224	2.9513636
337	320	1659	0.39169199	-1.2579726
394	320	1660	1.0877049	1.5903153
424	320	1661	0.42972934	-1.9624582
344	322	1662	0.45183535	0.66435905
367	322	1663	0.98455551	0.67588546
386	322	1664	0.87712713	-3.048939
387	322	1665	0.63959952	-2.4871048
394	323	1666	0.22718386	-1.3394904
398	323	1667	0.8485255	-1.940834
399	323	1668	0.66746067	1.531534
353	324	1669	0.91701914	2.2146365
413	324	1670	1.2208474	-0.6326847
358	325	1671	0.86588361	-2.4847784
381	325	1672	0.81392758	0.46655146
481	326	1673	0.48650728	2.9145086
472	327	1674	0.076635893	2.4422793
454	328	1675	0.80604173	-0.76800827
440	330	1676	0.10384763	0.32992568
457	330	1677	0.93248228	-0.98786736
393	331	1678	0.5701069	-0.14219674
418	332	1679	0.31236891	2.6926691
433	332	1680	0.58244638	-1.4015251
379	333	1681	0.70745663	1.4989925
476	333	1682	0.11872684	-2.4716649
382	334	1683	0.37346536	-1.0988436
384	334	1684	0.68532642	1.4138959
376	335	1685	0.45008755	-0.97046213
451	335	1686	0.33187323	1.4952205
465	335	1687	0.58352839	-2.3331565
398	336	1688	0.54663777	-1.080474
379	337	1689	0.40852993	0.38971301
382	340	1690	0.15124345	0.16885906
384	340	1691	1.0385642	1.4875156
416	342	1692	0.50647689	1.6348445
440	342	1693	0.61844418	-1.053315
476	342	1694	0.17200956	2.0216104
425	344	1695	0.56408358	0.43038112
404	345	1696	0.56599788	0.40268553
439	345	1697	0.68362787	1.8374816
463	345	1698	0.53629446	-0.85578397
384	346	1699	0.81655459	-2.0373862
489	348	1700	0.083135559	0.13302707
360	349	1701	0.18764663	-1.7194405
472	350	1702	0.75747242	-0.1290356
473	350	1703	0.50146405	-2.5927658
363	351	1704	1.12883	0.80398101
399	351	1705	0.99413101	-1.600261
385	352	1706	0.5937279	-1.2757519
400	352	1707	0.26571443	-2.6147073
426	353	1708	0.80122696	1.8273175
360	354	1709	0.94607521	-1.1254432
362	355	1710	0.031453117	-3.0303876
421	355	1711	0.50737186	2.0731799
447	356	1712	0.95383992	-1.1349197
435	357	1713	0.60522696	0.419092
475	359	1714	0.31353402	2.5567358
381	364	1715	0.14813276	-2.9661131
420	365	1716	1.0118937	2.3146941
421	365	1717	0.60141557	-0.83845179
374	366	1718	0.64401214	-1.0413161
379	366	1719	0.73375282	-2.5286437
426	366	1720	0.63491574	0.24843874
425	367	1721	0.14303459	-0.79392957
465	367	1722	1.1421411	1.2994289
375	368	1723	0.34211795	1.1967007
453	368	1724	0.56580723	2.8838861
381	370	1725	1.36943	-2.1950616
474	372	1726	0.74382835	0.53253856
426	374	1727	0.76879855	1.1838136
401	375	1728	0.85488235	0.45894621
453	375	1729	0.6943633	-2.8879274
388	377	1730	0.33169367	-2.443682
416	379	1731	0.44054388	-1.8027989
448	379	1732	0.037017709	-0.98346194
422	380	1733	0.56801968	-3.1087545
481	380	1734	0.38657812	1.6773038
471	382	1735	0.19842902	-2.3199059
395	383	1736	0.37892521	2.0757806
405	384	1737	0.69745246	1.4008203
460	384	1738	0.22038635	-1.0225057
400	385	1739	0.592131	2.3178085
439	385	1740	0.599349	-0.92019764
400	388	1741	0.72732159	-0.70654317
462	388	1742	0.85684888	2.0571028
404	389	1743	0.31231253	-2.5418827
479	389	1744	0.10797717	-2.5202977
415	391	1745	0.075726033	1.8975321
461	393	1746	0.12693712	-0.065745356
398	394	1747	0.67357166	-2.1328292
427	396	1748	0.71927405	-1.6620143
404	397	1749	0.60935004	-0.98427242
424	398	1750	0.93991717	-1.3387607
442	400	1751	0.7827091	-1.5889206
459	400	1752	0.13237584	-2.2447853
409	402	1753	0.092965745	-0.010347876
463	404	1754	0.6491723	-1.8343466
479	404	1755	0.20437381	0.58830657
454	408	1756	0.25354216	-3.0923533
483	410	1757	0.46160576	1.8993072
491	410	1758	0.50109167	-0.88600097
421	414	1759	0.60900417	2.113639
476	416	1760	0.35318363	-1.6915012
440	417	1761	0.16859427	-2.996665
433	418	1762	0.80480312	-1.0797006
478	419	1763	0.64192455	-1.3229471
452	420	1764	0.64773114	2.1326889
493	428	1765	1.1594334	1.2761056
463	432	1766	0.85312166	1.9987717
449	433	1767	0.54720554	-1.2479208
447	436	1768	0.7914522	2.5753355
484	436	1769	0.17696715	1.9034069
451	437	1770	0.38404726	1.5342528
443	442	1771	0.60868039	-1.0024331
492	442	1772	0.44136003	2.7562754
478	450	1773	0.70369954	1.9243347
465	451	1774	0.86611289	-2.0877467
478	454	1775	0.82599606	-1.260692
496	468	1776	0.29783865	-2.9058218
477	469	1777	0.45149743	1.2709449
487	470	1778	0.49205458	-1.2799813
490	475	1779	0.43001894	-0.62108346
493	480	1780	1.3957823	-1.3971127
486	482	1781	0.21041757	-0.48914762
496	486	1782	0.13909097	-0.54740467
