label	xPos	yPos	vote	north
0	0	0	0	0
1	4.527609	-1.256604	0	0
2	-3.977176	-3.683723	0	0
3	2.692473	-1.471019	0	0
4	4.399248	-1.089742	0	0
5	-4.464946	3.347075	0	0
6	-5.871053	-0.1019311	0	0
7	1.275542	-4.314847	0	0
8	-0.5009186	5.734623	0	0
9	-5.192063	-1.403837	0	0
10	1.018391	-4.779029	0	0
11	-4.661597	2.901255	0	0
12	4.009646	1.714432	0	0
13	-5.014941	2.486763	0	0
14	-5.417737	0.5931849	0	0
15	0.3549361	-5.275545	0	0
16	1.61585	-1.986457	0	0
17	2.678256	2.994056	0	0
18	1.159253	5.462513	0	0
19	0.9291378	-4.633491	0	0
20	1.764788	2.88576	0	0
21	1.937632	-3.890102	0	0
22	-5.200089	1.586146	0	0
23	-3.783132	4.290255	0	0
24	-2.528645	-4.791452	0	0
25	4.385847	-0.8084652	0	0
26	2.831183	-2.513932	0	0
27	-1.188031	-3.804649	0	0
28	-3.552998	-3.737369	0	0
29	-0.6883037	5.371957	0	0
30	-4.971133	2.300441	0	0
31	3.400996	2.670685	0	0
32	-3.80449	-3.653186	0	0
33	3.425918	0.6084611	0	0
34	1.265326	-2.709534	0	0
35	-2.46877	-1.44681	0	0
36	-0.768227	6.04248	0	0
37	2.788671	-0.5786217	0	0
38	2.124149	-3.183873	0	0
39	1.342196	5.32672	0	0
40	4.368964	0.6331011	0	0
41	1.831467	4.873133	0	0
42	-5.775231	0.1186302	0	0
43	-4.519002	2.001508	0	0
44	-2.099199	1.191703	0	0
45	-2.623523	-0.4584445	0	0
46	3.706063	0.01555243	0	0
47	1.904177	4.584601	0	0
48	4.274871	-0.9642101	0	0
49	3.717057	-0.06026836	0	0
50	-4.890223	-2.349417	0	0
51	-0.1060488	-5.149789	0	0
52	-3.181052	-0.3660272	0	0
53	3.712096	-1.834966	0	0
54	-4.157434	-0.2647127	0	0
55	3.550448	2.559126	0	0
56	-0.8241847	-5.127852	0	0
57	2.1495	-3.245444	0	0
58	-3.844804	-2.388696	0	0
59	-3.165353	-4.000423	0	0
60	-2.91306	4.604245	0	0
61	4.180847	1.136597	0	0
62	-2.224333	-4.488431	0	0
63	4.404619	-0.5656956	0	0
64	-3.514786	-3.233822	0	0
65	1.364359	-4.646346	0	0
66	-4.727891	-2.772627	0	0
67	4.111301	1.221944	0	0
68	3.662747	1.93047	0	0
69	2.182588	-3.727003	0	0
70	0.5140838	-4.847442	0	0
71	-5.152912	1.721177	0	0
72	-3.417957	1.308198	0	0
73	0.2123815	5.620964	0	0
74	4.008705	-0.5421327	0	0
75	4.285542	-0.3059675	0	0
76	2.426196	-4.173225	0	0
77	0.9209343	-4.502691	0	0
78	-4.197719	0.6970843	0	0
79	-5.235026	-0.04969168	0	0
80	-1.936042	5.28158	0	0
81	0.9722253	-3.994634	0	0
82	3.051313	3.054931	0	0
83	1.652705	-3.532947	0	0
84	-0.5479068	2.974441	0	0
85	1.906955	-1.936079	0	0
86	-4.043347	1.880506	0	0
87	-0.9054876	5.755764	0	0
88	-5.038582	1.304738	0	0
89	-4.386674	-3.288958	0	0
90	-3.40277	2.068276	0	0
91	-3.386998	3.692542	0	0
92	1.415501	-4.00079	0	0
93	-2.171928	-4.297686	0	0
94	0.4059058	-5.087425	0	0
95	-3.123922	-4.034527	0	0
96	2.729947	2.32171	0	0
97	1.888293	4.430061	0	0
98	1.350419	5.185239	0	0
99	-3.895827	-0.9625994	0	0
100	0.9889979	-4.18622	0	0
101	0.4225589	5.461536	0	0
102	-0.5031605	5.769277	0	0
103	2.539964	2.145223	0	0
104	-4.740418	-1.250261	0	0
105	0.3037839	-4.86565	0	0
106	1.65907	-1.627109	0	0
107	2.497353	-3.716401	0	0
108	4.246231	0.5802835	0	0
109	4.064715	-2.265417	0	0
110	4.036988	1.635009	0	0
111	3.121671	2.533284	0	0
112	3.788677	1.107123	0	0
113	1.542023	5.143169	0	0
114	-5.255781	-0.5055451	0	0
115	-5.409884	1.564762	0	0
116	4.417636	-2.249688	0	0
117	2.507352	3.708159	0	0
118	-3.685073	-0.3311109	0	0
119	-3.508641	-4.003746	0	0
120	-2.11729	4.156748	0	0
121	2.403154	-3.472853	0	0
122	-4.757779	-1.737672	0	0
123	-1.556021	5.658739	0	0
124	-4.377521	0.2817428	0	0
125	2.916384	-3.692909	0	0
126	-5.783537	-0.06349162	0	0
127	4.194036	-0.6851791	0	0
128	1.477508	4.89136	0	0
129	-0.5407264	4.045356	0	0
130	3.101939	-1.977539	0	0
131	3.600331	-3.439172	0	0
132	-0.2339362	-2.034856	0	0
133	4.248067	-2.065177	0	0
134	-3.556851	0.7706049	0	0
135	-3.936035	-3.827287	0	0
136	3.772678	-2.384996	0	0
137	2.093469	2.218529	0	0
138	0.8841797	-4.245667	0	0
139	2.688273	3.844187	0	0
140	4.599295	-0.9273881	0	0
141	-1.962907	-4.763295	0	0
142	1.815822	4.33948	0	0
143	1.640872	4.715844	0	0
144	1.879621	-3.893474	0	0
145	-5.524843	0.6735209	0	0
146	0.8151686	-4.865043	0	0
147	-3.787388	4.496073	0	0
148	4.325608	0.8863909	0	0
149	4.459763	-2.101426	0	0
150	1.410642	4.883118	0	0
151	2.660313	-1.398998	0	0
152	0.8488502	5.363456	0	0
153	-5.513743	0.833619	0	0
154	1.207095	-2.947056	0	0
155	0.02371304	-4.82193	0	0
156	-0.6895177	3.589505	0	0
157	0.9494694	5.275127	0	0
158	-1.741903	5.534844	0	0
159	-1.585348	-4.67564	0	0
160	-3.05372	0.5968416	0	0
161	0.1120558	4.472998	0	0
162	2.201438	3.988902	0	0
163	-1.902394	5.503341	0	0
164	3.886532	1.307072	0	0
165	-0.1443995	-2.08172	0	0
166	2.13642	-3.77513	0	0
167	-3.00578	4.286156	0	0
168	-3.061573	-4.071922	0	0
169	-1.487066	-4.245997	0	0
170	-4.803825	1.717915	0	0
171	-0.7930007	6.155707	0	0
172	1.83857	0.6561495	0	0
173	-3.718256	2.019526	0	0
174	0.8760108	-3.543328	0	0
175	0.324297	-4.896464	0	0
176	4.358484	-2.462537	0	0
177	3.644498	1.918336	0	0
178	-3.599948	-1.144649	0	0
179	-3.144435	-4.003713	0	0
180	-3.277243	-4.378836	0	0
181	0.6324899	-2.429917	0	0
182	-3.015651	2.896242	0	0
183	-3.387357	4.735375	0	0
184	0.5566986	1.514995	0	0
185	2.203492	-2.840462	0	0
186	-3.022474	-4.274253	0	0
187	3.316407	0.09133676	0	0
188	1.834651	-4.230611	0	0
189	-4.490936	-3.258534	0	0
190	1.764203	4.885204	0	0
191	4.555656	-0.05123464	0	0
192	2.535958	-3.488989	0	0
193	4.376182	-2.264928	0	0
194	2.802608	3.074362	0	0
195	-4.069754	1.257351	0	0
196	-2.7417	2.22233	0	0
197	-1.98342	-4.732481	0	0
198	-4.760152	2.296446	0	0
199	1.431155	4.852304	0	0
200	3.447675	-0.6801597	0	0
201	-2.716803	-2.40443	0	0
202	-3.01638	-2.467163	0	0
203	0.2901349	-5.184918	0	0
204	-4.942234	2.391719	0	0
205	3.073007	-0.008918072	0	0
206	-5.80405	-0.03267731	0	0
207	-2.911883	1.458937	0	0
208	4.349835	0.8641467	0	0
209	4.297457	0.9864344	0	0
210	4.172371	0.3575503	0	0
211	3.87992	-2.086719	0	0
212	4.589455	0.3294648	0	0
213	0.2890737	-4.984737	0	0
214	-4.814009	2.317932	0	0
215	4.288303	-1.018174	0	0
216	-0.7434533	5.929253	0	0
217	2.690247	-3.412689	0	0
218	2.395748	2.121651	0	0
219	3.277116	1.447226	0	0
220	4.141927	0.9151406	0	0
221	3.799121	-2.280597	0	0
222	-2.489283	-1.415996	0	0
223	1.999886	-3.659398	0	0
224	-5.324299	1.50789	0	0
225	3.557989	0.555698	0	0
226	-5.110656	-0.05048532	0	0
227	-3.233049	4.980319	0	0
228	3.744739	2.731958	0	0
229	0.9875361	-5.034662	0	0
230	2.266168	-4.179051	0	0
231	2.695555	-0.3219868	0	0
232	1.894557	-0.2909444	0	0
233	-2.55508	4.698063	0	0
234	4.403302	-2.338257	0	0
235	4.198471	-0.1831166	0	0
236	-0.9237118	-5.129811	0	0
237	3.541888	2.323315	0	0
238	3.801456	1.809584	0	0
239	2.826271	-3.330231	0	0
240	2.187123	4.310895	0	0
241	-2.585591	5.553068	0	0
242	-3.864242	1.649775	0	0
243	3.329303	2.768473	0	0
244	1.554289	4.785167	0	0
245	1.051118	-4.927278	0	0
246	-4.203882	3.523396	0	0
247	-0.796132	6.010621	0	0
248	-5.469729	0.2500244	0	0
249	-3.929604	-0.2993282	0	0
250	-2.059129	-1.242798	0	0
251	-5.164003	-0.9169809	0	0
252	-5.404534	1.296666	0	0
253	2.349639	3.787231	0	0
254	-1.534192	5.64073	0	0
255	-2.174543	5.629162	0	0
256	0.3448102	-4.927279	0	0
257	1.209395	3.913202	0	0
258	-0.6716349	4.849354	0	0
259	0.5994551	-4.971582	0	0
260	-5.367921	1.858103	0	0
261	0.2920967	-3.843188	0	0
262	-0.5631331	5.667799	0	0
263	1.011841	-5.106382	0	0
264	0.2691666	5.553951	0	0
265	-5.492801	-0.119799	0	0
266	1.504968	-4.608592	0	0
267	-0.3280093	5.792119	0	0
268	-2.899938	4.313974	0	0
269	0.780244	3.607661	0	0
270	-1.76379	-3.873715	0	0
271	3.519265	2.905352	0	0
272	1.465395	-4.052062	0	0
273	-3.697828	-1.824088	0	0
274	-4.126769	-3.400017	0	0
275	-0.05130498	3.713915	0	0
276	-3.247908	3.872204	0	0
277	2.68152	-3.275074	0	0
278	-5.290126	1.506165	0	0
279	4.4795	0.3254033	0	0
280	4.290692	1.059492	0	0
281	-3.779062	3.302009	0	0
282	3.345639	2.988997	0	0
283	4.004002	0.8896407	0	0
284	-1.48701	-4.82605	0	0
285	-4.897745	0.7763894	0	0
286	-0.7597008	6.103838	0	0
287	0.4815351	4.538166	0	0
288	-2.676193	-4.196629	0	0
289	-2.99213	-3.668215	0	0
290	-0.2830826	-4.999993	0	0
291	0.5055952	-4.865568	0	0
292	-1.128944	5.553348	0	0
293	0.7616771	-1.963656	0	0
294	-1.25627	4.813318	0	0
295	-0.4010414	5.682118	0	0
296	1.04328	5.106209	0	0
297	-5.272571	1.638973	0	0
298	-2.311695	-3.249055	0	0
299	-5.200815	2.215923	0	0
300	2.947994	-3.062508	0	0
301	-5.292698	1.932504	0	0
302	0.6086076	1.606326	0	0
303	-3.638274	2.154389	0	0
304	-1.043204	2.860372	0	0
305	2.510485	3.612328	0	0
306	-1.580763	-2.070683	0	0
307	1.257761	-3.680377	0	0
308	1.190717	5.018246	0	0
309	-0.578207	-5.218186	0	0
310	4.474407	-1.862941	0	0
311	3.896561	2.110199	0	0
312	1.064935	1.855031	0	0
313	-4.36136	2.523213	0	0
314	-1.344344	-5.197606	0	0
315	-5.430397	1.449367	0	0
316	4.41831	-2.116666	0	0
317	-0.5503029	1.949526	0	0
318	1.652722	4.834842	0	0
319	3.047849	2.738638	0	0
320	3.826178	1.04127	0	0
321	4.407621	0.7342677	0	0
322	-2.107697	4.237743	0	0
323	3.899489	-0.2673612	0	0
324	1.358394	2.188946	0	0
325	-2.655996	4.969839	0	0
326	-1.521734	-4.879766	0	0
327	-1.198372	5.638824	0	0
328	-4.196323	-3.301404	0	0
329	-2.13043	-4.339366	0	0
330	3.188922	2.764036	0	0
331	-0.02925509	-5.256398	0	0
332	-4.24271	-3.301143	0	0
333	3.378493	1.964376	0	0
334	4.567157	-0.7350403	0	0
335	-3.584954	2.09946	0	0
336	4.463776	0.04149729	0	0
337	3.705636	1.413953	0	0
338	-1.147265	-1.798202	0	0
339	-3.149642	-0.4805202	0	0
340	4.546462	-0.3769837	0	0
341	0.3817662	-5.143856	0	0
342	3.396615	2.192922	0	0
343	1.229335	4.073025	0	0
344	-2.463433	3.959162	0	0
345	-4.120752	-1.358566	0	0
346	4.092748	-2.141219	0	0
347	2.898973	-3.807413	0	0
348	4.227567	1.400369	0	0
349	2.677858	3.207235	0	0
350	-0.3885481	5.492024	0	0
351	3.844002	-1.928007	0	0
352	-3.404943	-3.063014	0	0
353	1.908855	1.455517	0	0
354	3.113195	2.539019	0	0
355	1.85754	4.848921	0	0
356	-2.19632	-0.4246181	0	0
357	2.427051	-2.49664	0	0
358	-1.970267	5.498545	0	0
359	-2.996845	-4.408026	0	0
360	2.705648	3.392813	0	0
361	-0.1915248	5.56845	0	0
362	1.888799	4.852411	0	0
363	3.060769	-2.740905	0	0
364	-3.528793	4.577866	0	0
365	2.503963	3.957023	0	0
366	2.727562	0.8366278	0	0
367	-2.875802	3.621817	0	0
368	-1.93937	2.29586	0	0
369	3.888646	0.2804924	0	0
370	-4.183369	3.492582	0	0
371	-0.9311339	2.953164	0	0
372	2.270166	-4.105952	0	0
373	1.085229	-4.781496	0	0
374	2.402281	1.392455	0	0
375	-2.06439	1.977403	0	0
376	-3.839216	2.470848	0	0
377	-2.876196	-3.614737	0	0
378	2.642162	3.822384	0	0
379	3.327739	1.258743	0	0
380	-1.088813	-4.604909	0	0
381	-3.382935	4.603727	0	0
382	4.397369	-0.4024013	0	0
383	-1.636852	-3.105702	0	0
384	4.460069	-1.411948	0	0
385	-3.577588	-2.494942	0	0
386	-1.234332	4.318896	0	0
387	-1.600265	4.627102	0	0
388	-2.622057	-3.401585	0	0
389	-4.899291	-1.756645	0	0
390	0.2778019	-3.909603	0	0
391	0.6040583	-4.860097	0	0
392	3.610125	2.258532	0	0
393	-0.5936079	-5.175604	0	0
394	3.847408	-0.0462277	0	0
395	-1.45353	-3.437331	0	0
396	2.057317	-1.942482	0	0
397	-4.30422	-2.087884	0	0
398	4.206359	0.5237308	0	0
399	3.87329	-0.9343074	0	0
400	-3.175265	-2.929402	0	0
401	-2.830809	1.598687	0	0
402	1.327645	1.143699	0	0
403	-0.238015	-4.244835	0	0
404	-4.641477	-1.580375	0	0
405	4.342089	-2.09935	0	0
406	4.363281	-1.503124	0	0
407	2.031497	-4.212135	0	0
408	-5.02934	-2.753923	0	0
409	1.234684	1.144661	0	0
410	1.741223	4.979164	0	0
411	3.766681	-1.678159	0	0
412	-4.485459	3.37789	0	0
413	0.3738505	2.910848	0	0
414	1.787253	4.925697	0	0
415	0.6283628	-4.931817	0	0
416	3.429032	1.687483	0	0
417	2.923848	2.706043	0	0
418	-3.961292	-3.43671	0	0
419	-4.870688	-2.577155	0	0
420	3.189179	3.212437	0	0
421	2.101848	4.404241	0	0
422	-0.5210995	-4.58626	0	0
423	0.9158597	4.84696	0	0
424	3.990216	1.438458	0	0
425	-2.976076	3.723817	0	0
426	2.11214	0.6805078	0	0
427	2.122837	-1.226199	0	0
428	-4.991503	1.897558	0	0
429	-5.837552	-0.06730422	0	0
430	-3.262095	-4.07187	0	0
431	-0.03035369	5.63598	0	0
432	-4.826432	-0.177441	0	0
433	-4.340831	-2.727021	0	0
434	2.431797	-3.568697	0	0
435	1.874201	-2.742925	0	0
436	-3.266955	0.8646341	0	0
437	-3.59598	2.152325	0	0
438	-3.972083	0.2631713	0	0
439	-3.940592	-2.018027	0	0
440	3.090675	2.730392	0	0
441	-4.042288	4.303174	0	0
442	-3.16108	-2.146821	0	0
443	-3.488704	-1.633836	0	0
444	-0.3712113	-5.244125	0	0
445	0.02792312	-2.760066	0	0
446	4.542585	-1.38087	0	0
447	-2.599036	0.4400381	0	0
448	3.307225	1.289557	0	0
449	-4.514457	-2.208092	0	0
450	-5.271799	-1.294668	0	0
451	-3.610012	1.768534	0	0
452	3.534282	2.664295	0	0
453	-1.392247	2.151656	0	0
454	-4.776106	-2.741444	0	0
455	3.384442	-0.2960475	0	0
456	-4.685783	2.244145	0	0
457	2.675617	3.542522	0	0
458	4.271904	-2.381379	0	0
459	-3.092648	-2.825971	0	0
460	4.345198	-1.223867	0	0
461	-0.7202708	-5.167264	0	0
462	-2.221597	-4.159095	0	0
463	-4.472361	-0.9536178	0	0
464	2.511384	-3.634912	0	0
465	-3.181951	2.521472	0	0
466	4.317031	-2.477777	0	0
467	2.122812	-3.468567	0	0
468	2.991121	-2.33794	0	0
469	-5.364528	1.421653	0	0
470	4.246005	0.6860076	0	0
471	4.532497	-0.2570926	0	0
472	-1.139723	5.589494	0	0
473	0.03926948	5.753631	0	0
474	1.629342	-4.48361	0	0
475	-2.735423	-4.581122	0	0
476	3.471559	2.038097	0	0
477	-5.497891	0.9903014	0	0
478	-5.028165	-1.954846	0	0
479	-4.811492	-1.693793	0	0
480	-5.087046	-0.5866769	0	0
481	-1.047717	-4.989297	0	0
482	3.58523	-2.43963	0	0
483	1.890153	4.542243	0	0
484	-3.209173	0.697366	0	0
485	-5.354531	0.1226449	0	0
486	3.399487	-2.34076	0	0
487	4.104917	1.157401	0	0
488	1.616065	-4.010471	0	0
489	4.145166	1.389342	0	0
490	-3.085135	-4.330887	0	0
491	1.424276	5.367284	0	0
492	-2.752081	-2.312708	0	0
493	-5.328254	0.7881056	0	0
494	3.691582	-1.804151	0	0
495	2.180975	3.829611	0	0
496	3.28072	-2.268367	0	0
