from	to	label	distance	angle
1	498	1	0.1416728	0.89747118
1	831	2	0.17918214	-2.3938819
2	528	3	0.10775233	-2.2727773
3	161	4	0.23936919	0.01038578
3	807	5	0.18001277	3.1105615
4	149	6	0.13133121	-2.6263057
4	727	7	0.17045036	1.0613691
5	184	8	0.2858394	-1.0830717
5	447	9	0.22360897	-0.34310117
5	465	10	0.30997512	2.1947642
5	814	11	0.13246946	0.11650996
6	586	12	0.16555023	2.0968976
6	864	13	0.2228918	-0.10403557
7	383	14	0.30196113	1.2675515
7	472	15	0.40769955	-2.1912022
7	494	16	0.14730539	0.74194511
7	675	17	0.13985429	1.1693649
7	908	18	0.16031367	1.8760716
7	912	19	0.28098513	0.37500208
8	360	20	0.34994243	0.73642678
8	396	21	0.35288452	-2.5664124
9	437	22	0.14929771	2.8318564
10	388	23	0.47062807	1.2156384
10	542	24	0.48931328	-2.0766328
10	760	25	0.19399241	-0.75609572
11	796	26	0.16204606	-2.0798428
11	856	27	0.11259643	-0.040923868
12	141	28	0.12603626	-0.17061119
12	622	29	0.15874031	-3.1244136
13	209	30	0.18097509	-1.5161057
13	302	31	0.16338651	2.4719923
14	138	32	0.16238184	0.4925111
14	408	33	0.13198135	-0.77588988
15	407	34	0.086038511	-2.5588053
15	484	35	0.12684591	-0.61704618
16	392	36	0.24979224	1.5026171
16	459	37	0.20267098	-1.7182046
17	376	38	0.44611393	2.1892591
17	708	39	0.40613915	-1.2992124
17	723	40	0.29421068	0.16267232
18	353	41	0.18158109	2.430816
18	514	42	0.15155101	-2.1955159
18	524	43	0.17526875	-0.37852918
19	111	44	0.11724662	-2.5268806
19	595	45	0.2530061	-0.56709617
19	862	46	0.19687438	2.3893216
20	95	47	0.14907723	2.2790701
20	703	48	0.20509163	0.15870889
20	800	49	0.22563562	-2.3392403
21	304	50	0.32374069	2.9860257
21	468	51	0.19432853	0.92712173
21	596	52	0.31337376	-0.38319281
22	572	53	0.38721588	-1.171302
22	588	54	0.37382059	1.9277352
23	397	55	0.22735174	2.091378
23	766	56	0.25046676	-0.93360852
24	248	57	0.048906259	0.49319467
24	334	58	0.19035201	2.0435427
25	685	59	0.24767557	-0.60153269
25	723	60	0.25674293	2.4279699
26	170	61	0.41012465	-3.0609436
26	204	62	0.38370587	0.70804106
26	460	63	0.29456083	-1.1607875
26	873	64	0.20647892	-1.2241653
27	195	65	0.16925451	-0.46590471
27	546	66	0.14503767	0.29589351
27	802	67	0.20282661	2.9906085
28	525	68	0.20148064	1.7908594
29	556	69	0.16558473	2.4749785
30	277	70	0.26539336	-0.19045482
30	342	71	0.3062005	2.5305084
30	354	72	0.25513867	-0.70768917
30	445	73	0.1157714	-1.0503449
31	251	74	0.23683372	-1.7428116
31	677	75	0.14695886	-1.0517556
31	739	76	0.2695658	1.7219847
32	183	77	0.42699115	-1.8379913
32	282	78	0.43335495	-2.9508415
32	489	79	0.56285522	0.86306002
32	880	80	0.15273289	-3.0869174
33	412	81	0.22017988	1.9039645
34	758	82	0.13375027	-2.491261
34	818	83	0.1441667	1.3844289
35	909	84	0.23102352	0.92833655
36	713	85	0.29306209	1.7956257
36	793	86	0.4106227	-0.71476707
36	876	87	0.30926865	2.6296942
37	320	88	0.23129386	0.086768268
37	829	89	0.22190759	-2.9845947
38	694	90	0.14764957	-0.60546838
39	122	91	0.14544111	-0.42827998
39	357	92	0.11605747	-1.3462439
39	475	93	0.13350576	-1.8872043
39	719	94	0.18443009	2.1255566
40	132	95	0.17844333	-1.1536074
41	339	96	0.096441775	-2.8589246
41	738	97	0.11891835	0.91486397
42	246	98	0.15280004	-0.29087153
42	870	99	0.12910702	3.0189989
43	274	100	0.19664704	-0.1123391
44	400	101	0.28168912	3.077416
44	409	102	0.25873264	0.94854686
44	739	103	0.30976878	-0.88723893
45	350	104	0.19924198	1.5326526
45	362	105	0.3217195	-1.4760397
45	470	106	0.21057537	1.7866693
46	120	107	0.19025247	0.69500018
46	710	108	0.082409706	-0.62256464
47	81	109	0.1962177	-0.5134991
47	547	110	0.12341396	2.4145362
47	830	111	0.17938559	2.4246314
48	301	112	0.28188119	1.1650126
48	658	113	0.23773472	-1.951748
49	694	114	0.2134064	-1.4990621
49	779	115	0.19523024	1.5969283
50	720	116	0.092084036	2.1279022
50	778	117	0.22986992	-0.29160101
50	864	118	0.19503845	2.0511554
51	108	119	0.17388954	-1.5003246
51	335	120	0.19775816	1.5492071
51	416	121	0.3223353	-1.0233876
51	799	122	0.26240721	2.3384068
51	901	123	0.19772979	1.7552091
52	501	124	0.27734497	2.8895412
52	609	125	0.10467929	-0.61787735
52	797	126	0.27264207	-0.32941561
53	71	127	0.24301883	-2.0812275
53	100	128	0.24783286	-3.0922678
53	111	129	0.41155533	0.73404468
53	580	130	0.20136403	-2.0297785
53	871	131	0.18991435	-3.0144837
54	59	132	0.21559369	1.8956367
54	621	133	0.14057846	-2.3092569
54	676	134	0.10552868	-2.1744699
54	835	135	0.18968814	-0.85051921
55	56	136	0.28844634	0.21053092
55	409	137	0.18705772	-1.0473666
55	524	138	0.29736292	3.0919256
56	591	139	0.26632695	0.18502545
57	68	140	0.25688727	1.2611245
57	96	141	0.23656664	-1.9060389
58	322	142	0.19080751	2.577038
58	445	143	0.16447211	-0.33368637
59	480	144	0.27048058	1.8214513
60	137	145	0.34680626	0.27999409
60	381	146	0.31305192	-2.5768883
60	740	147	0.2114716	0.86872011
60	854	148	0.20284366	-2.7482168
61	79	149	0.22327965	2.0778244
61	302	150	0.24409459	1.7884666
61	562	151	0.33942445	-1.3438506
61	748	152	0.10394689	1.5415793
62	758	153	0.11001215	1.7837868
63	94	154	0.17488631	2.3919009
63	544	155	0.18104813	-0.93186687
64	339	156	0.13555261	1.7859893
65	566	157	0.069132977	3.1364877
65	637	158	0.15950604	-0.049686379
65	734	159	0.21729077	3.0065928
66	197	160	0.28141026	-2.2724717
66	657	161	0.40310253	1.0509821
66	863	162	0.29557785	-2.0312435
67	400	163	0.18549986	2.0948356
67	588	164	0.15485464	-1.6430822
68	214	165	0.15260604	-0.87057561
68	405	166	0.2195949	-0.24611835
68	572	167	0.39913526	2.1426127
68	582	168	0.20429997	-0.65934145
68	745	169	0.23565727	-0.45933728
69	624	170	0.17349084	-0.32247352
70	810	171	0.15330697	2.737789
70	883	172	0.21943529	-0.21861622
70	911	173	0.14970616	-3.0988992
71	100	174	0.23773844	2.1433588
71	390	175	0.29368806	-1.5103135
71	580	176	0.043181311	0.8181927
72	338	177	0.15407203	-3.0361588
72	774	178	0.084669406	-1.3701586
73	231	179	0.11762136	1.8375679
73	238	180	0.2714138	-0.8427741
73	372	181	0.2659857	-1.6724613
73	531	182	0.085296519	-0.7312808
73	659	183	0.31998731	2.1540421
74	289	184	0.42936933	-0.57739817
74	516	185	0.39349801	2.5208051
75	143	186	0.11720039	-1.0231101
75	603	187	0.26666939	2.4851516
75	737	188	0.28031451	-0.70823852
76	167	189	0.13711337	-2.7368595
76	439	190	0.2205315	0.66193575
76	535	191	0.182883	-2.4938898
77	419	192	0.21731523	-0.95329102
78	243	193	0.23083079	1.4290854
78	510	194	0.23358324	-2.2244293
78	909	195	0.23274351	0.27116706
79	286	196	0.17939405	2.7154861
79	748	197	0.14406915	-0.68623738
79	808	198	0.22579464	2.013642
80	457	199	0.26411162	-0.23686206
80	866	200	0.24316503	2.9745013
81	565	201	0.29302777	-0.94163189
81	629	202	0.21948922	1.9456807
82	136	203	0.27526829	2.5101834
82	393	204	0.10405331	-2.6494132
82	762	205	0.11733128	0.55290206
82	768	206	0.26217703	-0.70092342
83	594	207	0.19137513	-1.7683682
83	825	208	0.050767903	-0.64901392
84	317	209	0.16748879	-1.4307225
84	490	210	0.17495446	1.5683881
84	529	211	0.10585256	-2.6265821
85	124	212	0.38363518	0.70212731
85	299	213	0.37369457	-2.481986
85	458	214	0.06314156	1.8557224
86	391	215	0.10525687	-1.0477606
86	520	216	0.21109092	-1.1764157
86	737	217	0.21232063	1.9908157
87	117	218	0.22089139	1.3383422
87	738	219	0.24109869	-2.5803685
87	816	220	0.17854658	-0.82066192
87	860	221	0.16616047	-0.19211077
88	836	222	0.19046909	-0.82240924
89	296	223	0.15651824	-0.75445608
89	399	224	0.18036492	1.176277
89	824	225	0.17462605	-2.7039902
90	865	226	0.12907658	-1.0079291
90	904	227	0.16784695	1.8523493
91	471	228	0.097286471	-1.2562503
92	158	229	0.19661296	2.5275032
92	275	230	0.052394998	1.3563075
93	245	231	0.18417347	1.9162814
93	526	232	0.2134307	-2.0316462
93	690	233	0.13766639	1.2617181
93	716	234	0.088104646	2.9636186
93	727	235	0.13990985	-1.4099259
93	783	236	0.13237879	-0.017725216
94	384	237	0.15162783	2.7977595
95	215	238	0.30576644	3.1189688
95	370	239	0.30195851	2.9819493
95	639	240	0.39848571	-0.20198402
96	306	241	0.23035431	-2.5434734
96	628	242	0.19136176	0.028665115
96	805	243	0.15611382	-2.85741
97	399	244	0.23550419	-2.3862281
97	789	245	0.14537458	0.46394766
97	891	246	0.18288555	0.78913377
98	175	247	0.24643264	0.57421375
98	255	248	0.13529817	-1.7435972
98	278	249	0.30697544	-3.1019989
98	478	250	0.18033642	-0.89560416
99	229	251	0.14411885	1.532556
100	225	252	0.28291433	2.6353428
101	193	253	0.13950186	0.52193583
101	643	254	0.12792973	1.1668845
101	657	255	0.21617125	-2.086248
102	207	256	0.25349687	-0.56583086
102	406	257	0.30603072	2.6109108
103	170	258	0.36611562	-0.085012394
103	387	259	0.2056353	-1.6180992
103	480	260	0.28630175	-0.77738856
103	907	261	0.45581674	2.7621611
104	860	262	0.16023805	2.2540542
105	460	263	0.22135283	1.9736015
106	150	264	0.24604291	-2.6385521
106	466	265	0.10808787	-0.068959705
106	774	266	0.2158367	0.90475127
107	239	267	0.11454489	-0.78567505
107	431	268	0.20520847	2.6706122
108	134	269	0.23919138	1.1752791
108	364	270	0.2739437	1.3222858
108	718	271	0.38426098	-1.8312932
109	148	272	0.25855851	-0.35770616
109	182	273	0.11710573	1.5812221
109	329	274	0.33114025	-0.51119894
109	377	275	0.08377383	3.0428963
109	455	276	0.40464286	2.7506385
110	260	277	0.1976336	2.5074866
110	537	278	0.27878793	1.1093355
110	580	279	0.32228265	-1.4569173
111	836	280	0.40234374	0.92455402
112	456	281	0.35740469	-2.3686687
112	820	282	0.34295043	0.91563674
113	246	283	0.34388374	-1.9566097
113	507	284	0.10987397	3.0555422
113	890	285	0.32986427	1.2498384
114	388	286	0.35259805	-1.9876866
114	406	287	0.337771	1.1587736
114	549	288	0.037606838	0.41474895
115	528	289	0.42117143	0.85611521
115	883	290	0.41277963	-2.5766025
115	890	291	0.18111225	-1.7956712
116	293	292	0.17770619	2.4805262
116	764	293	0.15019025	-0.77963941
116	859	294	0.12597196	-2.5639975
117	521	295	0.08786591	-0.55740795
117	736	296	0.10242575	1.3735332
117	755	297	0.19691473	1.406713
118	297	298	0.14314146	-1.8210504
119	339	299	0.25124211	-2.9824349
119	453	300	0.18322045	0.47171786
119	801	301	0.18780879	0.23844685
120	352	302	0.20073569	2.5123558
120	900	303	0.26265758	0.022497968
121	347	304	0.22124308	-2.7803981
121	773	305	0.29206317	0.35686944
122	280	306	0.14980114	1.6057213
122	297	307	0.21322039	1.2904603
122	357	308	0.11881033	-2.6816356
122	732	309	0.14943143	1.0063143
122	831	310	0.26612128	-1.7013129
123	325	311	0.25191762	-1.2415694
123	328	312	0.14806678	-2.2499999
123	761	313	0.3079553	0.50715393
123	849	314	0.34436903	2.7535895
124	158	315	0.37561559	0.51389425
124	456	316	0.37195976	0.7181551
124	458	317	0.3626735	-2.5993123
125	142	318	0.049162084	0.94242016
125	224	319	0.066455679	-2.4251646
125	385	320	0.18067016	2.8234214
126	898	321	0.21380486	0.25276229
127	332	322	0.19264217	-0.97264649
127	661	323	0.30006758	2.2162128
127	711	324	0.20477144	-0.7317425
128	493	325	0.15763209	0.88412441
129	528	326	0.11653171	-1.1226093
130	557	327	0.44744209	-0.40341828
130	615	328	0.41659703	2.795229
131	152	329	0.092160634	-2.8018931
131	570	330	0.10299987	0.45370904
132	309	331	0.18502023	-1.4498507
132	424	332	0.13547892	-0.58112952
133	571	333	0.27103975	1.8267986
133	663	334	0.17303794	1.1849205
133	759	335	0.29981682	-1.343584
134	444	336	0.20234823	1.303874
135	290	337	0.22291319	1.6750001
135	585	338	0.21471653	-0.7301466
135	714	339	0.19533007	2.445587
135	742	340	0.15763327	-0.89248061
136	318	341	0.16652877	1.9205702
136	393	342	0.24864993	-1.0183096
136	875	343	0.31572221	2.439166
137	363	344	0.18448272	-0.64670049
137	398	345	0.34364628	0.23114608
137	740	346	0.20738639	2.8196491
138	274	347	0.24301254	1.7413585
138	584	348	0.24162624	-0.98024094
139	195	349	0.29761768	1.2375187
139	528	350	0.38543136	-2.0823223
139	839	351	0.25654755	1.2828358
140	352	352	0.47408915	1.4450662
140	509	353	0.19042005	-1.9369424
140	697	354	0.30486407	-1.6961754
140	772	355	0.31079672	-1.4204081
141	263	356	0.1987202	1.2327068
141	583	357	0.10751563	0.1366589
141	678	358	0.17378039	-0.2568626
141	721	359	0.16639735	2.1056179
142	385	360	0.20119945	3.0582566
144	508	361	0.34309971	-0.19777737
144	701	362	0.32515377	3.1125459
145	282	363	0.15618526	-0.08891875
145	687	364	0.048673805	-1.9114586
146	373	365	0.16530726	0.84909501
146	779	366	0.17481727	-1.8256662
147	345	367	0.36276042	3.097937
147	707	368	0.4879441	0.080759509
147	757	369	0.33096016	-2.6389383
148	615	370	0.28321407	-0.43609393
149	479	371	0.076079635	2.1058299
149	526	372	0.17933536	1.1079183
149	853	373	0.18938168	-2.2073614
150	601	374	0.20562764	1.0767281
150	759	375	0.26774251	-0.58798306
150	798	376	0.33412063	-3.0163173
151	228	377	0.47480561	2.7756649
151	284	378	0.10753802	2.9498902
151	570	379	0.46888861	-0.32961005
153	172	380	0.16618475	0.63181204
153	785	381	0.20242182	-2.5334497
154	477	382	0.29454568	-3.1199431
154	847	383	0.32762152	0.06173286
155	309	384	0.43553463	0.77475021
155	560	385	0.4373445	-2.4462172
156	488	386	0.20826027	2.2803132
156	790	387	0.21525392	-1.1834699
156	835	388	0.11989356	2.2732856
157	178	389	0.26688297	-1.1292473
157	607	390	0.21982442	2.2456367
158	275	391	0.18271906	-0.34675624
158	388	392	0.31131336	1.0933316
159	211	393	0.23147005	-2.2821922
159	274	394	0.28779931	1.6287905
159	584	395	0.22064928	-0.76541111
160	200	396	0.2002642	2.7800174
160	210	397	0.2623828	-0.3519014
161	210	398	0.36494329	-0.37169557
161	505	399	0.33856122	2.5505208
162	467	400	0.18374901	-0.9733435
162	672	401	0.25428009	1.8091681
162	850	402	0.21121936	-1.8293445
163	396	403	0.24187069	-1.0358148
163	691	404	0.19356612	2.1294754
164	355	405	0.42956992	3.0901652
164	746	406	0.29399627	1.5085965
164	879	407	0.41940627	-0.40380828
165	313	408	0.18096171	-0.56622467
165	650	409	0.12655163	2.7210543
166	307	410	0.23524287	-0.30086052
166	620	411	0.23838116	2.8224601
168	878	412	0.17465773	1.0622819
169	318	413	0.28071099	2.2182266
169	334	414	0.29186677	-0.93817431
170	480	415	0.23375964	-2.3289713
171	454	416	0.22199054	1.8776393
173	236	417	0.19301995	2.9049575
173	401	418	0.34833542	-0.70798374
173	506	419	0.31479913	2.2569176
174	682	420	0.19385429	-2.9479229
174	896	421	0.26572087	0.16748958
175	800	422	0.23543056	0.70463135
176	298	423	0.061679989	2.3053745
176	577	424	0.16671726	-0.088305714
176	619	425	0.2316175	3.0789011
177	723	426	0.13793313	-2.232469
178	467	427	0.20896556	-2.0150059
178	808	428	0.23406575	-0.71221452
179	406	429	0.17950339	1.6755446
179	549	430	0.16650636	-2.3722674
180	692	431	0.095219241	0.26908608
181	470	432	0.14711772	-1.499621
183	274	433	0.35740463	-1.8923721
183	462	434	0.23776643	-2.4421633
184	437	435	0.32001188	-0.92535353
184	476	436	0.11572204	0.59427803
185	291	437	0.19920035	2.9447584
186	243	438	0.3416791	-0.98568037
186	276	439	0.086662026	2.1693538
186	283	440	0.24656396	-0.27915754
186	778	441	0.37469419	2.4283839
187	210	442	0.35524469	2.8111199
187	217	443	0.23057631	-0.27294721
188	199	444	0.14656681	2.8050368
189	268	445	0.31436542	2.905408
189	278	446	0.38915942	-0.7415538
189	421	447	0.2951707	2.0955582
190	365	448	0.19562417	2.2533422
190	548	449	0.21269575	-2.0099417
190	611	450	0.20835505	0.59432675
191	817	451	0.15644058	-1.3286784
192	378	452	0.43965903	-0.30305501
192	773	453	0.45375726	2.7787555
193	346	454	0.24117861	-2.7628
193	355	455	0.21828499	-0.56172817
193	569	456	0.18765874	0.51705207
193	642	457	0.21085963	1.8170419
193	643	458	0.085460629	2.5439913
194	352	459	0.47345352	-1.6275308
194	398	460	0.43368509	1.5385967
195	499	461	0.1440535	0.9571446
195	546	462	0.11898295	1.6758785
195	831	463	0.24384996	1.0926194
195	839	464	0.042936361	-2.1781736
195	845	465	0.069521648	-0.27126859
196	372	466	0.17955731	1.2189524
197	309	467	0.30020088	-2.2112319
197	863	468	0.070834655	-0.78094585
198	273	469	0.16592901	1.7186333
198	341	470	0.13411314	-1.4422012
199	234	471	0.15145649	0.11159688
199	349	472	0.46336698	-0.69708464
199	660	473	0.48054313	2.6276231
199	837	474	0.14608617	0.43358049
200	201	475	0.20071432	2.8495793
202	408	476	0.065218862	1.8791438
202	584	477	0.16647119	0.18519985
203	249	478	0.34618634	1.5403026
203	330	479	0.21837514	-3.0291299
203	667	480	0.35876986	-1.1784381
204	542	481	0.48911917	0.94141212
204	632	482	0.38497472	-1.8099936
205	328	483	0.20472025	0.096792123
205	730	484	0.30484059	-1.9215934
205	849	485	0.26619047	1.6535277
205	869	486	0.18043143	2.0244277
206	717	487	0.15297218	2.8980663
207	641	488	0.18007365	-0.5799414
208	242	489	0.21607766	-0.60058577
208	265	490	0.33165195	-3.1413398
208	319	491	0.38188484	0.94900855
208	822	492	0.28439927	-1.7853724
209	302	493	0.31405747	2.0257351
209	420	494	0.26976693	-0.99534237
209	562	495	0.28708011	-1.6018526
210	258	496	0.18378596	2.9157127
210	513	497	0.28309361	-0.29989057
211	606	498	0.2079958	-3.0036941
211	892	499	0.19053557	-0.74821107
212	246	500	0.34382569	1.1814731
212	292	501	0.42150867	-2.0449546
212	706	502	0.18865725	1.1018505
213	361	503	0.056691825	-0.019703258
213	558	504	0.13287985	-1.6471158
214	252	505	0.19103451	1.3656125
214	582	506	0.063704229	-0.13312506
214	749	507	0.20389791	-1.4829541
215	775	508	0.097722387	-2.0484085
215	821	509	0.30238488	3.0097778
216	478	510	0.14261983	1.8071897
217	348	511	0.3273106	-0.26905325
217	513	512	0.30251335	2.8263279
218	418	513	0.21223139	-1.8334447
219	550	514	0.21989186	2.9840597
219	751	515	0.20345725	-0.73067202
220	563	516	0.1454504	-1.0540699
220	685	517	0.23963652	2.5970209
220	713	518	0.27198791	-1.2634541
220	868	519	0.27093818	1.2593447
221	465	520	0.28039437	-1.1923539
221	722	521	0.39204627	-0.25453598
221	793	522	0.37301474	2.4751828
221	899	523	0.17615464	2.3213909
222	290	524	0.26096767	-1.8750733
222	627	525	0.29527928	1.2144697
223	433	526	0.10456065	0.50528676
223	788	527	0.22629581	0.87691101
223	812	528	0.2663351	-2.0460319
224	252	529	0.11189227	-2.4093299
224	385	530	0.1574499	2.4521075
225	369	531	0.2123954	2.6037483
226	267	532	0.19131443	-2.5581407
226	477	533	0.30734599	2.9464374
226	747	534	0.30983222	0.093496242
227	602	535	0.25864914	0.53496051
227	776	536	0.26036502	0.75473119
227	792	537	0.29847823	-2.1788027
227	886	538	0.21407978	3.0771293
228	348	539	0.47195935	2.7642384
228	495	540	0.12755973	3.0450289
228	587	541	0.14185857	2.4757177
229	603	542	0.24893933	-0.57240314
229	646	543	0.29627307	-0.9318972
229	865	544	0.11481937	3.0608436
229	904	545	0.36206666	2.2589686
230	751	546	0.1599794	1.7768166
231	531	547	0.19486809	-1.0645269
231	659	548	0.21140062	2.3280781
232	843	549	0.19232229	-0.083835231
233	576	550	0.21784632	0.87836757
233	788	551	0.24637427	-1.955186
234	837	552	0.047988942	1.9540712
235	568	553	0.34007231	-0.79828801
235	574	554	0.13082868	-2.1258826
235	646	555	0.31097756	2.2347749
237	351	556	0.11493295	0.32415533
237	446	557	0.12731526	-0.91069193
238	531	558	0.186888	2.248016
238	550	559	0.23581009	-0.32732828
238	695	560	0.32150429	-1.5921495
239	762	561	0.14004099	2.8418572
240	538	562	0.40689697	-2.5151551
240	883	563	0.39545889	0.68764305
241	300	564	0.1281177	-2.8793794
241	692	565	0.1670862	0.22962187
242	282	566	0.3692241	0.16209437
242	822	567	0.28513076	-2.5636562
243	285	568	0.26533052	3.1363257
243	365	569	0.32054906	-0.65762524
243	909	570	0.25365113	-0.71435817
244	447	571	0.25411692	2.9997233
244	518	572	0.1250732	-0.33073915
244	734	573	0.24096806	-0.11070869
245	407	574	0.19035557	2.4287187
245	690	575	0.11244445	-0.3842169
246	706	576	0.15648724	-1.8640823
247	346	577	0.19271039	-1.3092032
247	671	578	0.074235147	0.32660897
248	334	579	0.19556333	2.2962505
249	310	580	0.343861	1.4126839
250	376	581	0.42904114	-0.81353742
250	718	582	0.43431443	2.2269252
251	572	583	0.28751645	-1.9782919
251	677	584	0.15507349	0.75027039
252	385	585	0.17910353	1.7861548
253	423	586	0.11633146	-0.28328855
253	425	587	0.21485523	3.0380568
253	827	588	0.17062647	-1.3799905
253	910	589	0.18693517	0.80348677
254	305	590	0.16804214	2.8622346
254	619	591	0.11567695	1.3491365
254	666	592	0.16337802	-2.0191788
256	380	593	0.13582522	-0.091330396
256	846	594	0.11622664	-0.44465683
257	392	595	0.209883	1.2810518
259	673	596	0.17813413	2.4463045
259	782	597	0.22779908	-0.69018218
261	294	598	0.0883306	-0.93228246
262	770	599	0.16053406	-3.1343313
263	366	600	0.16133732	1.5721566
264	399	601	0.15377774	0.69679678
264	824	602	0.17921424	-2.2285751
265	464	603	0.28102223	3.1173356
266	299	604	0.29179788	1.8093744
266	848	605	0.24264453	-1.3405918
268	421	606	0.24077385	0.85634693
268	533	607	0.19404507	-2.5723663
268	765	608	0.36222251	2.462311
268	878	609	0.29120774	-0.84365333
268	900	610	0.31021439	-2.8353979
269	506	611	0.17874932	-0.91229235
269	887	612	0.16856672	2.4413643
270	365	613	0.23332304	1.0487473
271	574	614	0.10278351	1.0368751
272	731	615	0.14334425	0.17296528
273	341	616	0.30002842	-1.4315601
273	614	617	0.35505067	1.6888804
274	315	618	0.19622155	-2.971269
274	462	619	0.19839187	1.9259042
276	283	620	0.31808752	-0.45411815
276	778	621	0.29176894	2.5045378
277	636	622	0.26387309	-0.14477272
278	312	623	0.2141692	-2.9740511
278	394	624	0.3651993	-1.5018984
279	481	625	0.15203372	-1.454472
279	568	626	0.20593944	1.5579347
279	838	627	0.055341678	1.3961833
281	768	628	0.19820568	2.3898044
282	687	629	0.17478629	-2.9574316
283	345	630	0.43072517	-0.43018166
285	681	631	0.23160427	-2.2974525
285	696	632	0.12121987	2.6515416
285	884	633	0.20971796	1.7437336
286	467	634	0.22138731	2.7023596
287	585	635	0.11081937	-1.7021254
288	364	636	0.23596843	-1.8260284
288	375	637	0.16062296	1.3851015
288	444	638	0.080127283	-1.3368511
289	503	639	0.4038994	-0.68762153
289	664	640	0.281581	-0.088096148
290	714	641	0.15925352	-2.4908934
291	636	642	0.24238609	2.9801884
292	398	643	0.4525814	-2.0615233
293	759	644	0.22042771	2.8132277
294	455	645	0.40184816	-0.38396125
294	570	646	0.42099586	2.8082146
294	826	647	0.1034259	1.142215
295	368	648	0.36670957	1.9294052
295	415	649	0.19065235	1.8057319
295	436	650	0.41096434	-0.97835354
295	893	651	0.25144985	-3.0802258
296	654	652	0.23575425	-0.096047516
296	791	653	0.13452633	3.1363774
298	619	654	0.19237718	-2.9783619
299	441	655	0.36240078	3.0907985
301	525	656	0.32048622	1.104196
302	382	657	0.34608354	2.0475954
302	808	658	0.22163794	2.3293752
303	567	659	0.33469485	2.1238122
303	627	660	0.33268052	-0.90195964
304	912	661	0.32415264	2.9578331
305	619	662	0.19843744	0.34178994
305	651	663	0.16981424	-0.93515973
305	666	664	0.21376094	-1.1325918
305	859	665	0.30729281	2.2769716
306	664	666	0.24849261	-2.8418264
306	805	667	0.095009815	1.1302937
307	717	668	0.18858436	-0.17219277
308	871	669	0.20549644	-0.46140103
309	863	670	0.2986335	0.69328797
310	625	671	0.3450941	1.3125187
311	329	672	0.25842517	2.5171683
311	384	673	0.099917168	-0.11455367
311	725	674	0.085877155	-2.7935533
311	823	675	0.25666395	-0.58511722
312	500	676	0.15398348	-1.8034986
312	688	677	0.17200699	-2.1106054
312	878	678	0.24328084	2.4531137
313	502	679	0.15233733	0.01330473
313	830	680	0.1236878	-0.82109685
314	426	681	0.32096149	-0.55510145
314	503	682	0.3447861	2.497278
316	441	683	0.344886	-2.7242351
316	458	684	0.34982481	0.38506194
317	397	685	0.2166207	-1.1554717
317	529	686	0.16208631	2.3640254
318	431	687	0.27846659	-0.46363244
318	652	688	0.35756184	2.2876105
318	875	689	0.18995974	2.8886743
319	390	690	0.40431715	1.0013372
320	786	691	0.22781031	-0.031262149
321	374	692	0.19771923	2.1010986
321	440	693	0.21421108	-1.0359531
322	735	694	0.18320664	2.2973616
323	591	695	0.18621651	2.8546213
324	697	696	0.24580654	2.0698956
324	720	697	0.26167069	-1.0770523
325	328	698	0.21356422	2.5268032
325	358	699	0.23535679	-0.26573447
325	836	700	0.24629782	-1.7840546
326	672	701	0.1207542	2.9882477
327	784	702	0.20359448	-2.9069927
327	809	703	0.17036856	-0.31664082
329	615	704	0.21554176	-0.22532453
331	462	705	0.19908275	-0.038508706
332	711	706	0.049248355	0.47159447
333	617	707	0.30954495	1.0431834
333	803	708	0.27154895	-2.1161771
335	669	709	0.11924326	2.0622591
335	901	710	0.040663679	-3.0594869
336	805	711	0.268742	-1.6943897
336	851	712	0.28617142	1.4858245
337	559	713	0.1408548	-1.7365516
337	902	714	0.064771732	1.9519902
338	532	715	0.23121434	1.9558761
338	601	716	0.19210362	-2.0079136
338	774	717	0.18272179	-0.37400393
339	635	718	0.26607855	-2.8742298
339	738	719	0.20480946	0.63288764
339	813	720	0.18088371	-2.6296693
340	659	721	0.27022638	-0.32944469
340	689	722	0.15544552	-2.8803635
340	715	723	0.28141493	-2.9005626
340	794	724	0.19661419	0.90739007
340	855	725	0.136018	-2.423775
340	882	726	0.070726022	-1.7560903
341	356	727	0.23502116	-2.0705853
341	698	728	0.2422828	-0.81798467
342	437	729	0.28929757	2.4620431
343	422	730	0.072233035	-1.137632
343	516	731	0.15556529	2.4725238
344	520	732	0.15911861	1.9001894
345	670	733	0.26607017	-0.90738037
345	757	734	0.18963416	-1.1791115
346	355	735	0.40972032	-0.066146501
346	360	736	0.49214436	-2.9146155
346	671	737	0.21096696	1.4736043
348	679	738	0.37717644	2.6514983
349	492	739	0.165209	-0.52072213
349	634	740	0.42644037	-0.77111938
349	769	741	0.13706239	-0.1704692
351	407	742	0.16548292	-0.3009549
352	434	743	0.20923947	-2.6966282
353	608	744	0.22379798	0.45414896
353	722	745	0.25762774	-2.9620575
354	385	746	0.3371265	-0.54116686
354	445	747	0.15118714	2.6941137
356	585	748	0.21598006	2.6197263
356	894	749	0.22314035	-1.1763347
357	440	750	0.18189501	-2.0061075
358	836	751	0.33162382	-2.5717555
358	906	752	0.37826104	0.38072119
359	584	753	0.31478898	1.5311416
359	756	754	0.17809396	1.002321
359	852	755	0.18866342	-2.8581816
359	872	756	0.37812401	-1.5064642
359	892	757	0.22669856	2.342624
360	436	758	0.42821119	2.8635979
360	881	759	0.19459958	1.8422163
361	558	760	0.14738916	-2.0412665
362	643	761	0.36232646	-1.4817235
363	545	762	0.38532588	-0.68656466
363	590	763	0.28430928	2.270122
363	815	764	0.21947147	3.0547845
365	611	765	0.29809866	-0.11812047
365	909	766	0.068825588	2.6944916
366	558	767	0.13643938	1.9824406
367	635	768	0.1918671	0.63624208
367	639	769	0.20433744	-2.5665758
367	780	770	0.087985522	0.22544946
367	841	771	0.089308165	-2.6948331
368	565	772	0.28877777	2.1554173
368	842	773	0.23042094	1.7960874
370	821	774	0.30733399	-3.1372304
371	741	775	0.28582341	-2.0092026
371	812	776	0.26286415	1.0096167
372	485	777	0.23174435	-1.4266551
373	543	778	0.14665284	2.2955965
373	802	779	0.18654902	0.011895687
374	424	780	0.16629498	2.2209763
376	817	781	0.19964005	1.9182078
376	866	782	0.22738967	0.50744392
378	477	783	0.44636204	-0.10213874
378	877	784	0.20603351	-2.519328
379	654	785	0.12676918	-2.5889996
380	513	786	0.087090197	-1.3855696
380	846	787	0.048316333	-2.2495619
381	439	788	0.26937884	-2.5307214
382	443	789	0.31628576	2.2246123
383	594	790	0.28926385	1.2590551
384	615	791	0.1511374	2.2835296
384	823	792	0.17362069	-0.84909351
386	602	793	0.20074748	-2.5703845
386	785	794	0.07184328	2.2377448
388	549	795	0.3812336	1.0874032
389	912	796	0.19297851	-2.2609948
390	580	797	0.32488265	1.5345785
390	731	798	0.27136203	-0.58817482
390	897	799	0.11229676	0.79869785
392	684	800	0.28299042	1.9912149
392	806	801	0.21450636	0.29416814
393	834	802	0.18622764	-1.1830797
394	794	803	0.36974172	-1.6082301
395	562	804	0.20986763	2.3081062
395	804	805	0.18841298	-1.1994691
396	410	806	0.35888541	-2.3567922
399	540	807	0.15111668	0.6504442
400	514	808	0.37513487	2.1652008
400	588	809	0.32546187	-1.3172555
401	505	810	0.32647815	-0.60458529
401	709	811	0.14805946	-3.1173121
402	612	812	0.22753825	1.1464177
403	485	813	0.2055648	1.8408383
403	617	814	0.17063413	-0.93195531
404	815	815	0.18708351	0.47123666
404	913	816	0.089258843	-0.41140529
406	549	817	0.31114599	-1.9008707
406	562	818	0.45337587	1.5649191
408	584	819	0.18610063	-0.17001888
409	579	820	0.2639447	0.28209961
410	469	821	0.35624109	-2.292941
410	626	822	0.17809938	2.2213373
411	661	823	0.25817699	-1.3538292
411	664	824	0.20264265	2.7226153
411	805	825	0.25896115	1.2042594
412	555	826	0.21729169	-0.98933945
412	662	827	0.33982167	2.4161079
412	795	828	0.20427362	-0.78723883
413	741	829	0.16676619	-1.6113964
414	905	830	0.15946955	-0.93294031
416	567	831	0.30996897	-0.95695406
417	451	832	0.14601048	-2.5536631
417	666	833	0.17167993	2.5295908
418	856	834	0.25927077	-1.7755801
419	686	835	0.21790531	2.4612921
419	849	836	0.31558371	-0.81127306
419	905	837	0.073142944	-0.51777101
420	693	838	0.29214875	-1.2117333
421	797	839	0.34948257	2.6491531
422	516	840	0.22241807	2.3253286
422	767	841	0.18635597	-0.81954287
423	827	842	0.15659741	-2.1020557
425	452	843	0.16032647	-0.48680084
425	457	844	0.26475356	2.8719046
426	620	845	0.28118322	-0.53539626
427	892	846	0.19712999	0.26647192
428	578	847	0.21032345	-1.5543013
429	849	848	0.18825089	-0.84370898
430	532	849	0.31007928	-0.49456543
430	683	850	0.19387605	-0.64389397
430	792	851	0.39947507	2.1929552
430	857	852	0.21804584	-0.758127
431	762	853	0.185856	-0.79582981
432	765	854	0.18263084	0.37353407
433	618	855	0.14938124	-2.5206121
433	728	856	0.17780687	-0.18073613
435	473	857	0.11905809	-3.0668444
435	517	858	0.1925766	0.82455485
435	552	859	0.238984	-2.1809285
436	906	860	0.35764914	-2.5765063
437	735	861	0.19046652	-1.0481066
438	483	862	0.1831411	-0.084831886
438	739	863	0.25526282	3.0604132
440	475	864	0.15148357	1.5092308
440	839	865	0.29817547	-1.5311555
441	656	866	0.26623564	-1.4126799
441	707	867	0.49465086	3.1117623
442	553	868	0.20352937	-2.610137
442	721	869	0.16833052	-0.24236468
443	607	870	0.28480502	2.50974
446	797	871	0.16842529	-1.0528189
447	476	872	0.11412882	-1.4012734
448	564	873	0.23725109	2.7626281
448	819	874	0.24166458	-0.57634004
449	565	875	0.13681596	1.2513761
449	889	876	0.20000213	-1.5381656
450	889	877	0.19116003	-0.98066503
451	666	878	0.18061938	1.6763295
451	840	879	0.22332736	-2.3955879
452	827	880	0.1550982	-0.83270503
453	556	881	0.21127166	0.52188017
454	525	882	0.35300739	-1.961292
454	632	883	0.38639058	1.2903149
457	655	884	0.18200528	1.0405506
457	674	885	0.13423923	-1.7900671
461	608	886	0.17881296	-2.8121255
463	501	887	0.27369795	-0.16296095
463	833	888	0.19155336	-2.6874164
463	913	889	0.23923959	2.7806256
464	604	890	0.20772818	3.097368
466	539	891	0.14163388	0.63779354
467	556	892	0.26598583	-2.35112
469	595	893	0.28512793	2.5246294
469	782	894	0.36244377	-1.7813643
471	570	895	0.11604596	-1.4148809
472	614	896	0.36728876	-1.9815132
472	741	897	0.18718791	2.839562
473	552	898	0.18785789	-1.6678645
473	809	899	0.17246273	2.2222955
474	625	900	0.21711737	0.0064391844
479	526	901	0.152177	0.67433914
482	665	902	0.07031157	-2.2715325
482	714	903	0.16123662	-0.93188099
482	753	904	0.13814507	1.9816082
484	690	905	0.15839928	-1.0921382
486	693	906	0.286766	1.1824905
486	804	907	0.15899305	1.1862145
486	820	908	0.33967625	-2.0471854
487	620	909	0.16444436	2.3184417
488	496	910	0.24177983	2.4530066
489	560	911	0.44489708	0.59973604
489	782	912	0.39735815	1.6238945
490	536	913	0.14751813	2.2920525
490	631	914	0.12954432	1.8771182
491	684	915	0.1454716	2.9232394
491	702	916	0.21081361	2.2023808
491	806	917	0.24303659	-0.74426119
492	699	918	0.12841498	-0.50538056
492	769	919	0.05951338	1.7096397
493	882	920	0.21183108	0.91928134
496	621	921	0.18325193	-1.4331138
496	676	922	0.1749983	-1.2215912
496	806	923	0.30846903	2.46789
497	674	924	0.16288047	-2.3074126
499	831	925	0.10297114	1.2827079
500	688	926	0.052946331	3.0984344
502	629	927	0.18814124	-0.57659074
503	661	928	0.23305323	-0.45770087
504	571	929	0.18504942	-2.5348352
506	624	930	0.18291709	2.8602298
506	766	931	0.27471212	2.2728505
508	633	932	0.35604202	-0.44500348
508	656	933	0.15069108	1.4876659
509	772	934	0.17301087	-0.8457295
511	712	935	0.2792819	2.7811044
511	715	936	0.29838801	0.35035132
511	884	937	0.2798353	-1.8102132
512	575	938	0.13459641	-0.51994424
512	758	939	0.18187588	2.2788828
513	846	940	0.066737702	2.3390333
514	524	941	0.25813527	0.22724286
514	722	942	0.36008335	2.5680357
515	600	943	0.27316213	0.43509256
515	876	944	0.28853377	-2.8342355
516	634	945	0.44085542	2.4161692
519	867	946	0.19407342	-2.8576653
522	803	947	0.22266116	1.0078986
522	832	948	0.17743264	-2.0743652
523	638	949	0.14495476	-2.5519675
523	746	950	0.1675199	-0.98230029
526	727	951	0.12876589	0.42472976
527	614	952	0.12568126	-1.9553085
530	785	953	0.10414964	-1.9253897
532	649	954	0.19946301	0.38326392
532	857	955	0.11462828	-3.1176758
532	895	956	0.24684499	-0.089547405
533	900	957	0.13280069	3.0580788
534	698	958	0.13661362	3.1182478
536	631	959	0.059718705	0.2148353
537	730	960	0.29077778	1.1502762
538	584	961	0.36262869	-2.6594425
538	811	962	0.20996529	-2.2216433
539	774	963	0.12808468	2.3310069
541	635	964	0.19747755	0.39923933
541	639	965	0.20665767	-2.3407479
542	744	966	0.21024336	-1.1176409
544	607	967	0.33887037	-0.58481754
544	823	968	0.32254075	2.5296625
544	902	969	0.22728969	-0.89976486
545	765	970	0.38961181	-0.7416062
546	831	971	0.15869912	0.66696515
547	830	972	0.055991787	2.4468842
550	724	973	0.22657347	-1.8236706
551	703	974	0.12665893	1.3990245
552	596	975	0.38428734	2.7911915
552	792	976	0.36817315	-0.70346325
552	886	977	0.23852951	0.086557597
553	622	978	0.153701	-0.41337555
553	644	979	0.12904904	0.20752996
553	856	980	0.24596245	3.0455128
554	665	981	0.13707649	-0.75974087
555	795	982	0.04445535	0.97813545
556	801	983	0.2182908	-2.4198676
556	850	984	0.13995125	1.3565608
557	660	985	0.47399393	-0.45790796
559	755	986	0.17255182	-1.7295625
561	866	987	0.17471239	-1.5814124
563	713	988	0.13319094	-1.4924397
564	728	989	0.24537129	3.0798975
565	680	990	0.12773216	1.2888598
566	734	991	0.14900952	2.9464612
567	752	992	0.17046526	1.4690977
568	838	993	0.1515824	-1.524827
568	875	994	0.34419732	-0.49610349
569	638	995	0.28265259	0.44257127
569	643	996	0.23800828	-2.952756
571	663	997	0.16814629	-0.65098942
571	683	998	0.22455793	2.0955107
571	857	999	0.19439815	2.1674157
572	851	1000	0.29743176	-1.6804663
573	882	1001	0.16403172	1.2906002
576	796	1002	0.26796074	0.82455904
578	589	1003	0.22950279	0.047285256
578	746	1004	0.28186999	-2.3704312
579	840	1005	0.25229142	0.38003833
580	871	1006	0.18523243	2.1357603
580	897	1007	0.25312761	-1.3046405
581	694	1008	0.25033937	1.809339
581	890	1009	0.27195669	-1.5356289
584	892	1010	0.2285376	-2.4134929
586	697	1011	0.21262867	1.0565085
589	799	1012	0.23160258	-0.26101362
590	740	1013	0.16604165	-2.893362
590	815	1014	0.20171965	-1.7483828
590	872	1015	0.32258927	1.9284317
591	599	1016	0.19650045	0.67962699
592	864	1017	0.22745751	0.63556348
593	720	1018	0.22864092	0.77348156
594	825	1019	0.17528433	1.1095641
596	784	1020	0.2155376	1.9779471
597	731	1021	0.14607281	-0.40760306
598	726	1022	0.18912901	-1.9627111
598	765	1023	0.24111832	1.0399112
599	651	1024	0.16522134	1.328089
600	824	1025	0.26008556	0.48748627
602	668	1026	0.099409458	0.97591223
605	638	1027	0.20751395	-1.5217932
609	797	1028	0.17484247	-0.15826253
610	816	1029	0.16107318	1.9863262
611	907	1030	0.49971495	-0.3064125
611	909	1031	0.36391326	2.9623314
612	670	1032	0.26976823	2.5977809
612	701	1033	0.31722616	0.068666556
613	704	1034	0.18375157	2.6316591
614	627	1035	0.26065162	2.564014
615	786	1036	0.22669764	2.7907613
616	689	1037	0.1066125	1.0431097
616	855	1038	0.11006007	0.39933783
617	684	1039	0.29183617	-0.84095795
617	695	1040	0.30520535	1.535216
618	828	1041	0.1380814	-1.4430925
619	764	1042	0.21751097	2.4982023
621	676	1043	0.038698785	0.45715374
622	644	1044	0.08950996	1.7332208
623	698	1045	0.13781474	-2.5964275
625	822	1046	0.37622778	0.96293168
627	741	1047	0.31187005	0.93057789
628	749	1048	0.16417621	1.0544322
629	861	1049	0.13490992	0.79712967
630	656	1050	0.19575884	1.8159994
633	662	1051	0.35679585	-0.46603588
633	750	1052	0.18292374	-1.4817601
638	746	1053	0.22140452	-0.26850786
639	703	1054	0.090896483	-3.1320531
639	904	1055	0.39913753	-0.99366657
640	757	1056	0.19046664	0.89578307
642	858	1057	0.12604148	2.5178071
643	657	1058	0.34360121	-2.0447937
644	645	1059	0.15528648	0.89573397
647	763	1060	0.17036951	0.41349705
648	654	1061	0.23117518	2.9736965
648	798	1062	0.2548175	-0.048680463
649	895	1063	0.11422942	-1.008862
652	737	1064	0.29251223	2.4428296
653	708	1065	0.3990473	2.3259666
653	758	1066	0.18337643	-1.6058243
653	876	1067	0.40087487	-0.24267974
653	894	1068	0.11543828	-2.8540526
658	729	1069	0.17603912	-1.9109691
659	794	1070	0.2772155	2.077856
665	714	1071	0.16045754	-0.49121673
667	787	1072	0.36565501	-1.1382117
668	785	1073	0.10749108	0.87711795
669	754	1074	0.11462778	2.4743729
669	901	1075	0.109602	-1.4266312
671	858	1076	0.16506255	1.2636479
672	902	1077	0.25345213	2.1532084
674	723	1078	0.22563889	-2.1163214
675	828	1079	0.17198227	2.1892539
675	908	1080	0.10563065	2.9107778
675	912	1081	0.2084178	-0.1241979
678	874	1082	0.13805914	0.18029098
679	731	1083	0.36512553	2.5501172
679	763	1084	0.20887237	2.9020436
680	842	1085	0.15662629	-1.0905518
689	715	1086	0.12604023	-2.925475
689	855	1087	0.068623691	-0.80189598
690	783	1088	0.16126526	-0.97510762
692	829	1089	0.20996832	0.21906522
693	704	1090	0.24635917	-0.44593167
696	884	1091	0.16547719	1.1282395
698	818	1092	0.16940739	-1.3024526
700	751	1093	0.1400381	2.2345917
702	907	1094	0.25160668	1.9763085
703	841	1095	0.19608637	0.38372691
705	904	1096	0.10818559	1.2151636
708	742	1097	0.17158392	3.0783906
708	888	1098	0.11395584	-2.6338175
710	726	1099	0.19770024	0.61551549
712	720	1100	0.262669	2.7679311
718	879	1101	0.40398196	2.8196648
719	863	1102	0.18305947	2.3208713
722	844	1103	0.14493669	0.43419339
724	907	1104	0.19266347	-1.9507365
726	900	1105	0.19059546	0.32938616
727	783	1106	0.17469531	0.89005694
728	781	1107	0.15508516	-1.2596581
728	788	1108	0.19730654	2.2353615
731	763	1109	0.18374848	-0.99410445
731	897	1110	0.27404665	2.1387772
733	868	1111	0.16856981	-2.6307988
736	755	1112	0.094606398	1.4426364
740	896	1113	0.21943562	2.296993
742	888	1114	0.097592272	-0.74613903
743	848	1115	0.19168042	1.7602605
747	783	1116	0.3215092	0.18627113
754	799	1117	0.18926564	-1.7846711
756	811	1118	0.1991508	0.98150488
757	771	1119	0.22907705	-2.2246471
758	894	1120	0.18311704	2.176639
759	859	1121	0.34817176	-0.79674962
761	893	1122	0.29695512	0.77513848
763	846	1123	0.11383889	3.1266569
764	859	1124	0.21551295	2.9699721
765	797	1125	0.17781254	0.73743992
770	774	1126	0.26202342	-2.4923185
770	777	1127	0.19245639	0.47503527
770	867	1128	0.27353532	0.27421136
770	895	1129	0.24169855	2.7125696
772	864	1130	0.36536489	-1.249049
773	787	1131	0.40441945	2.4487622
776	785	1132	0.19691017	0.64555255
778	864	1133	0.39169702	2.4851616
780	813	1134	0.18394136	0.42607273
780	841	1135	0.17620941	-2.8046592
781	912	1136	0.21114458	-1.6645759
783	821	1137	0.44596127	0.0062025396
783	847	1138	0.30447287	-3.1341059
784	819	1139	0.2540009	2.5005726
787	898	1140	0.28800623	-2.897039
791	824	1141	0.1414752	2.9098334
793	899	1142	0.20076097	-0.53159084
794	882	1143	0.26144245	-2.1094105
796	856	1144	0.23537699	0.62068542
812	828	1145	0.12656651	0.52615009
812	908	1146	0.11854018	-0.45786426
815	913	1147	0.14749938	-2.1839774
816	860	1148	0.10720757	1.1745075
827	868	1149	0.24123613	-1.4093699
828	908	1150	0.11600332	-1.5976748
839	845	1151	0.092982775	0.17980142
843	913	1152	0.2045238	-0.17086031
849	869	1153	0.1178407	-2.0763931
849	905	1154	0.24647864	2.2443617
850	860	1155	0.17367309	-2.1278421
855	882	1156	0.091622579	0.21949346
861	903	1157	0.16906546	1.7249144
872	896	1158	0.26370379	-2.3959948
885	907	1159	0.21937159	1.3663107
889	893	1160	0.27967067	-1.3047258
498	1	1161	0.1416728	-2.2441215
831	1	1162	0.17918214	0.74771076
528	2	1163	0.10775233	0.86881536
161	3	1164	0.23936919	-3.1312069
807	3	1165	0.18001277	-0.03103117
149	4	1166	0.13133121	0.51528691
727	4	1167	0.17045036	-2.0802236
184	5	1168	0.2858394	2.0585209
447	5	1169	0.22360897	2.7984915
465	5	1170	0.30997512	-0.94682848
814	5	1171	0.13246946	-3.0250827
586	6	1172	0.16555023	-1.044695
864	6	1173	0.2228918	3.0375571
383	7	1174	0.30196113	-1.8740412
472	7	1175	0.40769955	0.95039042
494	7	1176	0.14730539	-2.3996475
675	7	1177	0.13985429	-1.9722278
908	7	1178	0.16031367	-1.265521
912	7	1179	0.28098513	-2.7665906
360	8	1180	0.34994243	-2.4051659
396	8	1181	0.35288452	0.57518029
437	9	1182	0.14929771	-0.30973625
388	10	1183	0.47062807	-1.9259543
542	10	1184	0.48931328	1.0649599
760	10	1185	0.19399241	2.3854969
796	11	1186	0.16204606	1.0617498
856	11	1187	0.11259643	3.1006688
141	12	1188	0.12603626	2.9709815
622	12	1189	0.15874031	0.017179045
209	13	1190	0.18097509	1.625487
302	13	1191	0.16338651	-0.66960033
138	14	1192	0.16238184	-2.6490816
408	14	1193	0.13198135	2.3657028
407	15	1194	0.086038511	0.58278731
484	15	1195	0.12684591	2.5245465
392	16	1196	0.24979224	-1.6389755
459	16	1197	0.20267098	1.423388
376	17	1198	0.44611393	-0.95233356
708	17	1199	0.40613915	1.8423802
723	17	1200	0.29421068	-2.9789203
353	18	1201	0.18158109	-0.71077666
514	18	1202	0.15155101	0.94607677
524	18	1203	0.17526875	2.7630635
111	19	1204	0.11724662	0.61471203
595	19	1205	0.2530061	2.5744965
862	19	1206	0.19687438	-0.75227101
95	20	1207	0.14907723	-0.86252256
703	20	1208	0.20509163	-2.9828838
800	20	1209	0.22563562	0.80235234
304	21	1210	0.32374069	-0.15556697
468	21	1211	0.19432853	-2.2144709
596	21	1212	0.31337376	2.7583998
572	22	1213	0.38721588	1.9702906
588	22	1214	0.37382059	-1.2138574
397	23	1215	0.22735174	-1.0502146
766	23	1216	0.25046676	2.2079841
248	24	1217	0.048906259	-2.648398
334	24	1218	0.19035201	-1.0980499
685	25	1219	0.24767557	2.54006
723	25	1220	0.25674293	-0.71362273
170	26	1221	0.41012465	0.080649014
204	26	1222	0.38370587	-2.4335516
460	26	1223	0.29456083	1.9808052
873	26	1224	0.20647892	1.9174274
195	27	1225	0.16925451	2.6756879
546	27	1226	0.14503767	-2.8456991
802	27	1227	0.20282661	-0.1509842
525	28	1228	0.20148064	-1.3507333
556	29	1229	0.16558473	-0.6666141
277	30	1230	0.26539336	2.9511378
342	30	1231	0.3062005	-0.61108424
354	30	1232	0.25513867	2.4339035
445	30	1233	0.1157714	2.0912477
251	31	1234	0.23683372	1.3987811
677	31	1235	0.14695886	2.089837
739	31	1236	0.2695658	-1.419608
183	32	1237	0.42699115	1.3036013
282	32	1238	0.43335495	0.19075116
489	32	1239	0.56285522	-2.2785326
880	32	1240	0.15273289	0.054675252
412	33	1241	0.22017988	-1.2376281
758	34	1242	0.13375027	0.65033162
818	34	1243	0.1441667	-1.7571637
909	35	1244	0.23102352	-2.2132561
713	36	1245	0.29306209	-1.345967
793	36	1246	0.4106227	2.4268256
876	36	1247	0.30926865	-0.51189846
320	37	1248	0.23129386	-3.0548244
829	37	1249	0.22190759	0.15699793
694	38	1250	0.14764957	2.5361243
122	39	1251	0.14544111	2.7133127
357	39	1252	0.11605747	1.7953487
475	39	1253	0.13350576	1.2543883
719	39	1254	0.18443009	-1.0160361
132	40	1255	0.17844333	1.9879852
339	41	1256	0.096441775	0.2826681
738	41	1257	0.11891835	-2.2267287
246	42	1258	0.15280004	2.8507211
870	42	1259	0.12910702	-0.12259374
274	43	1260	0.19664704	3.0292536
400	44	1261	0.28168912	-0.064176651
409	44	1262	0.25873264	-2.1930458
739	44	1263	0.30976878	2.2543537
350	45	1264	0.19924198	-1.6089401
362	45	1265	0.3217195	1.6655529
470	45	1266	0.21057537	-1.3549233
120	46	1267	0.19025247	-2.4465925
710	46	1268	0.082409706	2.519028
81	47	1269	0.1962177	2.6280936
547	47	1270	0.12341396	-0.72705645
830	47	1271	0.17938559	-0.71696123
301	48	1272	0.28188119	-1.9765801
658	48	1273	0.23773472	1.1898447
694	49	1274	0.2134064	1.6425305
779	49	1275	0.19523024	-1.5446644
720	50	1276	0.092084036	-1.0136905
778	50	1277	0.22986992	2.8499916
864	50	1278	0.19503845	-1.0904373
108	51	1279	0.17388954	1.641268
335	51	1280	0.19775816	-1.5923856
416	51	1281	0.3223353	2.118205
799	51	1282	0.26240721	-0.80318588
901	51	1283	0.19772979	-1.3863835
501	52	1284	0.27734497	-0.25205143
609	52	1285	0.10467929	2.5237153
797	52	1286	0.27264207	2.812177
71	53	1287	0.24301883	1.0603652
100	53	1288	0.24783286	0.049324808
111	53	1289	0.41155533	-2.407548
580	53	1290	0.20136403	1.1118142
871	53	1291	0.18991435	0.12710896
59	54	1292	0.21559369	-1.245956
621	54	1293	0.14057846	0.8323358
676	54	1294	0.10552868	0.96712273
835	54	1295	0.18968814	2.2910734
56	55	1296	0.28844634	-2.9310617
409	55	1297	0.18705772	2.094226
524	55	1298	0.29736292	-0.049667039
591	56	1299	0.26632695	-2.9565672
68	57	1300	0.25688727	-1.8804682
96	57	1301	0.23656664	1.2355538
322	58	1302	0.19080751	-0.56455466
445	58	1303	0.16447211	2.8079063
480	59	1304	0.27048058	-1.3201414
137	60	1305	0.34680626	-2.8615986
381	60	1306	0.31305192	0.5647044
740	60	1307	0.2114716	-2.2728725
854	60	1308	0.20284366	0.39337584
79	61	1309	0.22327965	-1.0637683
302	61	1310	0.24409459	-1.3531261
562	61	1311	0.33942445	1.797742
748	61	1312	0.10394689	-1.6000134
758	62	1313	0.11001215	-1.3578058
94	63	1314	0.17488631	-0.74969175
544	63	1315	0.18104813	2.2097258
339	64	1316	0.13555261	-1.3556033
566	65	1317	0.069132977	-0.005104975
637	65	1318	0.15950604	3.0919063
734	65	1319	0.21729077	-0.13499983
197	66	1320	0.28141026	0.86912091
657	66	1321	0.40310253	-2.0906105
863	66	1322	0.29557785	1.1103492
400	67	1323	0.18549986	-1.046757
588	67	1324	0.15485464	1.4985104
214	68	1325	0.15260604	2.271017
405	68	1326	0.2195949	2.8954743
572	68	1327	0.39913526	-0.99897995
582	68	1328	0.20429997	2.4822512
745	68	1329	0.23565727	2.6822554
624	69	1330	0.17349084	2.8191191
810	70	1331	0.15330697	-0.40380367
883	70	1332	0.21943529	2.9229764
911	70	1333	0.14970616	0.042693447
100	71	1334	0.23773844	-0.99823389
390	71	1335	0.29368806	1.6312791
580	71	1336	0.043181311	-2.3234
338	72	1337	0.15407203	0.10543385
774	72	1338	0.084669406	1.7714341
231	73	1339	0.11762136	-1.3040247
238	73	1340	0.2714138	2.2988186
372	73	1341	0.2659857	1.4691313
531	73	1342	0.085296519	2.4103119
659	73	1343	0.31998731	-0.98755053
289	74	1344	0.42936933	2.5641945
516	74	1345	0.39349801	-0.62078752
143	75	1346	0.11720039	2.1184826
603	75	1347	0.26666939	-0.65644101
737	75	1348	0.28031451	2.4333541
167	76	1349	0.13711337	0.40473317
439	76	1350	0.2205315	-2.4796569
535	76	1351	0.182883	0.64770285
419	77	1352	0.21731523	2.1883016
243	78	1353	0.23083079	-1.7125072
510	78	1354	0.23358324	0.91716336
909	78	1355	0.23274351	-2.8704256
286	79	1356	0.17939405	-0.42610658
748	79	1357	0.14406915	2.4553553
808	79	1358	0.22579464	-1.1279507
457	80	1359	0.26411162	2.9047306
866	80	1360	0.24316503	-0.16709135
565	81	1361	0.29302777	2.1999608
629	81	1362	0.21948922	-1.1959119
136	82	1363	0.27526829	-0.63140923
393	82	1364	0.10405331	0.49217947
762	82	1365	0.11733128	-2.5886906
768	82	1366	0.26217703	2.4406692
594	83	1367	0.19137513	1.3732244
825	83	1368	0.050767903	2.4925787
317	84	1369	0.16748879	1.7108702
490	84	1370	0.17495446	-1.5732046
529	84	1371	0.10585256	0.51501055
124	85	1372	0.38363518	-2.4394653
299	85	1373	0.37369457	0.65960665
458	85	1374	0.06314156	-1.2858702
391	86	1375	0.10525687	2.093832
520	86	1376	0.21109092	1.965177
737	86	1377	0.21232063	-1.150777
117	87	1378	0.22089139	-1.8032504
738	87	1379	0.24109869	0.56122416
816	87	1380	0.17854658	2.3209307
860	87	1381	0.16616047	2.9494819
836	88	1382	0.19046909	2.3191834
296	89	1383	0.15651824	2.3871366
399	89	1384	0.18036492	-1.9653157
824	89	1385	0.17462605	0.43760248
865	90	1386	0.12907658	2.1336635
904	90	1387	0.16784695	-1.2892434
471	91	1388	0.097286471	1.8853423
158	92	1389	0.19661296	-0.61408949
275	92	1390	0.052394998	-1.7852851
245	93	1391	0.18417347	-1.2253112
526	93	1392	0.2134307	1.1099465
690	93	1393	0.13766639	-1.8798745
716	93	1394	0.088104646	-0.17797409
727	93	1395	0.13990985	1.7316667
783	93	1396	0.13237879	3.1238674
384	94	1397	0.15162783	-0.34383311
215	95	1398	0.30576644	-0.022623861
370	95	1399	0.30195851	-0.15964336
639	95	1400	0.39848571	2.9396086
306	96	1401	0.23035431	0.59811924
628	96	1402	0.19136176	-3.1129275
805	96	1403	0.15611382	0.28418262
399	97	1404	0.23550419	0.75536453
789	97	1405	0.14537458	-2.677645
891	97	1406	0.18288555	-2.3524589
175	98	1407	0.24643264	-2.5673789
255	98	1408	0.13529817	1.3979954
278	98	1409	0.30697544	0.039593775
478	98	1410	0.18033642	2.2459885
229	99	1411	0.14411885	-1.6090366
225	100	1412	0.28291433	-0.50624986
193	101	1413	0.13950186	-2.6196568
643	101	1414	0.12792973	-1.9747082
657	101	1415	0.21617125	1.0553446
207	102	1416	0.25349687	2.5757618
406	102	1417	0.30603072	-0.53068188
170	103	1418	0.36611562	3.0565803
387	103	1419	0.2056353	1.5234934
480	103	1420	0.28630175	2.3642041
907	103	1421	0.45581674	-0.37943157
860	104	1422	0.16023805	-0.88753845
460	105	1423	0.22135283	-1.1679912
150	106	1424	0.24604291	0.5030405
466	106	1425	0.10808787	3.0726329
774	106	1426	0.2158367	-2.2368414
239	107	1427	0.11454489	2.3559176
431	107	1428	0.20520847	-0.47098046
134	108	1429	0.23919138	-1.9663136
364	108	1430	0.2739437	-1.8193069
718	108	1431	0.38426098	1.3102995
148	109	1432	0.25855851	2.7838865
182	109	1433	0.11710573	-1.5603705
329	109	1434	0.33114025	2.6303937
377	109	1435	0.08377383	-0.098696365
455	109	1436	0.40464286	-0.39095418
260	110	1437	0.1976336	-0.63410609
537	110	1438	0.27878793	-2.0322571
580	110	1439	0.32228265	1.6846753
836	111	1440	0.40234374	-2.2170386
456	112	1441	0.35740469	0.77292391
820	112	1442	0.34295043	-2.2259559
246	113	1443	0.34388374	1.184983
507	113	1444	0.10987397	-0.086050466
890	113	1445	0.32986427	-1.8917543
388	114	1446	0.35259805	1.153906
406	114	1447	0.337771	-1.9828191
549	114	1448	0.037606838	-2.7268437
528	115	1449	0.42117143	-2.2854774
883	115	1450	0.41277963	0.56499014
890	115	1451	0.18111225	1.3459215
293	116	1452	0.17770619	-0.66106647
764	116	1453	0.15019025	2.3619532
859	116	1454	0.12597196	0.57759513
521	117	1455	0.08786591	2.5841847
736	117	1456	0.10242575	-1.7680595
755	117	1457	0.19691473	-1.7348796
297	118	1458	0.14314146	1.3205422
339	119	1459	0.25124211	0.15915778
453	119	1460	0.18322045	-2.6698748
801	119	1461	0.18780879	-2.9031458
352	120	1462	0.20073569	-0.62923684
900	120	1463	0.26265758	-3.1190947
347	121	1464	0.22124308	0.36119455
773	121	1465	0.29206317	-2.7847232
280	122	1466	0.14980114	-1.5358714
297	122	1467	0.21322039	-1.8511324
357	122	1468	0.11881033	0.45995701
732	122	1469	0.14943143	-2.1352783
831	122	1470	0.26612128	1.4402798
325	123	1471	0.25191762	1.9000232
328	123	1472	0.14806678	0.89159272
761	123	1473	0.3079553	-2.6344387
849	123	1474	0.34436903	-0.38800316
158	124	1475	0.37561559	-2.6276984
456	124	1476	0.37195976	-2.4234375
458	124	1477	0.3626735	0.54228036
142	125	1478	0.049162084	-2.1991725
224	125	1479	0.066455679	0.71642801
385	125	1480	0.18067016	-0.31817126
898	126	1481	0.21380486	-2.8888304
332	127	1482	0.19264217	2.1689462
661	127	1483	0.30006758	-0.92537986
711	127	1484	0.20477144	2.4098502
493	128	1485	0.15763209	-2.2574682
528	129	1486	0.11653171	2.0189833
557	130	1487	0.44744209	2.7381744
615	130	1488	0.41659703	-0.34636362
152	131	1489	0.092160634	0.33969954
570	131	1490	0.10299987	-2.6878836
309	132	1491	0.18502023	1.6917419
424	132	1492	0.13547892	2.5604631
571	133	1493	0.27103975	-1.314794
663	133	1494	0.17303794	-1.9566722
759	133	1495	0.29981682	1.7980087
444	134	1496	0.20234823	-1.8377186
290	135	1497	0.22291319	-1.4665925
585	135	1498	0.21471653	2.411446
714	135	1499	0.19533007	-0.6960057
742	135	1500	0.15763327	2.249112
318	136	1501	0.16652877	-1.2210225
393	136	1502	0.24864993	2.1232831
875	136	1503	0.31572221	-0.70242667
363	137	1504	0.18448272	2.4948922
398	137	1505	0.34364628	-2.9104466
740	137	1506	0.20738639	-0.32194354
274	138	1507	0.24301254	-1.4002341
584	138	1508	0.24162624	2.1613517
195	139	1509	0.29761768	-1.904074
528	139	1510	0.38543136	1.0592704
839	139	1511	0.25654755	-1.8587568
352	140	1512	0.47408915	-1.6965264
509	140	1513	0.19042005	1.2046503
697	140	1514	0.30486407	1.4454173
772	140	1515	0.31079672	1.7211845
263	141	1516	0.1987202	-1.9088859
583	141	1517	0.10751563	-3.0049338
678	141	1518	0.17378039	2.8847301
721	141	1519	0.16639735	-1.0359747
385	142	1520	0.20119945	-0.083336082
508	144	1521	0.34309971	2.9438153
701	144	1522	0.32515377	-0.029046729
282	145	1523	0.15618526	3.0526739
687	145	1524	0.048673805	1.2301341
373	146	1525	0.16530726	-2.2924976
779	146	1526	0.17481727	1.3159264
345	147	1527	0.36276042	-0.043655646
707	147	1528	0.4879441	-3.0608331
757	147	1529	0.33096016	0.50265431
615	148	1530	0.28321407	2.7054987
479	149	1531	0.076079635	-1.0357628
526	149	1532	0.17933536	-2.0336744
853	149	1533	0.18938168	0.93423121
601	150	1534	0.20562764	-2.0648646
759	150	1535	0.26774251	2.5536096
798	150	1536	0.33412063	0.12527539
228	151	1537	0.47480561	-0.36592776
284	151	1538	0.10753802	-0.19170242
570	151	1539	0.46888861	2.8119826
172	153	1540	0.16618475	-2.5097806
785	153	1541	0.20242182	0.60814298
477	154	1542	0.29454568	0.021649542
847	154	1543	0.32762152	-3.0798598
309	155	1544	0.43553463	-2.3668424
560	155	1545	0.4373445	0.69537541
488	156	1546	0.20826027	-0.86127943
790	156	1547	0.21525392	1.9581227
835	156	1548	0.11989356	-0.86830707
178	157	1549	0.26688297	2.0123453
607	157	1550	0.21982442	-0.895956
275	158	1551	0.18271906	2.7948364
388	158	1552	0.31131336	-2.0482611
211	159	1553	0.23147005	0.8594005
274	159	1554	0.28779931	-1.5128022
584	159	1555	0.22064928	2.3761815
200	160	1556	0.2002642	-0.36157529
210	160	1557	0.2623828	2.7896913
210	161	1558	0.36494329	2.7698971
505	161	1559	0.33856122	-0.59107183
467	162	1560	0.18374901	2.1682492
672	162	1561	0.25428009	-1.3324245
850	162	1562	0.21121936	1.3122481
396	163	1563	0.24187069	2.1057779
691	163	1564	0.19356612	-1.0121173
355	164	1565	0.42956992	-0.051427464
746	164	1566	0.29399627	-1.6329962
879	164	1567	0.41940627	2.7377844
313	165	1568	0.18096171	2.575368
650	165	1569	0.12655163	-0.42053836
307	166	1570	0.23524287	2.8407321
620	166	1571	0.23838116	-0.31913253
878	168	1572	0.17465773	-2.0793108
318	169	1573	0.28071099	-0.92336608
334	169	1574	0.29186677	2.2034183
480	170	1575	0.23375964	0.81262139
454	171	1576	0.22199054	-1.2639533
236	173	1577	0.19301995	-0.23663519
401	173	1578	0.34833542	2.4336089
506	173	1579	0.31479913	-0.88467507
682	174	1580	0.19385429	0.19366974
896	174	1581	0.26572087	-2.9741031
800	175	1582	0.23543056	-2.4369613
298	176	1583	0.061679989	-0.83621816
577	176	1584	0.16671726	3.0532869
619	176	1585	0.2316175	-0.062691557
723	177	1586	0.13793313	0.9091237
467	178	1587	0.20896556	1.1265868
808	178	1588	0.23406575	2.4293781
406	179	1589	0.17950339	-1.466048
549	179	1590	0.16650636	0.76932528
692	180	1591	0.095219241	-2.8725066
470	181	1592	0.14711772	1.6419717
274	183	1593	0.35740463	1.2492206
462	183	1594	0.23776643	0.69942939
437	184	1595	0.32001188	2.2162391
476	184	1596	0.11572204	-2.5473146
291	185	1597	0.19920035	-0.19683427
243	186	1598	0.3416791	2.1559123
276	186	1599	0.086662026	-0.97223889
283	186	1600	0.24656396	2.8624351
778	186	1601	0.37469419	-0.7132088
210	187	1602	0.35524469	-0.3304727
217	187	1603	0.23057631	2.8686454
199	188	1604	0.14656681	-0.33655583
268	189	1605	0.31436542	-0.23618464
278	189	1606	0.38915942	2.4000389
421	189	1607	0.2951707	-1.0460345
365	190	1608	0.19562417	-0.88825045
548	190	1609	0.21269575	1.131651
611	190	1610	0.20835505	-2.5472659
817	191	1611	0.15644058	1.8129142
378	192	1612	0.43965903	2.8385376
773	192	1613	0.45375726	-0.36283716
346	193	1614	0.24117861	0.37879266
355	193	1615	0.21828499	2.5798645
569	193	1616	0.18765874	-2.6245406
642	193	1617	0.21085963	-1.3245508
643	193	1618	0.085460629	-0.59760131
352	194	1619	0.47345352	1.5140618
398	194	1620	0.43368509	-1.602996
499	195	1621	0.1440535	-2.1844481
546	195	1622	0.11898295	-1.4657142
831	195	1623	0.24384996	-2.0489733
839	195	1624	0.042936361	0.96341906
845	195	1625	0.069521648	2.8703241
372	196	1626	0.17955731	-1.9226403
309	197	1627	0.30020088	0.93036076
863	197	1628	0.070834655	2.3606468
273	198	1629	0.16592901	-1.4229593
341	198	1630	0.13411314	1.6993914
234	199	1631	0.15145649	-3.0299958
349	199	1632	0.46336698	2.444508
660	199	1633	0.48054313	-0.51396955
837	199	1634	0.14608617	-2.7080122
201	200	1635	0.20071432	-0.29201334
408	202	1636	0.065218862	-1.2624488
584	202	1637	0.16647119	-2.9563928
249	203	1638	0.34618634	-1.6012901
330	203	1639	0.21837514	0.1124628
667	203	1640	0.35876986	1.9631545
542	204	1641	0.48911917	-2.2001805
632	204	1642	0.38497472	1.3315991
328	205	1643	0.20472025	-3.0448005
730	205	1644	0.30484059	1.2199993
849	205	1645	0.26619047	-1.488065
869	205	1646	0.18043143	-1.1171649
717	206	1647	0.15297218	-0.24352634
641	207	1648	0.18007365	2.5616513
242	208	1649	0.21607766	2.5410069
265	208	1650	0.33165195	0.0002528589
319	208	1651	0.38188484	-2.1925841
822	208	1652	0.28439927	1.3562202
302	209	1653	0.31405747	-1.1158576
420	209	1654	0.26976693	2.1462503
562	209	1655	0.28708011	1.5397401
258	210	1656	0.18378596	-0.22587994
513	210	1657	0.28309361	2.8417021
606	211	1658	0.2079958	0.13789859
892	211	1659	0.19053557	2.3933816
246	212	1660	0.34382569	-1.9601195
292	212	1661	0.42150867	1.096638
706	212	1662	0.18865725	-2.0397421
361	213	1663	0.056691825	3.1218894
558	213	1664	0.13287985	1.4944768
252	214	1665	0.19103451	-1.7759802
582	214	1666	0.063704229	3.0084676
749	214	1667	0.20389791	1.6586385
775	215	1668	0.097722387	1.0931842
821	215	1669	0.30238488	-0.13181481
478	216	1670	0.14261983	-1.3344029
348	217	1671	0.3273106	2.8725394
513	217	1672	0.30251335	-0.3152647
418	218	1673	0.21223139	1.3081479
550	219	1674	0.21989186	-0.15753294
751	219	1675	0.20345725	2.4109206
563	220	1676	0.1454504	2.0875228
685	220	1677	0.23963652	-0.54457172
713	220	1678	0.27198791	1.8781386
868	220	1679	0.27093818	-1.882248
465	221	1680	0.28039437	1.9492388
722	221	1681	0.39204627	2.8870567
793	221	1682	0.37301474	-0.66640987
899	221	1683	0.17615464	-0.82020173
290	222	1684	0.26096767	1.2665193
627	222	1685	0.29527928	-1.927123
433	223	1686	0.10456065	-2.6363059
788	223	1687	0.22629581	-2.2646816
812	223	1688	0.2663351	1.0955608
252	224	1689	0.11189227	0.73226276
385	224	1690	0.1574499	-0.68948515
369	225	1691	0.2123954	-0.53784432
267	226	1692	0.19131443	0.58345194
477	226	1693	0.30734599	-0.19515522
747	226	1694	0.30983222	-3.0480964
602	227	1695	0.25864914	-2.6066321
776	227	1696	0.26036502	-2.3868615
792	227	1697	0.29847823	0.96278998
886	227	1698	0.21407978	-0.064463338
348	228	1699	0.47195935	-0.37735424
495	228	1700	0.12755973	-0.096563728
587	228	1701	0.14185857	-0.66587497
603	229	1702	0.24893933	2.5691895
646	229	1703	0.29627307	2.2096955
865	229	1704	0.11481937	-0.080749068
904	229	1705	0.36206666	-0.88262406
751	230	1706	0.1599794	-1.364776
531	231	1707	0.19486809	2.0770658
659	231	1708	0.21140062	-0.81351458
843	232	1709	0.19232229	3.0577574
576	233	1710	0.21784632	-2.2632251
788	233	1711	0.24637427	1.1864066
837	234	1712	0.047988942	-1.1875214
568	235	1713	0.34007231	2.3433046
574	235	1714	0.13082868	1.0157101
646	235	1715	0.31097756	-0.90681777
351	237	1716	0.11493295	-2.8174373
446	237	1717	0.12731526	2.2309007
531	238	1718	0.186888	-0.89357663
550	238	1719	0.23581009	2.8142644
695	238	1720	0.32150429	1.5494431
762	239	1721	0.14004099	-0.29973541
538	240	1722	0.40689697	0.62643752
883	240	1723	0.39545889	-2.4539496
300	241	1724	0.1281177	0.26221329
692	241	1725	0.1670862	-2.9119708
282	242	1726	0.3692241	-2.9794983
822	242	1727	0.28513076	0.5779365
285	243	1728	0.26533052	-0.0052669947
365	243	1729	0.32054906	2.4839674
909	243	1730	0.25365113	2.4272345
447	244	1731	0.25411692	-0.14186931
518	244	1732	0.1250732	2.8108535
734	244	1733	0.24096806	3.030884
407	245	1734	0.19035557	-0.71287392
690	245	1735	0.11244445	2.7573757
706	246	1736	0.15648724	1.2775104
346	247	1737	0.19271039	1.8323895
671	247	1738	0.074235147	-2.8149837
334	248	1739	0.19556333	-0.84534218
310	249	1740	0.343861	-1.7289088
376	250	1741	0.42904114	2.3280552
718	250	1742	0.43431443	-0.91466742
572	251	1743	0.28751645	1.1633007
677	251	1744	0.15507349	-2.3913223
385	252	1745	0.17910353	-1.3554379
423	253	1746	0.11633146	2.8583041
425	253	1747	0.21485523	-0.10353586
827	253	1748	0.17062647	1.7616022
910	253	1749	0.18693517	-2.3381059
305	254	1750	0.16804214	-0.27935805
619	254	1751	0.11567695	-1.7924561
666	254	1752	0.16337802	1.1224138
380	256	1753	0.13582522	3.0502623
846	256	1754	0.11622664	2.6969358
392	257	1755	0.209883	-1.8605408
673	259	1756	0.17813413	-0.69528818
782	259	1757	0.22779908	2.4514105
294	261	1758	0.0883306	2.2093102
770	262	1759	0.16053406	0.0072613332
366	263	1760	0.16133732	-1.569436
399	264	1761	0.15377774	-2.4447959
824	264	1762	0.17921424	0.91301753
464	265	1763	0.28102223	-0.024257085
299	266	1764	0.29179788	-1.3322182
848	266	1765	0.24264453	1.8010008
421	268	1766	0.24077385	-2.2852457
533	268	1767	0.19404507	0.56922634
765	268	1768	0.36222251	-0.67928168
878	268	1769	0.29120774	2.2979393
900	268	1770	0.31021439	0.30619471
506	269	1771	0.17874932	2.2293003
887	269	1772	0.16856672	-0.70022839
365	270	1773	0.23332304	-2.0928454
574	271	1774	0.10278351	-2.1047175
731	272	1775	0.14334425	-2.9686274
341	273	1776	0.30002842	1.7100326
614	273	1777	0.35505067	-1.4527123
315	274	1778	0.19622155	0.17032368
462	274	1779	0.19839187	-1.2156885
283	276	1780	0.31808752	2.6874745
778	276	1781	0.29176894	-0.63705486
636	277	1782	0.26387309	2.9968199
312	278	1783	0.2141692	0.16754156
394	278	1784	0.3651993	1.6396943
481	279	1785	0.15203372	1.6871207
568	279	1786	0.20593944	-1.583658
838	279	1787	0.055341678	-1.7454093
768	281	1788	0.19820568	-0.75178826
687	282	1789	0.17478629	0.18416108
345	283	1790	0.43072517	2.711411
681	285	1791	0.23160427	0.84414014
696	285	1792	0.12121987	-0.49005103
884	285	1793	0.20971796	-1.3978591
467	286	1794	0.22138731	-0.4392331
585	287	1795	0.11081937	1.4394672
364	288	1796	0.23596843	1.3155642
375	288	1797	0.16062296	-1.7564911
444	288	1798	0.080127283	1.8047415
503	289	1799	0.4038994	2.4539711
664	289	1800	0.281581	3.0534965
714	290	1801	0.15925352	0.65069923
636	291	1802	0.24238609	-0.16140423
398	292	1803	0.4525814	1.0800693
759	293	1804	0.22042771	-0.32836491
455	294	1805	0.40184816	2.7576314
570	294	1806	0.42099586	-0.33337809
826	294	1807	0.1034259	-1.9993776
368	295	1808	0.36670957	-1.2121874
415	295	1809	0.19065235	-1.3358608
436	295	1810	0.41096434	2.1632391
893	295	1811	0.25144985	0.061366829
654	296	1812	0.23575425	3.0455451
791	296	1813	0.13452633	-0.005215294
619	298	1814	0.19237718	0.16323072
441	299	1815	0.36240078	-0.050794106
525	301	1816	0.32048622	-2.0373966
382	302	1817	0.34608354	-1.0939972
808	302	1818	0.22163794	-0.81221747
567	303	1819	0.33469485	-1.0177804
627	303	1820	0.33268052	2.239633
912	304	1821	0.32415264	-0.18375951
619	305	1822	0.19843744	-2.7998027
651	305	1823	0.16981424	2.2064329
666	305	1824	0.21376094	2.0090009
859	305	1825	0.30729281	-0.86462101
664	306	1826	0.24849261	0.29976623
805	306	1827	0.095009815	-2.011299
717	307	1828	0.18858436	2.9693999
871	308	1829	0.20549644	2.6801916
863	309	1830	0.2986335	-2.4483047
625	310	1831	0.3450941	-1.829074
329	311	1832	0.25842517	-0.62442439
384	311	1833	0.099917168	3.027039
725	311	1834	0.085877155	0.34803932
823	311	1835	0.25666395	2.5564754
500	312	1836	0.15398348	1.3380941
688	312	1837	0.17200699	1.0309872
878	312	1838	0.24328084	-0.68847898
502	313	1839	0.15233733	-3.1282879
830	313	1840	0.1236878	2.3204958
426	314	1841	0.32096149	2.5864912
503	314	1842	0.3447861	-0.64431465
441	316	1843	0.344886	0.41735757
458	316	1844	0.34982481	-2.7565307
397	317	1845	0.2166207	1.986121
529	317	1846	0.16208631	-0.77756726
431	318	1847	0.27846659	2.6779602
652	318	1848	0.35756184	-0.85398211
875	318	1849	0.18995974	-0.25291838
390	319	1850	0.40431715	-2.1402555
786	320	1851	0.22781031	3.1103305
374	321	1852	0.19771923	-1.040494
440	321	1853	0.21421108	2.1056395
735	322	1854	0.18320664	-0.84423107
591	323	1855	0.18621651	-0.28697138
697	324	1856	0.24580654	-1.0716971
720	324	1857	0.26167069	2.0645403
328	325	1858	0.21356422	-0.61478948
358	325	1859	0.23535679	2.8758582
836	325	1860	0.24629782	1.3575381
672	326	1861	0.1207542	-0.15334497
784	327	1862	0.20359448	0.23459999
809	327	1863	0.17036856	2.8249518
615	329	1864	0.21554176	2.9162681
462	331	1865	0.19908275	3.1030839
711	332	1866	0.049248355	-2.6699982
617	333	1867	0.30954495	-2.0984093
803	333	1868	0.27154895	1.0254156
669	335	1869	0.11924326	-1.0793335
901	335	1870	0.040663679	0.082105721
805	336	1871	0.268742	1.4472029
851	336	1872	0.28617142	-1.6557682
559	337	1873	0.1408548	1.4050411
902	337	1874	0.064771732	-1.1896025
532	338	1875	0.23121434	-1.1857165
601	338	1876	0.19210362	1.133679
774	338	1877	0.18272179	2.7675887
635	339	1878	0.26607855	0.26736288
738	339	1879	0.20480946	-2.508705
813	339	1880	0.18088371	0.51192338
659	340	1881	0.27022638	2.812148
689	340	1882	0.15544552	0.26122911
715	340	1883	0.28141493	0.24103005
794	340	1884	0.19661419	-2.2342026
855	340	1885	0.136018	0.71781768
882	340	1886	0.070726022	1.3855024
356	341	1887	0.23502116	1.0710074
698	341	1888	0.2422828	2.323608
437	342	1889	0.28929757	-0.67954954
422	343	1890	0.072233035	2.0039607
516	343	1891	0.15556529	-0.66906889
520	344	1892	0.15911861	-1.2414033
670	345	1893	0.26607017	2.2342123
757	345	1894	0.18963416	1.9624811
355	346	1895	0.40972032	3.0754462
360	346	1896	0.49214436	0.22697716
671	346	1897	0.21096696	-1.6679883
679	348	1898	0.37717644	-0.49009436
492	349	1899	0.165209	2.6208705
634	349	1900	0.42644037	2.3704733
769	349	1901	0.13706239	2.9711235
407	351	1902	0.16548292	2.8406378
434	352	1903	0.20923947	0.44496443
608	353	1904	0.22379798	-2.6874437
722	353	1905	0.25762774	0.17953513
385	354	1906	0.3371265	2.6004258
445	354	1907	0.15118714	-0.44747892
585	356	1908	0.21598006	-0.52186638
894	356	1909	0.22314035	1.965258
440	357	1910	0.18189501	1.1354852
836	358	1911	0.33162382	0.56983715
906	358	1912	0.37826104	-2.7608715
584	359	1913	0.31478898	-1.6104511
756	359	1914	0.17809396	-2.1392717
852	359	1915	0.18866342	0.28341105
872	359	1916	0.37812401	1.6351284
892	359	1917	0.22669856	-0.79896862
436	360	1918	0.42821119	-0.27799477
881	360	1919	0.19459958	-1.2993764
558	361	1920	0.14738916	1.1003262
643	362	1921	0.36232646	1.6598692
545	363	1922	0.38532588	2.455028
590	363	1923	0.28430928	-0.87147069
815	363	1924	0.21947147	-0.086808179
611	365	1925	0.29809866	3.0234722
909	365	1926	0.068825588	-0.4471011
558	366	1927	0.13643938	-1.159152
635	367	1928	0.1918671	-2.5053506
639	367	1929	0.20433744	0.57501685
780	367	1930	0.087985522	-2.9161432
841	367	1931	0.089308165	0.4467596
565	368	1932	0.28877777	-0.98617537
842	368	1933	0.23042094	-1.3455053
821	370	1934	0.30733399	0.0043622467
741	371	1935	0.28582341	1.13239
812	371	1936	0.26286415	-2.1319759
485	372	1937	0.23174435	1.7149375
543	373	1938	0.14665284	-0.8459962
802	373	1939	0.18654902	-3.129697
424	374	1940	0.16629498	-0.92061638
817	376	1941	0.19964005	-1.2233849
866	376	1942	0.22738967	-2.6341487
477	378	1943	0.44636204	3.0394539
877	378	1944	0.20603351	0.62226461
654	379	1945	0.12676918	0.55259305
513	380	1946	0.087090197	1.7560231
846	380	1947	0.048316333	0.89203072
439	381	1948	0.26937884	0.61087125
443	382	1949	0.31628576	-0.91698038
594	383	1950	0.28926385	-1.8825376
615	384	1951	0.1511374	-0.8580631
823	384	1952	0.17362069	2.2924991
602	386	1953	0.20074748	0.57120811
785	386	1954	0.07184328	-0.90384787
549	388	1955	0.3812336	-2.0541894
912	389	1956	0.19297851	0.88059783
580	390	1957	0.32488265	-1.6070141
731	390	1958	0.27136203	2.5534178
897	390	1959	0.11229676	-2.3428948
684	392	1960	0.28299042	-1.1503778
806	392	1961	0.21450636	-2.8474245
834	393	1962	0.18622764	1.9585129
794	394	1963	0.36974172	1.5333626
562	395	1964	0.20986763	-0.83348647
804	395	1965	0.18841298	1.9421236
410	396	1966	0.35888541	0.78480043
540	399	1967	0.15111668	-2.4911484
514	400	1968	0.37513487	-0.97639183
588	400	1969	0.32546187	1.8243372
505	401	1970	0.32647815	2.5370074
709	401	1971	0.14805946	0.024280512
612	402	1972	0.22753825	-1.995175
485	403	1973	0.2055648	-1.3007544
617	403	1974	0.17063413	2.2096373
815	404	1975	0.18708351	-2.670356
913	404	1976	0.089258843	2.7301874
549	406	1977	0.31114599	1.240722
562	406	1978	0.45337587	-1.5766735
584	408	1979	0.18610063	2.9715738
579	409	1980	0.2639447	-2.859493
469	410	1981	0.35624109	0.84865163
626	410	1982	0.17809938	-0.92025531
661	411	1983	0.25817699	1.7877634
664	411	1984	0.20264265	-0.41897732
805	411	1985	0.25896115	-1.9373333
555	412	1986	0.21729169	2.1522532
662	412	1987	0.33982167	-0.72548479
795	412	1988	0.20427362	2.3543538
741	413	1989	0.16676619	1.5301962
905	414	1990	0.15946955	2.2086523
567	416	1991	0.30996897	2.1846386
451	417	1992	0.14601048	0.58792957
666	417	1993	0.17167993	-0.61200189
856	418	1994	0.25927077	1.3660126
686	419	1995	0.21790531	-0.68030058
849	419	1996	0.31558371	2.3303196
905	419	1997	0.073142944	2.6238216
693	420	1998	0.29214875	1.9298593
797	421	1999	0.34948257	-0.49243955
516	422	2000	0.22241807	-0.8162641
767	422	2001	0.18635597	2.3220498
827	423	2002	0.15659741	1.0395369
452	425	2003	0.16032647	2.6547918
457	425	2004	0.26475356	-0.26968801
620	426	2005	0.28118322	2.6061964
892	427	2006	0.19712999	-2.8751207
578	428	2007	0.21032345	1.5872913
849	429	2008	0.18825089	2.2978837
532	430	2009	0.31007928	2.6470272
683	430	2010	0.19387605	2.4976987
792	430	2011	0.39947507	-0.94863746
857	430	2012	0.21804584	2.3834657
762	431	2013	0.185856	2.3457628
765	432	2014	0.18263084	-2.7680586
618	433	2015	0.14938124	0.62098059
728	433	2016	0.17780687	2.9608565
473	435	2017	0.11905809	0.074748267
517	435	2018	0.1925766	-2.3170378
552	435	2019	0.238984	0.96066417
906	436	2020	0.35764914	0.56508631
735	437	2021	0.19046652	2.093486
483	438	2022	0.1831411	3.0567608
739	438	2023	0.25526282	-0.081179418
475	440	2024	0.15148357	-1.6323619
839	440	2025	0.29817547	1.6104372
656	441	2026	0.26623564	1.7289127
707	441	2027	0.49465086	-0.029830393
553	442	2028	0.20352937	0.53145569
721	442	2029	0.16833052	2.899228
607	443	2030	0.28480502	-0.63185268
797	446	2031	0.16842529	2.0887738
476	447	2032	0.11412882	1.7403192
564	448	2033	0.23725109	-0.37896456
819	448	2034	0.24166458	2.5652526
565	449	2035	0.13681596	-1.8902166
889	449	2036	0.20000213	1.6034271
889	450	2037	0.19116003	2.1609276
666	451	2038	0.18061938	-1.4652632
840	451	2039	0.22332736	0.74600474
827	452	2040	0.1550982	2.3088876
556	453	2041	0.21127166	-2.6197125
525	454	2042	0.35300739	1.1803006
632	454	2043	0.38639058	-1.8512777
655	457	2044	0.18200528	-2.101042
674	457	2045	0.13423923	1.3515255
608	461	2046	0.17881296	0.32946714
501	463	2047	0.27369795	2.9786317
833	463	2048	0.19155336	0.45417622
913	463	2049	0.23923959	-0.3609671
604	464	2050	0.20772818	-0.044224628
539	466	2051	0.14163388	-2.5037991
556	467	2052	0.26598583	0.79047261
595	469	2053	0.28512793	-0.6169633
782	469	2054	0.36244377	1.3602283
570	471	2055	0.11604596	1.7267117
614	472	2056	0.36728876	1.1600794
741	472	2057	0.18718791	-0.30203062
552	473	2058	0.18785789	1.4737282
809	473	2059	0.17246273	-0.91929712
625	474	2060	0.21711737	-3.1351535
526	479	2061	0.152177	-2.4672535
665	482	2062	0.07031157	0.87006012
714	482	2063	0.16123662	2.2097117
753	482	2064	0.13814507	-1.1599844
690	484	2065	0.15839928	2.0494545
693	486	2066	0.286766	-1.9591022
804	486	2067	0.15899305	-1.9553782
820	486	2068	0.33967625	1.0944072
620	487	2069	0.16444436	-0.82315098
496	488	2070	0.24177983	-0.68858605
560	489	2071	0.44489708	-2.5418566
782	489	2072	0.39735815	-1.5176981
536	490	2073	0.14751813	-0.84954014
631	490	2074	0.12954432	-1.2644745
684	491	2075	0.1454716	-0.21835329
702	491	2076	0.21081361	-0.93921189
806	491	2077	0.24303659	2.3973315
699	492	2078	0.12841498	2.6362121
769	492	2079	0.05951338	-1.4319529
882	493	2080	0.21183108	-2.2223113
621	496	2081	0.18325193	1.7084788
676	496	2082	0.1749983	1.9200014
806	496	2083	0.30846903	-0.67370261
674	497	2084	0.16288047	0.83418004
831	499	2085	0.10297114	-1.8588847
688	500	2086	0.052946331	-0.043158245
629	502	2087	0.18814124	2.5650019
661	503	2088	0.23305323	2.6838918
571	504	2089	0.18504942	0.60675748
624	506	2090	0.18291709	-0.28136282
766	506	2091	0.27471212	-0.86874213
633	508	2092	0.35604202	2.6965892
656	508	2093	0.15069108	-1.6539268
772	509	2094	0.17301087	2.2958631
712	511	2095	0.2792819	-0.36048829
715	511	2096	0.29838801	-2.7912413
884	511	2097	0.2798353	1.3313795
575	512	2098	0.13459641	2.6216484
758	512	2099	0.18187588	-0.86270985
846	513	2100	0.066737702	-0.80255937
524	514	2101	0.25813527	-2.9143498
722	514	2102	0.36008335	-0.57355695
600	515	2103	0.27316213	-2.7065001
876	515	2104	0.28853377	0.30735714
634	516	2105	0.44085542	-0.72542345
867	519	2106	0.19407342	0.2839274
803	522	2107	0.22266116	-2.1336941
832	522	2108	0.17743264	1.0672275
638	523	2109	0.14495476	0.58962519
746	523	2110	0.1675199	2.1592924
727	526	2111	0.12876589	-2.7168629
614	527	2112	0.12568126	1.1862842
785	530	2113	0.10414964	1.2162029
649	532	2114	0.19946301	-2.7583287
857	532	2115	0.11462828	0.02391682
895	532	2116	0.24684499	3.0520452
900	533	2117	0.13280069	-0.083513868
698	534	2118	0.13661362	-0.023344886
631	536	2119	0.059718705	-2.9267573
730	537	2120	0.29077778	-1.9913164
584	538	2121	0.36262869	0.48215011
811	538	2122	0.20996529	0.91994934
774	539	2123	0.12808468	-0.81058578
635	541	2124	0.19747755	-2.7423533
639	541	2125	0.20665767	0.80084476
744	542	2126	0.21024336	2.0239518
607	544	2127	0.33887037	2.5567751
823	544	2128	0.32254075	-0.61193016
902	544	2129	0.22728969	2.2418278
765	545	2130	0.38961181	2.3999865
831	546	2131	0.15869912	-2.4746275
830	547	2132	0.055991787	-0.69470844
724	550	2133	0.22657347	1.3179221
703	551	2134	0.12665893	-1.7425682
596	552	2135	0.38428734	-0.35040112
792	552	2136	0.36817315	2.4381294
886	552	2137	0.23852951	-3.0550351
622	553	2138	0.153701	2.7282171
644	553	2139	0.12904904	-2.9340627
856	553	2140	0.24596245	-0.096079831
665	554	2141	0.13707649	2.3818518
795	555	2142	0.04445535	-2.1634572
801	556	2143	0.2182908	0.72172506
850	556	2144	0.13995125	-1.7850319
660	557	2145	0.47399393	2.6836847
755	559	2146	0.17255182	1.4120302
866	561	2147	0.17471239	1.5601803
713	563	2148	0.13319094	1.649153
728	564	2149	0.24537129	-0.061695157
680	565	2150	0.12773216	-1.8527329
734	566	2151	0.14900952	-0.19513146
752	567	2152	0.17046526	-1.672495
838	568	2153	0.1515824	1.6167657
875	568	2154	0.34419732	2.6454892
638	569	2155	0.28265259	-2.6990214
643	569	2156	0.23800828	0.18883663
663	571	2157	0.16814629	2.4906032
683	571	2158	0.22455793	-1.046082
857	571	2159	0.19439815	-0.974177
851	572	2160	0.29743176	1.4611263
882	573	2161	0.16403172	-1.8509924
796	576	2162	0.26796074	-2.3170336
589	578	2163	0.22950279	-3.0943074
746	578	2164	0.28186999	0.77116144
840	579	2165	0.25229142	-2.7615543
871	580	2166	0.18523243	-1.0058323
897	580	2167	0.25312761	1.8369521
694	581	2168	0.25033937	-1.3322537
890	581	2169	0.27195669	1.6059637
892	584	2170	0.2285376	0.72809979
697	586	2171	0.21262867	-2.0850841
799	589	2172	0.23160258	2.880579
740	590	2173	0.16604165	0.24823062
815	590	2174	0.20171965	1.3932099
872	590	2175	0.32258927	-1.2131609
599	591	2176	0.19650045	-2.4619657
864	592	2177	0.22745751	-2.5060292
720	593	2178	0.22864092	-2.3681111
825	594	2179	0.17528433	-2.0320285
784	596	2180	0.2155376	-1.1636455
731	597	2181	0.14607281	2.7339896
726	598	2182	0.18912901	1.1788816
765	598	2183	0.24111832	-2.1016815
651	599	2184	0.16522134	-1.8135037
824	600	2185	0.26008556	-2.6541064
668	602	2186	0.099409458	-2.1656804
638	605	2187	0.20751395	1.6197995
797	609	2188	0.17484247	2.9833301
816	610	2189	0.16107318	-1.1552665
907	611	2190	0.49971495	2.8351802
909	611	2191	0.36391326	-0.17926121
670	612	2192	0.26976823	-0.54381173
701	612	2193	0.31722616	-3.0729261
704	613	2194	0.18375157	-0.50993358
627	614	2195	0.26065162	-0.5775787
786	615	2196	0.22669764	-0.35083139
689	616	2197	0.1066125	-2.0984829
855	616	2198	0.11006007	-2.7422548
684	617	2199	0.29183617	2.3006347
695	617	2200	0.30520535	-1.6063767
828	618	2201	0.1380814	1.6985001
764	619	2202	0.21751097	-0.64339037
676	621	2203	0.038698785	-2.6844389
644	622	2204	0.08950996	-1.4083719
698	623	2205	0.13781474	0.54516512
822	625	2206	0.37622778	-2.178661
741	627	2207	0.31187005	-2.2110148
749	628	2208	0.16417621	-2.0871604
861	629	2209	0.13490992	-2.344463
656	630	2210	0.19575884	-1.3255933
662	633	2211	0.35679585	2.6755568
750	633	2212	0.18292374	1.6598325
746	638	2213	0.22140452	2.8730848
703	639	2214	0.090896483	0.0095395167
904	639	2215	0.39913753	2.1479261
757	640	2216	0.19046664	-2.2458096
858	642	2217	0.12604148	-0.62378553
657	643	2218	0.34360121	1.096799
645	644	2219	0.15528648	-2.2458587
763	647	2220	0.17036951	-2.7280956
654	648	2221	0.23117518	-0.16789611
798	648	2222	0.2548175	3.0929122
895	649	2223	0.11422942	2.1327306
737	652	2224	0.29251223	-0.69876304
708	653	2225	0.3990473	-0.81562609
758	653	2226	0.18337643	1.5357684
876	653	2227	0.40087487	2.8989129
894	653	2228	0.11543828	0.28754002
729	658	2229	0.17603912	1.2306236
794	659	2230	0.2772155	-1.0637366
714	665	2231	0.16045754	2.6503759
787	667	2232	0.36565501	2.003381
785	668	2233	0.10749108	-2.2644747
754	669	2234	0.11462778	-0.6672198
901	669	2235	0.109602	1.7149615
858	671	2236	0.16506255	-1.8779447
902	672	2237	0.25345213	-0.98838425
723	674	2238	0.22563889	1.0252713
828	675	2239	0.17198227	-0.95233872
908	675	2240	0.10563065	-0.23081482
912	675	2241	0.2084178	3.0173948
874	678	2242	0.13805914	-2.9613017
731	679	2243	0.36512553	-0.59147547
763	679	2244	0.20887237	-0.23954908
842	680	2245	0.15662629	2.0510408
715	689	2246	0.12604023	0.21611765
855	689	2247	0.068623691	2.3396967
783	690	2248	0.16126526	2.166485
829	692	2249	0.20996832	-2.9225274
704	693	2250	0.24635917	2.695661
884	696	2251	0.16547719	-2.0133532
818	698	2252	0.16940739	1.83914
751	700	2253	0.1400381	-0.90700095
907	702	2254	0.25160668	-1.1652841
841	703	2255	0.19608637	-2.7578657
904	705	2256	0.10818559	-1.9264291
742	708	2257	0.17158392	-0.063202036
888	708	2258	0.11395584	0.50777519
726	710	2259	0.19770024	-2.5260772
720	712	2260	0.262669	-0.3736616
879	718	2261	0.40398196	-0.32192784
863	719	2262	0.18305947	-0.82072139
844	722	2263	0.14493669	-2.7073993
907	724	2264	0.19266347	1.1908562
900	726	2265	0.19059546	-2.8122065
783	727	2266	0.17469531	-2.2515357
781	728	2267	0.15508516	1.8819345
788	728	2268	0.19730654	-0.90623115
763	731	2269	0.18374848	2.1474882
897	731	2270	0.27404665	-1.0028155
868	733	2271	0.16856981	0.51079386
755	736	2272	0.094606398	-1.6989563
896	740	2273	0.21943562	-0.84459968
888	742	2274	0.097592272	2.3954536
848	743	2275	0.19168042	-1.3813321
783	747	2276	0.3215092	-2.9553215
799	754	2277	0.18926564	1.3569215
811	756	2278	0.1991508	-2.1600878
771	757	2279	0.22907705	0.91694557
894	758	2280	0.18311704	-0.96495367
859	759	2281	0.34817176	2.344843
893	761	2282	0.29695512	-2.3664542
846	763	2283	0.11383889	-0.014935741
859	764	2284	0.21551295	-0.17162057
797	765	2285	0.17781254	-2.4041527
774	770	2286	0.26202342	0.64927415
777	770	2287	0.19245639	-2.6665574
867	770	2288	0.27353532	-2.8673813
895	770	2289	0.24169855	-0.42902302
864	772	2290	0.36536489	1.8925437
787	773	2291	0.40441945	-0.69283047
785	776	2292	0.19691017	-2.4960401
864	778	2293	0.39169702	-0.65643107
813	780	2294	0.18394136	-2.7155199
841	780	2295	0.17620941	0.33693343
912	781	2296	0.21114458	1.4770168
821	783	2297	0.44596127	-3.1353901
847	783	2298	0.30447287	0.0074867901
819	784	2299	0.2540009	-0.64102002
898	787	2300	0.28800623	0.24455365
824	791	2301	0.1414752	-0.23175926
899	793	2302	0.20076097	2.6100018
882	794	2303	0.26144245	1.0321821
856	796	2304	0.23537699	-2.5209072
828	812	2305	0.12656651	-2.6154426
908	812	2306	0.11854018	2.6837284
913	815	2307	0.14749938	0.95761526
860	816	2308	0.10720757	-1.9670852
868	827	2309	0.24123613	1.7322227
908	828	2310	0.11600332	1.5439178
845	839	2311	0.092982775	-2.9617912
913	843	2312	0.2045238	2.9707323
869	849	2313	0.1178407	1.0651996
905	849	2314	0.24647864	-0.89723099
860	850	2315	0.17367309	1.0137505
882	855	2316	0.091622579	-2.9220992
903	861	2317	0.16906546	-1.4166782
896	872	2318	0.26370379	0.74559784
907	885	2319	0.21937159	-1.7752819
893	889	2320	0.27967067	1.8368669
