from	to	label	distance	angle
1	140	1	0.89002039	-1.7673808
1	336	2	0.80644341	-1.7119537
1	386	3	0.32074776	0.96809355
1	448	4	0.41504326	1.6750127
2	32	5	0.5290987	2.5162765
2	89	6	0.94422906	-1.1114435
2	119	7	0.74983213	2.494423
2	190	8	1.0679365	-0.97861328
2	330	9	0.11334707	-2.2999862
3	130	10	0.75282012	2.1754365
3	206	11	2.1782573	-1.9850487
3	437	12	1.4366197	0.78313276
4	25	13	0.91884635	-1.6814102
4	48	14	0.59239273	-0.9967292
4	318	15	1.189342	1.0978239
4	408	16	0.31874639	0.87996341
4	448	17	0.40027311	1.8792454
5	13	18	0.4208791	0.97199028
5	147	19	0.90218239	-1.479574
5	414	20	0.91030895	-2.1868151
5	430	21	1.2534456	1.586545
6	126	22	0.1803104	-1.6142972
6	431	23	0.10961865	-1.638725
7	19	24	0.67669111	0.17424262
7	65	25	0.28999276	1.3264124
7	92	26	0.56149677	-1.6620906
7	409	27	0.66906068	-3.1220999
8	87	28	0.49275165	0.029889065
8	102	29	0.0834964	1.7923745
8	294	30	0.97133292	0.35095881
8	433	31	0.68688038	2.7577076
9	50	32	0.63195395	1.9493913
9	114	33	0.44620117	-2.0820568
9	253	34	0.50534207	-1.4048497
9	480	35	0.57012666	2.082152
10	265	36	0.22741143	1.4417147
10	375	37	0.27208679	-0.83170246
10	417	38	0.66571491	0.17193453
11	13	39	0.45517546	2.1915335
11	30	40	0.65336132	1.6029175
11	147	41	0.97122813	-2.0177586
11	372	42	0.65976281	-2.1715336
12	67	43	0.30032549	1.6915195
12	229	44	1.0382789	-0.96790856
12	240	45	0.31454986	0.24199015
12	491	46	0.033140692	2.5555141
13	71	47	0.8498413	1.5475758
13	147	48	1.2556902	-1.6945872
14	114	49	0.61071685	1.3320124
14	250	50	0.14850085	-0.21081113
14	254	51	0.39071529	-2.1650194
14	267	52	0.69468256	1.6558128
14	299	53	0.74081991	-1.5774697
15	51	54	0.17130995	-0.51122207
15	94	55	0.32195859	-2.2878902
16	34	56	0.55735286	1.0251833
16	85	57	0.5570077	-3.1174478
16	106	58	0.89276062	-2.1905584
16	182	59	0.7047629	-0.59464123
16	295	60	0.46022544	-1.0618743
17	195	61	0.22227636	-2.420477
17	220	62	1.3611537	1.9036227
17	255	63	0.4734247	-1.0334126
17	351	64	0.89299763	-1.1426204
17	362	65	0.67077227	-2.0908353
17	497	66	0.66939039	-0.92409657
18	41	67	0.66292609	2.7647272
18	101	68	0.82453717	-0.026912671
18	150	69	0.38598431	2.5014799
18	157	70	0.36077885	0.60108947
19	65	71	0.6184374	2.8730911
19	92	72	0.98621155	-2.385713
19	138	73	0.69738614	-1.3974189
19	258	74	0.72753486	0.55032425
19	261	75	0.4747872	0.22259234
19	375	76	0.37184284	2.9639042
20	137	77	0.82631985	1.6035279
20	219	78	0.85264471	2.3228003
20	271	79	0.99422144	-1.5097997
20	326	80	0.83446884	1.0231754
21	144	81	0.35502531	-1.3142724
21	167	82	0.43928155	-2.5383372
21	189	83	0.34446517	2.8981287
22	88	84	0.33962642	2.1798722
22	171	85	0.43613352	-2.2042049
22	262	86	0.53601603	1.9577681
22	301	87	0.42663018	1.9926202
22	303	88	0.13788177	2.3720937
23	228	89	0.72145428	-2.005155
23	372	90	0.83318605	1.5229712
23	443	91	0.2380108	-2.3255946
24	141	92	0.34732689	2.7989649
24	187	93	0.20477006	-0.69223716
24	198	94	0.23047127	2.7432322
24	477	95	0.30605355	2.8472434
25	48	96	0.59323501	0.77666015
25	63	97	0.26269821	-1.8994775
25	473	98	0.58351412	-1.5209796
26	121	99	0.50137123	1.619753
26	130	100	0.92294855	-2.2845421
26	359	101	0.28939287	0.016904067
26	470	102	0.37575757	-2.5804942
27	105	103	0.31300864	2.2174559
27	385	104	0.8654513	-1.0951583
27	397	105	0.54419492	-1.0487607
27	424	106	0.86603885	1.7704493
28	95	107	0.51385865	2.4919832
28	180	108	0.077087383	-2.102636
28	420	109	0.59952745	-0.2631128
29	264	110	0.496824	-0.33595202
29	296	111	0.41509108	0.22735496
29	363	112	0.40463619	-2.9481694
30	71	113	0.6095155	1.9471757
30	254	114	0.99395244	1.6635948
30	299	115	0.58540242	1.3613792
30	301	116	0.41608025	-0.054345424
30	372	117	1.2479325	-1.8567006
31	229	118	0.23225292	3.1052874
31	240	119	1.0712035	2.0727986
31	284	120	0.44886072	-1.4402798
31	356	121	0.57552075	0.86333038
31	362	122	0.91794825	-0.86691255
31	454	123	0.18311715	-1.8381867
32	89	124	1.4335056	-0.93813436
32	93	125	0.87391415	2.6377859
32	119	126	0.22116218	2.4421219
32	276	127	0.40214531	-1.0979823
32	291	128	0.52165609	-2.6469966
33	49	129	0.91873254	1.8837893
33	112	130	0.75955779	-1.8650995
33	206	131	0.91017573	0.50378554
33	220	132	1.2534718	-1.1938568
33	371	133	0.66144716	2.5965762
34	85	134	0.97766588	-2.6167591
34	138	135	1.2757571	1.2181193
34	154	136	0.49271978	-2.9709697
34	182	137	0.91969248	-1.2447747
34	309	138	0.82889516	1.4427052
35	45	139	1.3939454	-1.5538553
35	202	140	0.8943569	1.2218293
35	223	141	0.85804406	-1.484465
35	252	142	0.86351116	-2.4366575
35	494	143	0.71503571	1.0569744
36	172	144	0.39294369	0.66062015
36	217	145	0.76133461	-2.807772
36	249	146	0.32997112	-2.2921838
37	233	147	0.46519796	-1.0562064
37	429	148	0.89356461	0.69465346
37	457	149	0.84206762	-2.7737873
38	92	150	0.98664193	0.4805898
38	193	151	0.50051271	2.4677831
38	398	152	1.4971078	-1.6116371
38	469	153	0.19817933	-2.1945875
39	113	154	0.36980531	2.2187072
39	152	155	0.74953994	0.052649595
39	320	156	0.64731701	2.3008821
39	493	157	0.64918138	2.0471507
40	108	158	0.31835348	-0.85150784
40	192	159	0.42935966	1.5714106
40	213	160	0.16307879	2.5821157
40	472	161	0.30458033	-0.21272257
41	357	162	0.35553276	2.2561743
41	423	163	0.75973327	2.2129712
42	126	164	0.33121549	-0.62103869
42	145	165	1.0233473	-1.5171986
42	435	166	1.3903806	2.2082842
43	86	167	0.60595997	-2.8066911
43	171	168	0.50839017	0.94640893
43	315	169	0.53985773	-1.59779
44	358	170	1.1408989	1.8165294
44	377	171	0.94601004	-1.081217
44	449	172	0.72754291	1.0628284
44	455	173	1.1598229	-2.0306915
45	52	174	0.46365924	0.087457952
45	160	175	1.0064877	-0.87916863
45	223	176	0.54124582	1.4775979
45	252	177	1.0770697	2.2556491
45	341	178	0.86118618	0.17642868
45	358	179	1.0849391	-2.708883
45	449	180	0.9910904	-1.9355283
46	188	181	0.44496442	-0.12268481
46	201	182	0.91369405	1.7254437
46	226	183	0.54981678	-1.6358109
46	396	184	0.43568848	-2.8578018
46	457	185	0.57421417	1.04947
47	97	186	0.34914448	1.664869
47	128	187	0.97707799	-0.44164656
47	191	188	0.38129208	-0.36215554
47	242	189	0.38626481	2.4343444
47	364	190	0.14983671	2.060364
48	127	191	0.67266528	-1.7637268
48	401	192	0.49340378	-0.94849164
48	408	193	0.75249967	1.729066
49	53	194	1.2714863	1.4302655
49	74	195	0.45341275	2.4480495
49	371	196	0.60173982	-2.0599242
50	89	197	1.1479205	2.2192123
50	391	198	0.546181	-1.5549038
50	421	199	0.41299491	2.0049881
50	480	200	0.10081473	-2.0381242
51	94	201	0.39440329	-2.727051
51	214	202	0.33003905	-2.2750663
51	333	203	0.45253042	-0.46364834
51	395	204	0.34654887	-0.051926595
51	463	205	0.96004201	-0.090577796
52	341	206	0.40148018	0.27922415
53	74	207	1.103012	-2.0686811
53	413	208	0.15745349	-2.8682752
53	488	209	1.4093899	1.0059929
53	496	210	0.039228708	-1.7512308
54	118	211	0.58630743	2.9185318
54	124	212	0.67584517	-1.1195248
54	251	213	0.39026196	-3.0272951
54	434	214	0.48553329	0.27722575
55	68	215	0.59754531	2.1140961
55	82	216	0.69245018	-1.2104498
55	245	217	0.34130986	-1.5928986
55	313	218	0.51625776	2.5828989
55	332	219	0.65602339	-0.4789
55	394	220	0.31112847	1.9364535
55	422	221	0.39628527	-1.5326172
55	454	222	0.13680054	1.7831767
56	286	223	0.82683655	-0.26365133
56	292	224	0.66021369	-2.9972094
56	311	225	0.29448708	-2.9940109
56	328	226	0.92851434	-0.44305232
56	483	227	0.142243	0.30581505
57	83	228	0.51369996	0.32894515
57	186	229	0.40920087	-1.9505218
57	224	230	0.28659788	1.820303
57	437	231	0.61439165	-1.5266691
58	387	232	0.67400211	-2.9308563
58	399	233	0.6046508	-1.6072304
58	441	234	0.7963165	-1.7752846
59	95	235	0.5805938	-2.8775677
59	290	236	0.48111225	2.3897615
59	420	237	0.7517373	-0.96570525
60	235	238	0.4407659	-2.4218357
60	366	239	1.3452405	0.95710279
61	67	240	0.45069021	-1.4030687
61	210	241	0.22510988	-2.2354603
61	221	242	0.15570687	1.7672719
61	489	243	0.27094202	-0.15257055
62	141	244	0.40319595	0.95553756
62	169	245	0.65349455	-2.5935497
62	170	246	0.60172354	2.5085026
62	290	247	0.37056359	1.0333257
62	361	248	0.27184841	0.55894413
62	477	249	0.40260016	0.84585566
63	473	250	0.35301853	-1.2424091
64	354	251	0.3249294	-1.0236946
64	461	252	0.068561332	-2.3872775
65	265	253	0.337021	1.3424793
65	268	254	0.30951473	2.1384878
65	375	255	0.25040781	-0.40357938
65	409	256	0.79558153	-2.7625134
66	334	257	0.30572457	2.8598875
66	410	258	0.3191416	-0.32040274
66	435	259	0.53058122	-2.7590544
67	148	260	0.24083678	2.4237209
67	240	261	0.40777638	-0.57792337
67	489	262	0.44680879	1.1252432
68	110	263	0.56720988	2.0400902
68	239	264	0.3268868	0.68290802
68	313	265	0.27050537	-2.0672763
68	394	266	0.29645581	-0.84096082
68	426	267	0.69359847	1.7072555
69	121	268	0.58395341	-2.5481125
69	167	269	0.23713281	2.5350627
69	490	270	0.67876647	0.039841409
70	77	271	0.35363907	-2.3383461
70	94	272	0.22562144	0.36962714
70	214	273	0.35786213	-0.031173136
70	293	274	0.056817012	2.9009123
71	254	275	0.44292868	1.2683574
71	430	276	0.28231797	2.9418092
71	495	277	1.1422239	1.8844179
72	90	278	1.1122167	-1.8819483
72	134	279	0.50352648	1.5032006
72	305	280	1.1419329	-1.388997
72	403	281	0.97505911	-2.6564462
73	152	282	1.1502527	2.7567648
73	297	283	0.89592241	0.043424796
73	352	284	0.97287353	0.42241776
73	433	285	0.2765546	-0.33229821
73	475	286	0.79313958	0.22353168
74	75	287	0.31616779	3.0771853
74	216	288	0.57124224	2.0159545
75	216	289	0.50007892	1.4312964
75	237	290	0.47746419	-1.2566924
76	125	291	0.76711143	-2.508641
76	232	292	0.22932908	-0.5509905
77	214	293	0.65047308	0.38340596
77	274	294	0.39129433	-2.0459134
77	490	295	0.62255557	-2.54753
78	124	296	0.47534779	0.36899193
78	196	297	0.39280374	-2.3020884
79	104	298	0.35375725	2.0952177
79	227	299	0.1853403	-1.9666607
79	250	300	0.12736378	3.0181085
79	253	301	0.55887912	1.2530066
79	434	302	0.32817896	-2.1633596
79	487	303	0.12743386	-2.4033627
80	87	304	1.1524247	-2.6507681
80	235	305	0.83447459	0.71431781
80	249	306	0.65160728	-2.1774126
80	294	307	0.63743017	-2.7825447
80	327	308	1.054238	0.70785224
80	360	309	0.20555108	-0.14097955
81	155	310	0.60827185	1.0135699
81	175	311	0.41912497	-1.5841659
81	274	312	0.68385893	2.8784597
82	245	313	0.39679842	2.2579342
82	332	314	0.48351072	0.79653388
82	364	315	1.3605129	-0.91767767
82	459	316	0.52963703	-0.55120592
83	175	317	0.85676985	-0.25767395
83	224	318	0.56803156	2.943524
83	274	319	0.41660147	1.1405379
83	437	320	0.90483608	-2.1028853
83	490	321	0.41181114	1.9781026
84	306	322	0.86635374	-0.094788689
84	373	323	0.2092875	2.2875275
84	415	324	1.2114534	2.9616968
85	106	325	0.71430162	-1.5171617
85	154	326	0.54312238	0.84493387
85	398	327	0.5496309	-2.6603525
86	244	328	0.70949769	2.1597837
86	337	329	0.82472644	-2.3580199
86	378	330	0.79077647	-1.7136453
86	453	331	0.49001599	-2.9551321
87	102	332	0.51522106	3.0117118
87	249	333	0.6449472	0.012172583
87	269	334	0.98938728	3.0663753
87	294	335	0.52721643	0.65036395
88	171	336	0.63330987	-1.6717746
88	280	337	0.29522818	1.0943
88	287	338	0.11654394	1.0893633
89	190	339	0.18184895	-0.22032655
89	276	340	1.0384616	2.2651354
89	399	341	0.79384902	-1.3588668
89	421	342	0.74952603	-0.80497226
90	197	343	1.0052427	-3.0543289
90	439	344	0.7004267	-1.009793
91	278	345	0.43444474	-1.6434369
91	283	346	0.63947351	0.36124687
91	369	347	0.66655744	-2.6869745
91	467	348	0.49064077	1.9322263
92	138	349	0.83800644	-0.012481839
93	187	350	0.044251583	2.6133255
93	286	351	0.9377079	2.5663218
93	291	352	0.73620472	-1.1418601
93	328	353	0.81492668	2.7278962
93	331	354	0.30471274	2.5676267
94	204	355	0.17275706	2.9529761
94	214	356	0.17402661	-0.56151384
94	343	357	0.14427674	-2.5990351
95	169	358	0.5673285	-2.8211638
95	180	359	0.52849014	-0.79497395
95	290	360	0.5236445	1.1601262
95	420	361	1.0927849	-0.44130501
96	111	362	0.55893998	-3.0835355
96	219	363	0.56407721	0.91008099
96	321	364	0.39768142	-1.9849336
97	143	365	0.32033913	-0.41606875
97	191	366	0.62015072	-0.89201972
97	242	367	0.27814715	-2.7867996
97	259	368	0.4959373	0.10277632
97	307	369	0.64959199	1.8971604
98	157	370	0.34507854	-0.71520732
98	320	371	0.5626645	2.2697245
98	416	372	0.71569182	2.7820784
99	118	373	0.59933231	-2.0394348
99	275	374	1.1644939	1.8847002
99	347	375	0.68576375	1.159387
99	465	376	0.38497748	-0.25753158
100	138	377	0.11860308	1.0810387
101	157	378	0.57322484	2.7359058
101	266	379	0.23209603	0.089701401
101	363	380	1.2360663	-0.10221492
102	433	381	0.64303443	2.8646771
103	219	382	0.53314454	1.1142965
103	321	383	0.4278069	-2.2573495
104	227	384	0.48878131	-1.3529012
104	253	385	0.41739298	0.56840538
104	391	386	0.76539859	1.5140807
104	406	387	0.64829017	2.010849
104	465	388	0.42729013	-2.7954518
105	176	389	0.91439567	2.0007296
106	234	390	1.289541	-1.119203
106	295	391	0.81070762	0.41224078
106	398	392	0.69764034	2.4237858
106	429	393	0.4636939	-1.900595
107	218	394	0.36271742	-1.8454035
107	374	395	0.2983438	0.12502318
107	466	396	0.59910038	-2.962969
108	148	397	0.55379406	-1.4647462
108	209	398	0.19865524	-2.2665184
108	213	399	0.47684468	2.3887044
108	221	400	0.17495339	-0.69490246
108	472	401	0.1960316	1.1054372
109	194	402	0.34454201	-2.4224692
109	236	403	0.23026763	-2.8357365
109	407	404	0.82046991	-2.2433626
109	460	405	0.33805197	-3.1056101
109	484	406	0.51024189	0.28039854
110	282	407	0.76156992	2.4428775
110	313	408	0.75461246	-1.4007875
110	426	409	0.2432189	0.84093569
111	321	410	0.51803473	-0.69472065
111	335	411	0.77610552	1.3493413
111	344	412	0.21759402	2.232132
112	220	413	0.8105934	-0.57168609
112	240	414	0.7394295	-2.0130056
112	285	415	0.69064225	2.3153921
112	371	416	1.1241574	1.8829966
112	489	417	0.46735008	-3.050846
113	412	418	0.67707698	2.0988341
113	485	419	1.0804389	1.9807325
114	250	420	0.6244633	-1.5695701
114	267	421	0.2261518	2.689545
114	452	422	0.56968797	1.7727545
114	480	423	0.88841666	1.6391522
115	262	424	0.090474886	-1.8558409
115	280	425	0.12531026	-0.34440492
115	317	426	0.10420569	0.99157025
116	149	427	0.7649811	-1.9140855
116	194	428	0.62865301	-1.8207187
116	349	429	0.64514169	-0.021028515
116	460	430	0.45857355	-2.1065311
116	466	431	0.94333178	0.57278117
117	271	432	0.73053916	0.16952457
117	307	433	0.38544642	2.648493
118	134	434	1.1972603	-1.8154553
118	179	435	1.1237152	1.8607948
118	251	436	0.2534348	-0.75789346
118	341	437	0.82412586	3.0050467
118	440	438	0.80056656	-1.3457744
118	465	439	0.77724002	0.59657516
119	187	440	0.70246202	2.6974909
119	432	441	0.47231173	2.7502959
120	296	442	0.8688631	-2.457761
120	324	443	0.095057481	2.9704137
120	369	444	1.1326407	0.36187515
121	167	445	0.54486837	1.0111541
121	224	446	0.77347151	0.1130634
121	302	447	0.77598775	-2.7195339
121	436	448	0.42012881	1.6888998
121	470	449	0.75974344	-1.9675823
122	169	450	1.4978194	2.4660438
122	435	451	0.75579954	0.011534255
122	451	452	0.29461077	0.44495009
122	482	453	1.4853622	-0.87545602
123	257	454	0.77290642	-1.021934
123	329	455	1.1199704	-2.3933257
123	414	456	1.7454774	1.0356734
123	474	457	1.1871801	-2.2626033
124	196	458	0.84445723	-2.5601308
124	287	459	0.49598351	-0.60804255
124	434	460	0.76082882	1.3424158
124	440	461	0.68920724	-3.0798961
125	131	462	0.66142365	-2.7061369
125	241	463	0.44732988	-1.5031707
125	349	464	0.14429508	-2.1204177
126	207	465	0.039228708	-1.7512308
126	267	466	0.83943206	-1.0604488
126	431	467	0.070775114	1.5651353
127	325	468	0.55312627	-1.0690912
127	338	469	0.92775299	-1.8307277
127	401	470	0.49067923	0.55671777
128	200	471	0.28651164	2.6159542
128	310	472	0.27419789	0.54573705
128	425	473	0.25924322	-0.036444642
129	156	474	0.86147037	1.5413583
129	162	475	0.83033919	-2.7266893
129	277	476	1.0390887	2.749848
129	388	477	1.0637559	-0.42116314
130	359	478	1.136695	0.66629106
130	470	479	0.57408425	1.0491247
130	488	480	0.6549283	2.7153116
130	498	481	0.28218774	2.5021349
131	177	482	0.41642667	-2.1448363
131	468	483	0.4485863	-1.5976903
132	166	484	0.074283302	0.55205257
133	318	485	0.10845804	1.1295172
133	353	486	0.50832984	-1.3667219
133	408	487	0.77250474	-1.9589331
133	468	488	0.72295592	0.58447761
134	160	489	0.81057058	2.6986224
134	196	490	0.45263135	-0.08870476
134	244	491	0.64110943	-1.2826754
134	438	492	0.71874721	-3.135428
134	440	493	0.60411056	0.68290223
134	453	494	1.2989359	-1.4977568
135	181	495	1.0925473	2.3356757
135	330	496	0.3970208	-0.33317993
135	334	497	0.36466564	-1.3886653
135	420	498	0.53056096	-3.1381508
136	460	499	0.54220484	-2.8454727
136	484	500	0.30957988	-0.015687981
137	219	501	0.59139782	-2.7909022
137	326	502	0.47525081	-0.24101406
137	355	503	0.93015503	1.1016059
137	376	504	0.55414685	2.0656865
138	261	505	0.8627562	1.1622308
138	263	506	1.0849318	-1.3999423
138	309	507	0.50279144	-2.2994107
139	380	508	0.4807223	-0.86066111
139	454	509	0.69605778	1.7784713
140	336	510	0.095862379	0.88939925
140	384	511	0.28472479	-1.0638582
141	170	512	0.71832197	3.1043536
141	198	513	0.11791444	-0.23353476
141	316	514	0.52842187	2.2361809
141	331	515	0.28672999	-0.37207848
141	477	516	0.044172483	-0.68356766
142	255	517	0.96207513	2.0823781
142	320	518	0.65403656	-1.1569807
142	493	519	0.64179544	-0.90380205
143	191	520	0.36612272	-1.3045058
143	259	521	0.26953887	0.73301311
143	310	522	0.98932256	-0.52217293
143	345	523	0.87625041	-0.35799627
144	167	524	0.46153601	2.9360648
144	490	525	0.42147191	-0.033086427
145	254	526	1.0300755	-1.1026183
145	482	527	1.2046922	2.1771303
145	495	528	0.25628853	-1.6468596
146	231	529	0.20374416	-2.9383545
146	265	530	0.58532218	-3.0319212
146	393	531	0.52457128	-0.28260751
146	417	532	0.1813148	-1.3210095
147	228	533	1.1925917	-1.822119
147	443	534	0.69186148	-1.7982936
148	209	535	0.43947312	2.0076726
148	210	536	0.11356324	1.8627466
148	491	537	0.47762735	-1.1617743
149	177	538	0.25213028	0.92358323
149	318	539	0.27509642	-2.3358684
149	468	540	0.38014526	0.27273
150	200	541	0.21911727	2.4018204
151	201	542	1.0404224	-2.4520238
151	398	543	1.008739	0.77462251
152	246	544	1.2762317	2.2897335
152	433	545	1.4264997	-0.37464848
153	225	546	0.25581111	-1.7897163
153	250	547	0.30455405	1.8323505
153	317	548	0.73932555	-1.4081391
153	479	549	0.6589551	-1.1897739
155	214	550	0.32227748	2.2393118
155	405	551	0.76127504	-1.0047725
156	277	552	1.0896334	-2.7013354
156	306	553	0.85966	0.89381897
157	266	554	0.78520948	-0.26470718
157	320	555	0.90511982	2.3292428
158	243	556	0.908863	0.52001727
158	360	557	0.19848514	0.4660512
158	474	558	0.74835307	2.5606375
159	328	559	0.060584509	0.48784186
159	382	560	0.77389526	3.0324789
159	464	561	0.53468722	-1.0971958
160	449	562	1.0067915	-2.9913546
160	486	563	0.55786639	-2.4348982
161	357	564	0.15595852	-1.1498201
161	423	565	0.25307751	2.2875702
162	260	566	1.2497239	-0.44055101
162	289	567	0.7559679	2.6792529
162	425	568	0.96490789	3.1385773
163	320	569	0.87532096	-0.33824513
163	362	570	1.0856855	2.0327795
163	367	571	0.53262576	2.5025469
163	380	572	0.8063274	2.5503722
163	423	573	0.30950044	-1.3117487
164	360	574	0.2036732	1.7169418
165	178	575	0.37454881	-0.66709862
165	239	576	0.36953637	-1.3492419
165	322	577	0.47539146	1.8497554
165	339	578	0.32014201	0.42485354
165	426	579	0.29262995	2.7176912
166	173	580	1.2533706	-1.8190758
166	182	581	0.94966692	1.7919606
166	295	582	1.0806816	2.1240748
166	340	583	1.2611098	0.16383554
166	447	584	1.0752091	1.1141674
167	189	585	0.33338586	1.4883996
168	235	586	0.19605293	2.8127709
168	270	587	0.19770894	2.6102299
168	278	588	0.15253354	1.499473
169	175	589	1.2507286	-3.070536
169	405	590	0.55117854	2.7624612
170	333	591	0.73088442	2.474669
170	405	592	0.7644821	-2.4416035
171	215	593	0.66371465	-1.6220509
171	287	594	0.74278228	1.4115207
171	315	595	1.0018751	-1.8872439
171	458	596	0.56289719	-1.7048766
172	270	597	0.79742336	0.910881
173	234	598	0.78429139	2.1662742
173	355	599	0.9655658	-2.3820201
173	404	600	1.179168	-0.457636
173	411	601	0.77050288	-0.98622349
173	428	602	0.83520481	-2.7748908
174	305	603	0.17966642	0.85823406
174	439	604	0.39690446	-1.7145459
174	453	605	0.46766607	1.4855896
175	405	606	0.79167019	0.37884396
175	437	607	1.4046124	-2.7304141
176	258	608	0.29746454	2.6830713
177	468	609	0.23574569	-0.43219111
178	239	610	0.24893923	-2.5979431
178	339	611	0.36370438	1.577868
179	444	612	1.0603582	1.989805
179	445	613	0.60183798	1.8819582
180	451	614	0.80655618	-0.86002174
181	361	615	0.51259524	-3.1077115
181	477	616	0.49594105	2.855749
181	492	617	0.21440618	-2.1795983
182	263	618	1.0526024	1.2513411
182	295	619	0.35962136	-3.1218906
183	346	620	0.78996775	-2.9021291
183	439	621	0.95687086	0.46630471
183	467	622	0.63301006	0.32281465
184	372	623	0.56267257	1.3048153
184	383	624	0.44723757	-1.6692923
185	304	625	0.94747526	-0.73429519
185	314	626	0.70505753	2.2522882
185	319	627	0.72976818	0.099990688
185	373	628	0.85553298	-1.5770452
185	411	629	1.0548698	1.722713
186	359	630	0.38111627	2.9444962
186	437	631	0.2942739	-0.9178533
187	432	632	0.23215096	-0.5516911
187	492	633	0.13686978	-2.3618208
188	226	634	0.68708774	-2.3388416
188	233	635	0.9698914	0.48272388
189	247	636	0.76759971	0.27331598
189	374	637	0.72139073	-2.4483313
189	436	638	0.52543537	-2.3419357
189	476	639	0.22251501	0.6780798
190	421	640	0.60624599	-0.97128649
190	456	641	0.057430447	-0.79698585
191	310	642	0.77394444	-0.18218308
192	209	643	0.82548633	-1.4704632
192	213	644	0.36952246	-1.9533837
192	281	645	0.28861071	-1.1306751
192	384	646	0.60788717	1.3490922
192	473	647	0.30545839	0.95978353
193	230	648	0.051518351	0.66952294
193	232	649	0.68111769	1.0321763
193	241	650	0.47619676	-2.7189319
193	279	651	0.38695509	-2.7799711
193	365	652	0.98008358	-2.4687982
193	409	653	0.94670954	0.8165348
194	236	654	0.16253249	1.3243779
194	312	655	0.49144063	-2.6206552
194	318	656	0.42598321	-2.3277495
194	460	657	0.22872838	1.9216109
195	356	658	0.80118566	2.0740795
196	244	659	0.63429989	-2.0081953
196	440	660	0.42169528	1.5286118
197	370	661	0.81886431	-2.7239335
197	377	662	0.45678678	2.1786144
199	215	663	0.23094342	1.3783669
199	458	664	0.33169169	1.561985
200	357	665	0.39596609	2.7776356
200	364	666	0.81442688	2.6195636
200	425	667	0.52955164	-0.2935118
201	325	668	0.60383641	-2.6159391
201	396	669	1.0616949	-1.8352652
201	401	670	0.57696605	2.2709117
201	457	671	0.58821114	-0.75911722
202	203	672	0.62604615	1.089746
202	300	673	1.0946993	2.1225731
202	444	674	0.64692556	-0.23368365
202	494	675	0.22247801	-1.3641781
203	300	676	0.94232756	2.7297133
203	402	677	0.52309648	0.62676785
203	444	678	0.78237716	-1.1217091
204	247	679	0.91129696	-3.0655116
204	258	680	0.34566488	-1.8412298
204	292	681	0.54759207	-0.36174411
204	343	682	0.116418	-1.1633187
204	393	683	0.33713863	-2.0216135
204	446	684	0.65995467	0.063632831
205	215	685	0.077950676	2.5728998
205	248	686	0.56832688	1.7892707
205	366	687	0.96070013	-2.360236
206	220	688	1.6395939	-1.7770148
207	431	689	0.10961865	1.5028677
208	403	690	0.14803636	1.4200117
209	281	691	0.56167473	1.4990249
209	323	692	0.084552232	1.5552817
209	491	693	0.91701168	-1.1484267
210	221	694	0.34726919	1.2531884
211	237	695	0.59437971	1.337
211	285	696	0.44676243	-0.97991363
211	384	697	0.69589651	1.9497161
211	472	698	0.44988063	-1.7792804
212	216	699	1.3615398	-2.1071278
212	222	700	0.58347994	0.800121
212	348	701	0.34861783	1.8477633
212	462	702	0.67485481	-2.2147496
212	488	703	0.95685346	0.51786597
215	458	704	0.11280802	1.9450865
216	237	705	0.95252229	-1.488833
216	342	706	0.24502648	-2.2311157
216	384	707	0.93634411	-1.9163324
216	386	708	0.51477767	1.7657303
216	462	709	0.69438346	1.1390486
217	249	710	0.50138787	0.0033570426
217	264	711	0.54607758	2.9464697
217	288	712	0.55560427	2.8244758
218	302	713	0.27506413	-1.848284
218	374	714	0.55206944	0.7750963
218	436	715	0.74922439	0.6790189
219	376	716	0.75009515	1.1706251
220	356	717	0.73939389	-1.7182752
221	472	718	0.29093675	1.7310228
221	489	719	0.35568331	-0.5765278
222	348	720	0.50865354	-2.9771251
222	484	721	0.5037809	0.98513053
222	488	722	0.42847666	0.12884929
225	299	723	0.23989623	-2.3783788
226	381	724	0.61929813	-0.5260006
226	396	725	0.57304376	2.3017216
227	434	726	0.15082654	-2.4058843
228	243	727	1.1955396	-2.0438656
228	327	728	0.90525093	-2.2358908
228	383	729	0.52125722	1.2757789
228	443	730	0.50119765	1.286582
229	273	731	0.2716832	-1.1193538
229	454	732	0.2607526	-0.78898449
231	247	733	0.14165562	1.9961718
231	265	734	0.38294265	-3.0816511
231	393	735	0.71113117	-0.14841884
232	268	736	1.0936439	0.64860128
232	374	737	0.25609793	0.97326046
232	409	738	0.31687219	0.33860945
233	368	739	0.85615116	-1.704666
233	428	740	1.0820534	-0.69553577
233	429	741	1.0787764	1.132793
234	428	742	1.0077554	-1.9146832
234	429	743	1.0143544	2.3501713
235	327	744	0.21984707	0.68330856
236	312	745	0.61549555	-2.4294295
236	407	746	0.64243182	-2.0418784
237	285	747	0.95571228	-1.4541924
237	371	748	0.45244655	-1.0274158
237	384	749	0.40098898	2.9703685
238	286	750	0.66510407	-0.28656778
238	311	751	0.45184719	-3.1065671
238	316	752	0.57568055	-0.022204801
238	446	753	0.68805	2.894556
238	463	754	0.231195	0.80035259
239	344	755	0.49560203	-0.8302751
239	394	756	0.43087018	-1.7009436
240	489	757	0.64343931	1.8044818
241	365	758	0.53193113	-2.2453458
242	364	759	0.25278261	-0.48897385
242	459	760	0.70115242	1.7898767
243	257	761	0.33189679	2.4410022
243	360	762	0.71074745	-2.6065114
244	453	763	0.68637513	-1.6984531
246	485	764	0.63038417	2.6707487
246	497	765	1.2088838	2.4264293
247	265	766	0.35768881	-2.7027713
247	268	767	0.60746085	-2.7722737
247	476	768	0.56984259	-3.0226629
248	301	769	0.90779036	1.3768357
248	372	770	0.65695417	-2.6947111
249	264	771	1.0423211	3.0414617
250	487	772	0.10641617	-1.2640217
251	440	773	0.60619873	-1.5797662
252	308	774	1.1833955	2.1297414
252	340	775	0.94424652	2.9018768
252	358	776	1.3244282	-1.8021097
253	391	777	0.62140552	2.0900759
254	299	778	0.46867239	-1.0970862
254	495	779	0.82160245	2.2011965
255	485	780	0.81507882	-0.89176029
255	497	781	0.20539184	-0.66989776
256	360	782	0.21962095	0.58779739
256	474	783	0.76229067	2.5209639
258	261	784	0.3172568	-2.0886398
258	292	785	0.62034033	0.22649481
258	393	786	0.062083322	2.6437598
258	417	787	0.51348949	3.1411238
258	424	788	0.7577569	-0.50080234
259	271	789	0.61921029	0.95430045
259	345	790	0.78893978	-0.66591165
260	296	791	0.79776512	0.43173303
260	388	792	0.74001727	0.62461937
260	389	793	0.71395842	0.55847279
262	280	794	0.15014383	0.30100603
262	299	795	0.55591994	2.0700438
262	317	796	0.19258886	1.1282116
263	392	797	0.11961829	1.8916081
263	447	798	1.0232292	-1.219778
264	269	799	0.59558318	-3.0782581
264	288	800	0.067827433	1.4553334
265	268	801	0.25186355	-2.8710599
265	417	802	0.63649045	-0.17628457
266	269	803	1.2987116	-0.20991387
266	298	804	0.8822662	2.5738109
267	452	805	0.46789852	1.3790626
268	409	806	0.79775296	-2.3715249
269	363	807	0.29858251	2.7144147
270	369	808	0.43137206	2.6788512
271	277	809	1.2438084	-0.50544773
271	415	810	1.0010201	0.97930865
272	300	811	0.95561117	-1.1930149
272	382	812	0.89649566	2.1452767
272	464	813	0.56011486	0.35078499
273	454	814	0.0882122	0.73915949
274	490	815	0.33690102	-3.1400783
275	347	816	0.79447767	-0.64722327
275	387	817	0.85173313	1.5647371
275	444	818	0.77668142	2.5958829
276	461	819	0.41989898	-2.7261424
277	289	820	0.61815405	-2.4499889
278	283	821	0.91173288	0.808345
278	369	822	0.5844869	2.8986558
279	365	823	0.62307955	-2.2774873
280	471	824	0.04509228	1.4687466
280	479	825	0.25563298	1.3161023
281	282	826	1.0818415	-1.55603
281	323	827	0.47727993	-1.6525288
281	338	828	0.091806949	-0.53600297
281	400	829	0.59681594	-0.79467589
281	473	830	0.51396282	1.468904
283	315	831	1.2371917	1.0471875
283	378	832	0.63132772	1.6527707
284	362	833	0.59315072	-0.44390589
284	380	834	0.85240976	-1.1475327
284	454	835	0.28889899	1.9494601
285	371	836	0.57519247	1.3557496
285	489	837	0.55023041	-1.5660644
286	328	838	0.18703297	-1.3519873
287	434	839	1.050982	1.7961424
288	296	840	0.20332139	1.9351625
289	310	841	0.36233266	-2.6136836
289	345	842	0.34981315	3.1304854
289	425	843	0.44143571	-2.2824733
291	379	844	0.27925556	2.9278989
291	402	845	0.70472065	-1.2056423
291	461	846	0.380718	-0.82587072
292	311	847	0.36572933	0.14180773
292	382	848	0.71357734	-0.35372954
292	424	849	0.50671652	-1.451699
292	446	850	0.27755438	1.0149011
292	483	851	0.80093365	0.17293245
294	360	852	0.8237321	0.2391206
296	324	853	0.80966884	0.77253762
296	389	854	0.12712327	2.7839688
297	433	855	0.6466717	-2.9405893
297	474	856	1.0240166	0.47047829
298	320	857	0.74549607	2.5941844
299	301	858	0.66376063	-1.1123233
300	385	859	0.91116508	-2.8826008
300	390	860	0.64859838	0.60276236
301	303	861	0.30289473	-1.3184073
302	436	862	0.98682084	0.8403765
302	484	863	0.6616071	-2.7622581
302	488	864	0.76872754	-2.2255325
304	319	865	0.70808515	1.5385783
304	455	866	0.64560237	0.12656743
305	453	867	0.33903246	1.8019158
306	370	868	0.82212793	0.047750685
306	373	869	1.0283	2.9062337
306	455	870	0.64466676	0.99846404
307	321	871	0.75180676	1.6903231
307	332	872	0.67514308	2.0613602
307	459	873	0.20678831	-3.0080316
308	340	874	0.83122851	-1.9267894
308	385	875	1.1040388	1.4469083
308	447	876	1.0600207	-3.122955
310	345	877	0.18999768	1.7656401
310	425	878	0.15376496	-1.4094507
311	446	879	0.28348301	2.4348944
312	448	880	0.91197885	-2.1903709
313	350	881	0.32862766	2.641809
313	454	882	0.43220298	-0.32970205
313	491	883	0.99846961	1.9733091
314	326	884	0.92790415	-2.6101197
314	411	885	0.57107101	1.0492577
315	458	886	0.45978857	1.0304547
316	331	887	0.78891512	-0.71956417
316	463	888	0.45139541	2.7345925
317	479	889	0.17203993	0.75477409
318	408	890	0.88082851	-1.9654736
318	448	891	0.94806548	-2.3456856
318	468	892	0.6327163	0.49548896
319	404	893	1.1204091	1.7986861
319	455	894	0.87955754	-0.79230753
320	351	895	1.1965789	2.1014068
320	416	896	0.35613892	-2.615158
321	332	897	0.27378225	-2.557737
321	419	898	0.28943158	-2.9662218
321	442	899	0.40037878	3.0670931
322	339	900	0.53313895	-0.65568383
322	396	901	0.70002924	1.6693845
322	400	902	0.78964483	2.2225818
322	426	903	0.36301823	-1.9542909
324	346	904	0.77731914	1.2964737
324	369	905	1.2154701	0.32212286
324	388	906	0.84444921	-2.5567696
324	389	907	0.87150683	-2.5013739
325	396	908	0.76217006	-1.2438225
325	400	909	0.80774645	-1.7769063
325	401	910	0.7593164	1.3711717
326	355	911	0.94396178	1.6141713
326	415	912	0.89307777	-1.3629384
327	360	913	0.9312639	-2.2673189
327	383	914	1.4039352	1.0403971
328	464	915	0.53896524	-1.2098313
328	483	916	0.82999579	2.5815982
329	474	917	0.16494123	-1.1759052
329	475	918	1.0829284	-2.6828735
330	410	919	0.5042392	-0.96424145
330	456	920	1.1030134	-0.86941019
332	442	921	0.24868957	2.3280937
332	459	922	0.63324564	-1.3911826
333	395	923	0.19350102	1.8788674
334	420	924	0.69516415	2.6026002
334	435	925	0.34574315	-2.182534
335	381	926	0.55692876	1.5732486
335	478	927	0.43791908	-2.038877
336	384	928	0.3326118	-1.334539
336	386	929	1.1029185	1.2997638
337	378	930	0.51254884	-0.40216556
337	453	931	0.50188631	1.3646905
337	467	932	0.64650258	-1.9650705
338	400	933	0.50860584	-0.84086563
339	381	934	0.5125663	0.58745123
342	384	935	0.70743675	-1.8088897
342	386	936	0.70037771	1.4985176
344	418	937	0.64915953	1.0927872
344	419	938	0.60627435	-1.1518723
344	442	939	0.49169485	-1.298279
344	478	940	0.22186841	1.0699543
346	370	941	0.93588753	2.1349349
346	427	942	0.85428521	-0.30498258
347	406	943	0.2238811	0.021887911
347	441	944	0.70436666	1.7582385
347	465	945	0.73317888	-1.4366706
348	386	946	1.2212692	-2.1812858
349	466	947	0.54523175	1.2963336
350	491	948	0.76807839	1.7049083
351	362	949	0.74080208	2.8254947
352	474	950	0.92636255	0.11277231
352	475	951	0.25045148	-2.0431513
353	365	952	1.1121263	0.75530083
353	401	953	1.3613076	-1.562843
354	387	954	0.79661376	-1.1024655
354	402	955	0.2695848	-2.5612069
354	461	956	0.31798312	2.3304967
355	428	957	0.37399725	1.7850402
356	362	958	1.1582793	-1.3796596
357	364	959	0.4279609	2.4733977
357	423	960	0.40482359	2.1750311
358	404	961	1.187894	-2.7727517
358	449	962	0.78770829	-0.64083924
359	437	963	0.63274691	-0.50905892
361	477	964	0.16138093	1.3427558
365	468	965	0.33763771	2.7324785
366	383	966	0.22904954	-2.9639354
367	422	967	0.92105423	2.3617584
367	423	968	0.79834147	-0.88302284
368	376	969	0.64895079	-1.0180383
368	381	970	0.79805621	-2.6066182
368	428	971	0.95762063	0.16269597
369	427	972	0.16642382	2.4437538
369	467	973	0.86365013	1.0558229
370	377	974	0.85894831	0.96710139
370	455	975	0.68958132	2.324763
372	383	976	1.0064174	-1.7626289
373	415	977	1.0560651	3.0857261
374	476	978	0.94388614	0.68968253
376	428	979	0.93035901	0.8638931
377	403	980	0.80516272	0.40430951
377	455	981	0.98119123	-2.9317029
379	390	982	0.36079288	-2.256064
380	422	983	0.66081921	2.2458179
381	418	984	0.56597817	-1.5780827
381	450	985	0.039228708	-1.7512308
382	424	986	0.6607741	-2.7438473
382	483	987	0.40314635	1.2696238
384	473	988	0.3453289	-1.450123
385	397	989	0.32283023	1.9681702
386	407	990	0.86537311	0.98434029
386	462	991	0.41000748	0.31143344
387	402	992	0.81193682	2.3753719
387	441	993	0.80955469	-0.90917734
388	389	994	0.054680075	-1.4757021
390	402	995	0.8710978	-0.5270313
390	464	996	0.79907888	2.0392335
391	406	997	0.36560702	-2.6342239
391	481	998	0.41430056	2.5346359
393	417	999	0.45988289	-3.0776079
395	463	1000	0.61389803	-0.11239291
396	400	1001	0.41584219	-2.9752328
398	429	1002	0.97288087	-1.1747307
399	406	1003	0.8890928	-1.3260876
399	481	1004	0.48906517	-1.1614504
400	426	1005	1.0236568	-1.2289311
402	444	1006	1.0150934	-1.6536483
402	461	1007	0.37843202	1.5537666
404	411	1008	0.64420892	-2.9517436
406	465	1009	0.7422296	-1.7410858
406	481	1010	0.41446544	1.6208849
410	456	1011	0.60293331	-0.79013767
412	485	1012	0.41580351	1.7876703
412	493	1013	0.4034781	-0.84881926
416	423	1014	0.47040465	2.7713106
418	478	1015	0.42737897	-2.0369528
419	442	1016	0.13966692	2.5290755
420	435	1017	0.75356086	-1.0142855
421	480	1018	0.48207042	-1.3013624
422	454	1019	0.53154446	1.653597
430	495	1020	1.0332563	1.644106
434	465	1021	0.58698908	2.3107818
435	451	1022	0.50385729	2.9050266
438	449	1023	1.0289112	2.9448062
438	486	1024	0.43798998	-3.1179046
439	453	1025	0.86420266	1.4587146
439	467	1026	0.34254286	-2.4078547
444	445	1027	0.46653621	-1.0124832
444	494	1028	0.58764139	-3.025715
449	486	1029	0.60910191	-0.35469834
452	480	1030	0.33257869	1.4089516
453	467	1031	1.1433907	-1.8828688
456	480	1032	1.0193738	-1.1350646
470	498	1033	0.60920296	-2.5704616
471	479	1034	0.21117635	1.2836291
472	489	1035	0.59178582	-0.94921952
477	492	1036	0.47374374	-0.7294288
482	495	1037	1.4128638	-1.079112
484	488	1038	0.39307067	-1.1889884
488	498	1039	0.38380002	-0.27009371
140	1	1040	0.89002039	1.3742118
336	1	1041	0.80644341	1.4296389
386	1	1042	0.32074776	-2.1734991
448	1	1043	0.41504326	-1.4665799
32	2	1044	0.5290987	-0.62531613
89	2	1045	0.94422906	2.0301492
119	2	1046	0.74983213	-0.64716966
190	2	1047	1.0679365	2.1629794
330	2	1048	0.11334707	0.84160645
130	3	1049	0.75282012	-0.96615617
206	3	1050	2.1782573	1.1565439
437	3	1051	1.4366197	-2.3584599
25	4	1052	0.91884635	1.4601825
48	4	1053	0.59239273	2.1448635
318	4	1054	1.189342	-2.0437688
408	4	1055	0.31874639	-2.2616292
448	4	1056	0.40027311	-1.2623473
13	5	1057	0.4208791	-2.1696024
147	5	1058	0.90218239	1.6620186
414	5	1059	0.91030895	0.95477753
430	5	1060	1.2534456	-1.5550477
126	6	1061	0.1803104	1.5272955
431	6	1062	0.10961865	1.5028677
19	7	1063	0.67669111	-2.96735
65	7	1064	0.28999276	-1.8151803
92	7	1065	0.56149677	1.479502
409	7	1066	0.66906068	0.019492786
87	8	1067	0.49275165	-3.1117036
102	8	1068	0.0834964	-1.3492181
294	8	1069	0.97133292	-2.7906338
433	8	1070	0.68688038	-0.38388507
50	9	1071	0.63195395	-1.1922013
114	9	1072	0.44620117	1.0595358
253	9	1073	0.50534207	1.736743
480	9	1074	0.57012666	-1.0594407
265	10	1075	0.22741143	-1.699878
375	10	1076	0.27208679	2.3098902
417	10	1077	0.66571491	-2.9696581
13	11	1078	0.45517546	-0.95005912
30	11	1079	0.65336132	-1.5386752
147	11	1080	0.97122813	1.123834
372	11	1081	0.65976281	0.97005902
67	12	1082	0.30032549	-1.4500732
229	12	1083	1.0382789	2.1736841
240	12	1084	0.31454986	-2.8996025
491	12	1085	0.033140692	-0.5860785
71	13	1086	0.8498413	-1.5940168
147	13	1087	1.2556902	1.4470055
114	14	1088	0.61071685	-1.8095803
250	14	1089	0.14850085	2.9307815
254	14	1090	0.39071529	0.97657327
267	14	1091	0.69468256	-1.4857798
299	14	1092	0.74081991	1.5641229
51	15	1093	0.17130995	2.6303706
94	15	1094	0.32195859	0.85370247
34	16	1095	0.55735286	-2.1164093
85	16	1096	0.5570077	0.024144897
106	16	1097	0.89276062	0.95103429
182	16	1098	0.7047629	2.5469514
295	16	1099	0.46022544	2.0797183
195	17	1100	0.22227636	0.72111563
220	17	1101	1.3611537	-1.23797
255	17	1102	0.4734247	2.1081801
351	17	1103	0.89299763	1.9989723
362	17	1104	0.67077227	1.0507574
497	17	1105	0.66939039	2.2174961
41	18	1106	0.66292609	-0.3768655
101	18	1107	0.82453717	3.11468
150	18	1108	0.38598431	-0.64011276
157	18	1109	0.36077885	-2.5405032
65	19	1110	0.6184374	-0.26850152
92	19	1111	0.98621155	0.7558797
138	19	1112	0.69738614	1.7441738
258	19	1113	0.72753486	-2.5912684
261	19	1114	0.4747872	-2.9190003
375	19	1115	0.37184284	-0.17768847
137	20	1116	0.82631985	-1.5380648
219	20	1117	0.85264471	-0.81879236
271	20	1118	0.99422144	1.631793
326	20	1119	0.83446884	-2.1184172
144	21	1120	0.35502531	1.8273203
167	21	1121	0.43928155	0.60325549
189	21	1122	0.34446517	-0.24346394
88	22	1123	0.33962642	-0.96172041
171	22	1124	0.43613352	0.93738774
262	22	1125	0.53601603	-1.1838245
301	22	1126	0.42663018	-1.1489724
303	22	1127	0.13788177	-0.76949899
228	23	1128	0.72145428	1.1364377
372	23	1129	0.83318605	-1.6186215
443	23	1130	0.2380108	0.8159981
141	24	1131	0.34732689	-0.34262778
187	24	1132	0.20477006	2.4493555
198	24	1133	0.23047127	-0.3983605
477	24	1134	0.30605355	-0.29434922
48	25	1135	0.59323501	-2.3649325
63	25	1136	0.26269821	1.2421152
473	25	1137	0.58351412	1.6206131
121	26	1138	0.50137123	-1.5218396
130	26	1139	0.92294855	0.85705058
359	26	1140	0.28939287	-3.1246886
470	26	1141	0.37575757	0.56109847
105	27	1142	0.31300864	-0.92413675
385	27	1143	0.8654513	2.0464344
397	27	1144	0.54419492	2.092832
424	27	1145	0.86603885	-1.3711434
95	28	1146	0.51385865	-0.64960949
180	28	1147	0.077087383	1.0389566
420	28	1148	0.59952745	2.8784798
264	29	1149	0.496824	2.8056406
296	29	1150	0.41509108	-2.9142377
363	29	1151	0.40463619	0.1934232
71	30	1152	0.6095155	-1.194417
254	30	1153	0.99395244	-1.4779979
299	30	1154	0.58540242	-1.7802135
301	30	1155	0.41608025	3.0872472
372	30	1156	1.2479325	1.284892
229	31	1157	0.23225292	-0.036305236
240	31	1158	1.0712035	-1.0687941
284	31	1159	0.44886072	1.7013129
356	31	1160	0.57552075	-2.2782623
362	31	1161	0.91794825	2.2746801
454	31	1162	0.18311715	1.303406
89	32	1163	1.4335056	2.2034583
93	32	1164	0.87391415	-0.50380673
119	32	1165	0.22116218	-0.69947079
276	32	1166	0.40214531	2.0436103
291	32	1167	0.52165609	0.4945961
49	33	1168	0.91873254	-1.2578034
112	33	1169	0.75955779	1.2764932
206	33	1170	0.91017573	-2.6378071
220	33	1171	1.2534718	1.9477359
371	33	1172	0.66144716	-0.54501646
85	34	1173	0.97766588	0.52483353
138	34	1174	1.2757571	-1.9234733
154	34	1175	0.49271978	0.17062298
182	34	1176	0.91969248	1.8968179
309	34	1177	0.82889516	-1.6988874
45	35	1178	1.3939454	1.5877374
202	35	1179	0.8943569	-1.9197634
223	35	1180	0.85804406	1.6571276
252	35	1181	0.86351116	0.7049352
494	35	1182	0.71503571	-2.0846183
172	36	1183	0.39294369	-2.4809725
217	36	1184	0.76133461	0.33382068
249	36	1185	0.32997112	0.84940882
233	37	1186	0.46519796	2.0853862
429	37	1187	0.89356461	-2.4469392
457	37	1188	0.84206762	0.36780531
92	38	1189	0.98664193	-2.6610029
193	38	1190	0.50051271	-0.6738096
398	38	1191	1.4971078	1.5299555
469	38	1192	0.19817933	0.9470052
113	39	1193	0.36980531	-0.92288541
152	39	1194	0.74953994	-3.0889431
320	39	1195	0.64731701	-0.84071051
493	39	1196	0.64918138	-1.094442
108	40	1197	0.31835348	2.2900848
192	40	1198	0.42935966	-1.570182
213	40	1199	0.16307879	-0.55947693
472	40	1200	0.30458033	2.9288701
357	41	1201	0.35553276	-0.88541831
423	41	1202	0.75973327	-0.92862144
126	42	1203	0.33121549	2.520554
145	42	1204	1.0233473	1.624394
435	42	1205	1.3903806	-0.93330843
86	43	1206	0.60595997	0.33490157
171	43	1207	0.50839017	-2.1951837
315	43	1208	0.53985773	1.5438027
358	44	1209	1.1408989	-1.3250632
377	44	1210	0.94601004	2.0603757
449	44	1211	0.72754291	-2.0787642
455	44	1212	1.1598229	1.1109012
52	45	1213	0.46365924	-3.0541347
160	45	1214	1.0064877	2.262424
223	45	1215	0.54124582	-1.6639948
252	45	1216	1.0770697	-0.88594352
341	45	1217	0.86118618	-2.965164
358	45	1218	1.0849391	0.43270967
449	45	1219	0.9910904	1.2060643
188	46	1220	0.44496442	3.0189078
201	46	1221	0.91369405	-1.4161489
226	46	1222	0.54981678	1.5057817
396	46	1223	0.43568848	0.28379083
457	46	1224	0.57421417	-2.0921227
97	47	1225	0.34914448	-1.4767237
128	47	1226	0.97707799	2.6999461
191	47	1227	0.38129208	2.7794371
242	47	1228	0.38626481	-0.70724825
364	47	1229	0.14983671	-1.0812286
127	48	1230	0.67266528	1.3778658
401	48	1231	0.49340378	2.193101
408	48	1232	0.75249967	-1.4125267
53	49	1233	1.2714863	-1.7113271
74	49	1234	0.45341275	-0.69354315
371	49	1235	0.60173982	1.0816685
89	50	1236	1.1479205	-0.92238031
391	50	1237	0.546181	1.5866888
421	50	1238	0.41299491	-1.1366045
480	50	1239	0.10081473	1.1034685
94	51	1240	0.39440329	0.41454162
214	51	1241	0.33003905	0.86652633
333	51	1242	0.45253042	2.6779443
395	51	1243	0.34654887	3.0896661
463	51	1244	0.96004201	3.0510149
341	52	1245	0.40148018	-2.8623685
74	53	1246	1.103012	1.0729116
413	53	1247	0.15745349	0.27331745
488	53	1248	1.4093899	-2.1355997
496	53	1249	0.039228708	1.3903619
118	54	1250	0.58630743	-0.22306081
124	54	1251	0.67584517	2.0220678
251	54	1252	0.39026196	0.11429759
434	54	1253	0.48553329	-2.8643669
68	55	1254	0.59754531	-1.0274965
82	55	1255	0.69245018	1.9311429
245	55	1256	0.34130986	1.5486941
313	55	1257	0.51625776	-0.55869378
332	55	1258	0.65602339	2.6626927
394	55	1259	0.31112847	-1.2051392
422	55	1260	0.39628527	1.6089754
454	55	1261	0.13680054	-1.3584159
286	56	1262	0.82683655	2.8779413
292	56	1263	0.66021369	0.14438321
311	56	1264	0.29448708	0.14758174
328	56	1265	0.92851434	2.6985403
483	56	1266	0.142243	-2.8357776
83	57	1267	0.51369996	-2.8126475
186	57	1268	0.40920087	1.1910708
224	57	1269	0.28659788	-1.3212897
437	57	1270	0.61439165	1.6149235
387	58	1271	0.67400211	0.21073637
399	58	1272	0.6046508	1.5343623
441	58	1273	0.7963165	1.3663081
95	59	1274	0.5805938	0.26402494
290	59	1275	0.48111225	-0.75183114
420	59	1276	0.7517373	2.1758874
235	60	1277	0.4407659	0.71975699
366	60	1278	1.3452405	-2.1844899
67	61	1279	0.45069021	1.738524
210	61	1280	0.22510988	0.90613232
221	61	1281	0.15570687	-1.3743207
489	61	1282	0.27094202	2.9890221
141	62	1283	0.40319595	-2.1860551
169	62	1284	0.65349455	0.548043
170	62	1285	0.60172354	-0.63309009
290	62	1286	0.37056359	-2.1082669
361	62	1287	0.27184841	-2.5826485
477	62	1288	0.40260016	-2.295737
473	63	1289	0.35301853	1.8991836
354	64	1290	0.3249294	2.1178981
461	64	1291	0.068561332	0.75431512
265	65	1292	0.337021	-1.7991134
268	65	1293	0.30951473	-1.0031048
375	65	1294	0.25040781	2.7380133
409	65	1295	0.79558153	0.3790793
334	66	1296	0.30572457	-0.28170518
410	66	1297	0.3191416	2.8211899
435	66	1298	0.53058122	0.38253827
148	67	1299	0.24083678	-0.71787177
240	67	1300	0.40777638	2.5636693
489	67	1301	0.44680879	-2.0163494
110	68	1302	0.56720988	-1.1015024
239	68	1303	0.3268868	-2.4586846
313	68	1304	0.27050537	1.0743163
394	68	1305	0.29645581	2.3006318
426	68	1306	0.69359847	-1.4343372
121	69	1307	0.58395341	0.59348013
167	69	1308	0.23713281	-0.60653
490	69	1309	0.67876647	-3.1017512
77	70	1310	0.35363907	0.80324657
94	70	1311	0.22562144	-2.7719655
214	70	1312	0.35786213	3.1104195
293	70	1313	0.056817012	-0.24068033
254	71	1314	0.44292868	-1.8732352
430	71	1315	0.28231797	-0.19978347
495	71	1316	1.1422239	-1.2571748
90	72	1317	1.1122167	1.2596443
134	72	1318	0.50352648	-1.638392
305	72	1319	1.1419329	1.7525956
403	72	1320	0.97505911	0.48514643
152	73	1321	1.1502527	-0.38482786
297	73	1322	0.89592241	-3.0981679
352	73	1323	0.97287353	-2.7191749
433	73	1324	0.2765546	2.8092944
475	73	1325	0.79313958	-2.918061
75	74	1326	0.31616779	-0.064407361
216	74	1327	0.57124224	-1.1256381
216	75	1328	0.50007892	-1.7102963
237	75	1329	0.47746419	1.8849003
125	76	1330	0.76711143	0.63295164
232	76	1331	0.22932908	2.5906022
214	77	1332	0.65047308	-2.7581867
274	77	1333	0.39129433	1.0956793
490	77	1334	0.62255557	0.59406268
124	78	1335	0.47534779	-2.7726007
196	78	1336	0.39280374	0.83950427
104	79	1337	0.35375725	-1.0463749
227	79	1338	0.1853403	1.174932
250	79	1339	0.12736378	-0.12348416
253	79	1340	0.55887912	-1.888586
434	79	1341	0.32817896	0.97823301
487	79	1342	0.12743386	0.73822996
87	80	1343	1.1524247	0.49082452
235	80	1344	0.83447459	-2.4272748
249	80	1345	0.65160728	0.96418005
294	80	1346	0.63743017	0.35904799
327	80	1347	1.054238	-2.4337404
360	80	1348	0.20555108	3.0006131
155	81	1349	0.60827185	-2.1280227
175	81	1350	0.41912497	1.5574268
274	81	1351	0.68385893	-0.26313291
245	82	1352	0.39679842	-0.88365841
332	82	1353	0.48351072	-2.3450588
364	82	1354	1.3605129	2.223915
459	82	1355	0.52963703	2.5903867
175	83	1356	0.85676985	2.8839187
224	83	1357	0.56803156	-0.19806863
274	83	1358	0.41660147	-2.0010548
437	83	1359	0.90483608	1.0387074
490	83	1360	0.41181114	-1.1634901
306	84	1361	0.86635374	3.046804
373	84	1362	0.2092875	-0.85406514
415	84	1363	1.2114534	-0.17989585
106	85	1364	0.71430162	1.624431
154	85	1365	0.54312238	-2.2966588
398	85	1366	0.5496309	0.48124017
244	86	1367	0.70949769	-0.98180894
337	86	1368	0.82472644	0.78357276
378	86	1369	0.79077647	1.4279474
453	86	1370	0.49001599	0.18646059
102	87	1371	0.51522106	-0.12988086
249	87	1372	0.6449472	-3.1294201
269	87	1373	0.98938728	-0.075217355
294	87	1374	0.52721643	-2.4912287
171	88	1375	0.63330987	1.4698181
280	88	1376	0.29522818	-2.0472927
287	88	1377	0.11654394	-2.0522293
190	89	1378	0.18184895	2.9212661
276	89	1379	1.0384616	-0.87645725
399	89	1380	0.79384902	1.7827258
421	89	1381	0.74952603	2.3366204
197	90	1382	1.0052427	0.087263731
439	90	1383	0.7004267	2.1317997
278	91	1384	0.43444474	1.4981558
283	91	1385	0.63947351	-2.7803458
369	91	1386	0.66655744	0.45461811
467	91	1387	0.49064077	-1.2093664
138	92	1388	0.83800644	3.1291108
187	93	1389	0.044251583	-0.52826716
286	93	1390	0.9377079	-0.57527084
291	93	1391	0.73620472	1.9997326
328	93	1392	0.81492668	-0.41369643
331	93	1393	0.30471274	-0.57396597
204	94	1394	0.17275706	-0.18861653
214	94	1395	0.17402661	2.5800788
343	94	1396	0.14427674	0.54255755
169	95	1397	0.5673285	0.32042889
180	95	1398	0.52849014	2.3466187
290	95	1399	0.5236445	-1.9814664
420	95	1400	1.0927849	2.7002876
111	96	1401	0.55893998	0.058057125
219	96	1402	0.56407721	-2.2315117
321	96	1403	0.39768142	1.1566591
143	97	1404	0.32033913	2.7255239
191	97	1405	0.62015072	2.2495729
242	97	1406	0.27814715	0.35479302
259	97	1407	0.4959373	-3.0388163
307	97	1408	0.64959199	-1.2444322
157	98	1409	0.34507854	2.4263853
320	98	1410	0.5626645	-0.87186815
416	98	1411	0.71569182	-0.35951427
118	99	1412	0.59933231	1.1021579
275	99	1413	1.1644939	-1.2568925
347	99	1414	0.68576375	-1.9822057
465	99	1415	0.38497748	2.8840611
138	100	1416	0.11860308	-2.060554
157	101	1417	0.57322484	-0.40568687
266	101	1418	0.23209603	-3.0518913
363	101	1419	1.2360663	3.0393777
433	102	1420	0.64303443	-0.27691559
219	103	1421	0.53314454	-2.0272961
321	103	1422	0.4278069	0.88424319
227	104	1423	0.48878131	1.7886914
253	104	1424	0.41739298	-2.5731873
391	104	1425	0.76539859	-1.6275119
406	104	1426	0.64829017	-1.1307437
465	104	1427	0.42729013	0.34614082
176	105	1428	0.91439567	-1.1408631
234	106	1429	1.289541	2.0223896
295	106	1430	0.81070762	-2.7293519
398	106	1431	0.69764034	-0.71780684
429	106	1432	0.4636939	1.2409977
218	107	1433	0.36271742	1.2961892
374	107	1434	0.2983438	-3.0165695
466	107	1435	0.59910038	0.17862363
148	108	1436	0.55379406	1.6768465
209	108	1437	0.19865524	0.87507424
213	108	1438	0.47684468	-0.75288829
221	108	1439	0.17495339	2.4466902
472	108	1440	0.1960316	-2.0361554
194	109	1441	0.34454201	0.71912345
236	109	1442	0.23026763	0.30585615
407	109	1443	0.82046991	0.89823009
460	109	1444	0.33805197	0.03598253
484	109	1445	0.51024189	-2.8611941
282	110	1446	0.76156992	-0.69871513
313	110	1447	0.75461246	1.7408052
426	110	1448	0.2432189	-2.300657
321	111	1449	0.51803473	2.446872
335	111	1450	0.77610552	-1.7922513
344	111	1451	0.21759402	-0.90946067
220	112	1452	0.8105934	2.5699066
240	112	1453	0.7394295	1.128587
285	112	1454	0.69064225	-0.82620052
371	112	1455	1.1241574	-1.2585961
489	112	1456	0.46735008	0.090746636
412	113	1457	0.67707698	-1.0427585
485	113	1458	1.0804389	-1.1608602
250	114	1459	0.6244633	1.5720226
267	114	1460	0.2261518	-0.4520476
452	114	1461	0.56968797	-1.3688381
480	114	1462	0.88841666	-1.5024405
262	115	1463	0.090474886	1.2857517
280	115	1464	0.12531026	2.7971877
317	115	1465	0.10420569	-2.1500224
149	116	1466	0.7649811	1.2275071
194	116	1467	0.62865301	1.3208739
349	116	1468	0.64514169	3.1205641
460	116	1469	0.45857355	1.0350615
466	116	1470	0.94333178	-2.5688115
271	117	1471	0.73053916	-2.9720681
307	117	1472	0.38544642	-0.49309962
134	118	1473	1.1972603	1.3261374
179	118	1474	1.1237152	-1.2807978
251	118	1475	0.2534348	2.3836992
341	118	1476	0.82412586	-0.13654591
440	118	1477	0.80056656	1.7958182
465	118	1478	0.77724002	-2.5450175
187	119	1479	0.70246202	-0.44410171
432	119	1480	0.47231173	-0.39129674
296	120	1481	0.8688631	0.68383169
324	120	1482	0.095057481	-0.17117893
369	120	1483	1.1326407	-2.7797175
167	121	1484	0.54486837	-2.1304386
224	121	1485	0.77347151	-3.0285293
302	121	1486	0.77598775	0.42205872
436	121	1487	0.42012881	-1.4526929
470	121	1488	0.75974344	1.1740104
169	122	1489	1.4978194	-0.67554884
435	122	1490	0.75579954	-3.1300584
451	122	1491	0.29461077	-2.6966426
482	122	1492	1.4853622	2.2661366
257	123	1493	0.77290642	2.1196587
329	123	1494	1.1199704	0.74826692
414	123	1495	1.7454774	-2.1059192
474	123	1496	1.1871801	0.87898937
196	124	1497	0.84445723	0.58146183
287	124	1498	0.49598351	2.5335501
434	124	1499	0.76082882	-1.7991769
440	124	1500	0.68920724	0.061696534
131	125	1501	0.66142365	0.43545578
241	125	1502	0.44732988	1.6384219
349	125	1503	0.14429508	1.0211749
207	126	1504	0.039228708	1.3903619
267	126	1505	0.83943206	2.0811439
431	126	1506	0.070775114	-1.5764574
325	127	1507	0.55312627	2.0725015
338	127	1508	0.92775299	1.3108649
401	127	1509	0.49067923	-2.5848749
200	128	1510	0.28651164	-0.52563848
310	128	1511	0.27419789	-2.5958556
425	128	1512	0.25924322	3.105148
156	129	1513	0.86147037	-1.6002344
162	129	1514	0.83033919	0.41490339
277	129	1515	1.0390887	-0.39174469
388	129	1516	1.0637559	2.7204295
359	130	1517	1.136695	-2.4753016
470	130	1518	0.57408425	-2.092468
488	130	1519	0.6549283	-0.42628101
498	130	1520	0.28218774	-0.63945773
177	131	1521	0.41642667	0.99675635
468	131	1522	0.4485863	1.5439024
166	132	1523	0.074283302	-2.5895401
318	133	1524	0.10845804	-2.0120754
353	133	1525	0.50832984	1.7748708
408	133	1526	0.77250474	1.1826595
468	133	1527	0.72295592	-2.557115
160	134	1528	0.81057058	-0.44297025
196	134	1529	0.45263135	3.0528879
244	134	1530	0.64110943	1.8589173
438	134	1531	0.71874721	0.006164613
440	134	1532	0.60411056	-2.4586904
453	134	1533	1.2989359	1.6438359
181	135	1534	1.0925473	-0.80591696
330	135	1535	0.3970208	2.8084127
334	135	1536	0.36466564	1.7529273
420	135	1537	0.53056096	0.0034418097
460	136	1538	0.54220484	0.29611996
484	136	1539	0.30957988	3.1259047
219	137	1540	0.59139782	0.35069048
326	137	1541	0.47525081	2.9005786
355	137	1542	0.93015503	-2.0399867
376	137	1543	0.55414685	-1.0759062
261	138	1544	0.8627562	-1.9793619
263	138	1545	1.0849318	1.7416503
309	138	1546	0.50279144	0.84218194
380	139	1547	0.4807223	2.2809315
454	139	1548	0.69605778	-1.3631214
336	140	1549	0.095862379	-2.2521934
384	140	1550	0.28472479	2.0777344
170	141	1551	0.71832197	-0.037239081
198	141	1552	0.11791444	2.9080579
316	141	1553	0.52842187	-0.90541171
331	141	1554	0.28672999	2.7695142
477	141	1555	0.044172483	2.458025
255	142	1556	0.96207513	-1.0592145
320	142	1557	0.65403656	1.9846119
493	142	1558	0.64179544	2.2377906
191	143	1559	0.36612272	1.8370869
259	143	1560	0.26953887	-2.4085795
310	143	1561	0.98932256	2.6194197
345	143	1562	0.87625041	2.7835964
167	144	1563	0.46153601	-0.20552788
490	144	1564	0.42147191	3.1085062
254	145	1565	1.0300755	2.0389743
482	145	1566	1.2046922	-0.96446236
495	145	1567	0.25628853	1.4947331
231	146	1568	0.20374416	0.20323812
265	146	1569	0.58532218	0.10967144
393	146	1570	0.52457128	2.8589851
417	146	1571	0.1813148	1.8205831
228	147	1572	1.1925917	1.3194737
443	147	1573	0.69186148	1.343299
209	148	1574	0.43947312	-1.1339201
210	148	1575	0.11356324	-1.2788461
491	148	1576	0.47762735	1.9798183
177	149	1577	0.25213028	-2.2180094
318	149	1578	0.27509642	0.80572422
468	149	1579	0.38014526	-2.8688627
200	150	1580	0.21911727	-0.73977226
201	151	1581	1.0404224	0.68956881
398	151	1582	1.008739	-2.3669701
246	152	1583	1.2762317	-0.85185916
433	152	1584	1.4264997	2.7669442
225	153	1585	0.25581111	1.3518764
250	153	1586	0.30455405	-1.3092422
317	153	1587	0.73932555	1.7334535
479	153	1588	0.6589551	1.9518187
214	155	1589	0.32227748	-0.90228081
405	155	1590	0.76127504	2.1368202
277	156	1591	1.0896334	0.44025724
306	156	1592	0.85966	-2.2477737
266	157	1593	0.78520948	2.8768855
320	157	1594	0.90511982	-0.81234981
243	158	1595	0.908863	-2.6215754
360	158	1596	0.19848514	-2.6755415
474	158	1597	0.74835307	-0.58095514
328	159	1598	0.060584509	-2.6537508
382	159	1599	0.77389526	-0.10911375
464	159	1600	0.53468722	2.0443969
449	160	1601	1.0067915	0.15023808
486	160	1602	0.55786639	0.70669444
357	161	1603	0.15595852	1.9917726
423	161	1604	0.25307751	-0.85402242
260	162	1605	1.2497239	2.7010416
289	162	1606	0.7559679	-0.46233979
425	162	1607	0.96490789	-0.0030153475
320	163	1608	0.87532096	2.8033475
362	163	1609	1.0856855	-1.1088132
367	163	1610	0.53262576	-0.63904572
380	163	1611	0.8063274	-0.59122044
423	163	1612	0.30950044	1.829844
360	164	1613	0.2036732	-1.4246509
178	165	1614	0.37454881	2.474494
239	165	1615	0.36953637	1.7923507
322	165	1616	0.47539146	-1.2918373
339	165	1617	0.32014201	-2.7167391
426	165	1618	0.29262995	-0.42390143
173	166	1619	1.2533706	1.3225168
182	166	1620	0.94966692	-1.349632
295	166	1621	1.0806816	-1.0175179
340	166	1622	1.2611098	-2.9777571
447	166	1623	1.0752091	-2.0274253
189	167	1624	0.33338586	-1.6531931
235	168	1625	0.19605293	-0.32882179
270	168	1626	0.19770894	-0.53136275
278	168	1627	0.15253354	-1.6421197
175	169	1628	1.2507286	0.071056632
405	169	1629	0.55117854	-0.37913149
333	170	1630	0.73088442	-0.66692366
405	170	1631	0.7644821	0.69998917
215	171	1632	0.66371465	1.5195418
287	171	1633	0.74278228	-1.730072
315	171	1634	1.0018751	1.2543487
458	171	1635	0.56289719	1.4367161
270	172	1636	0.79742336	-2.2307117
234	173	1637	0.78429139	-0.97531848
355	173	1638	0.9655658	0.75957257
404	173	1639	1.179168	2.6839567
411	173	1640	0.77050288	2.1553692
428	173	1641	0.83520481	0.36670182
305	174	1642	0.17966642	-2.2833586
439	174	1643	0.39690446	1.4270467
453	174	1644	0.46766607	-1.6560031
405	175	1645	0.79167019	-2.7627487
437	175	1646	1.4046124	0.41117852
258	176	1647	0.29746454	-0.45852137
468	177	1648	0.23574569	2.7094015
239	178	1649	0.24893923	0.54364959
339	178	1650	0.36370438	-1.5637247
444	179	1651	1.0603582	-1.1517876
445	179	1652	0.60183798	-1.2596344
451	180	1653	0.80655618	2.2815709
361	181	1654	0.51259524	0.033881124
477	181	1655	0.49594105	-0.28584365
492	181	1656	0.21440618	0.96199435
263	182	1657	1.0526024	-1.8902516
295	182	1658	0.35962136	0.019702093
346	183	1659	0.78996775	0.2394636
439	183	1660	0.95687086	-2.6752879
467	183	1661	0.63301006	-2.818778
372	184	1662	0.56267257	-1.8367774
383	184	1663	0.44723757	1.4723003
304	185	1664	0.94747526	2.4072975
314	185	1665	0.70505753	-0.88930445
319	185	1666	0.72976818	-3.041602
373	185	1667	0.85553298	1.5645474
411	185	1668	1.0548698	-1.4188796
359	186	1669	0.38111627	-0.19709648
437	186	1670	0.2942739	2.2237394
432	187	1671	0.23215096	2.5899016
492	187	1672	0.13686978	0.7797719
226	188	1673	0.68708774	0.80275109
233	188	1674	0.9698914	-2.6588688
247	189	1675	0.76759971	-2.8682767
374	189	1676	0.72139073	0.69326135
436	189	1677	0.52543537	0.79965694
476	189	1678	0.22251501	-2.4635129
421	190	1679	0.60624599	2.1703062
456	190	1680	0.057430447	2.3446068
310	191	1681	0.77394444	2.9594096
209	192	1682	0.82548633	1.6711295
213	192	1683	0.36952246	1.1882089
281	192	1684	0.28861071	2.0109175
384	192	1685	0.60788717	-1.7925004
473	192	1686	0.30545839	-2.1818091
230	193	1687	0.051518351	-2.4720697
232	193	1688	0.68111769	-2.1094164
241	193	1689	0.47619676	0.42266079
279	193	1690	0.38695509	0.36162151
365	193	1691	0.98008358	0.67279441
409	193	1692	0.94670954	-2.3250579
236	194	1693	0.16253249	-1.8172147
312	194	1694	0.49144063	0.52093744
318	194	1695	0.42598321	0.81384313
460	194	1696	0.22872838	-1.2199818
356	195	1697	0.80118566	-1.0675132
244	196	1698	0.63429989	1.1333973
440	196	1699	0.42169528	-1.6129808
370	197	1700	0.81886431	0.41765911
377	197	1701	0.45678678	-0.96297829
215	199	1702	0.23094342	-1.7632258
458	199	1703	0.33169169	-1.5796076
357	200	1704	0.39596609	-0.36395706
364	200	1705	0.81442688	-0.52202905
425	200	1706	0.52955164	2.8480809
325	201	1707	0.60383641	0.52565356
396	201	1708	1.0616949	1.3063275
401	201	1709	0.57696605	-0.87068098
457	201	1710	0.58821114	2.3824754
203	202	1711	0.62604615	-2.0518467
300	202	1712	1.0946993	-1.0190196
444	202	1713	0.64692556	2.907909
494	202	1714	0.22247801	1.7774145
300	203	1715	0.94232756	-0.41187934
402	203	1716	0.52309648	-2.5148248
444	203	1717	0.78237716	2.0198836
247	204	1718	0.91129696	0.076081053
258	204	1719	0.34566488	1.3003629
292	204	1720	0.54759207	2.7798485
343	204	1721	0.116418	1.978274
393	204	1722	0.33713863	1.1199792
446	204	1723	0.65995467	-3.0779598
215	205	1724	0.077950676	-0.56869286
248	205	1725	0.56832688	-1.3523219
366	205	1726	0.96070013	0.78135662
220	206	1727	1.6395939	1.3645779
431	207	1728	0.10961865	-1.638725
403	208	1729	0.14803636	-1.7215809
281	209	1730	0.56167473	-1.6425677
323	209	1731	0.084552232	-1.586311
491	209	1732	0.91701168	1.993166
221	210	1733	0.34726919	-1.8884042
237	211	1734	0.59437971	-1.8045927
285	211	1735	0.44676243	2.161679
384	211	1736	0.69589651	-1.1918766
472	211	1737	0.44988063	1.3623122
216	212	1738	1.3615398	1.0344648
222	212	1739	0.58347994	-2.3414717
348	212	1740	0.34861783	-1.2938294
462	212	1741	0.67485481	0.92684306
488	212	1742	0.95685346	-2.6237267
458	215	1743	0.11280802	-1.1965061
237	216	1744	0.95252229	1.6527596
342	216	1745	0.24502648	0.91047693
384	216	1746	0.93634411	1.2252602
386	216	1747	0.51477767	-1.3758623
462	216	1748	0.69438346	-2.002544
249	217	1749	0.50138787	-3.1382356
264	217	1750	0.54607758	-0.19512299
288	217	1751	0.55560427	-0.3171169
302	218	1752	0.27506413	1.2933086
374	218	1753	0.55206944	-2.3664964
436	218	1754	0.74922439	-2.4625738
376	219	1755	0.75009515	-1.9709675
356	220	1756	0.73939389	1.4233175
472	221	1757	0.29093675	-1.4105698
489	221	1758	0.35568331	2.5650649
348	222	1759	0.50865354	0.16446752
484	222	1760	0.5037809	-2.1564621
488	222	1761	0.42847666	-3.0127434
299	225	1762	0.23989623	0.76321385
381	226	1763	0.61929813	2.6155921
396	226	1764	0.57304376	-0.83987109
434	227	1765	0.15082654	0.73570838
243	228	1766	1.1955396	1.097727
327	228	1767	0.90525093	0.90570189
383	228	1768	0.52125722	-1.8658138
443	228	1769	0.50119765	-1.8550107
273	229	1770	0.2716832	2.0222388
454	229	1771	0.2607526	2.3526082
247	231	1772	0.14165562	-1.1454208
265	231	1773	0.38294265	0.059941522
393	231	1774	0.71113117	2.9931738
268	232	1775	1.0936439	-2.4929914
374	232	1776	0.25609793	-2.1683322
409	232	1777	0.31687219	-2.8029832
368	233	1778	0.85615116	1.4369266
428	233	1779	1.0820534	2.4460569
429	233	1780	1.0787764	-2.0087997
428	234	1781	1.0077554	1.2269094
429	234	1782	1.0143544	-0.79142134
327	235	1783	0.21984707	-2.4582841
312	236	1784	0.61549555	0.71216317
407	236	1785	0.64243182	1.0997142
285	237	1786	0.95571228	1.6874003
371	237	1787	0.45244655	2.1141769
384	237	1788	0.40098898	-0.17122413
286	238	1789	0.66510407	2.8550249
311	238	1790	0.45184719	0.035025588
316	238	1791	0.57568055	3.1193879
446	238	1792	0.68805	-0.24703664
463	238	1793	0.231195	-2.3412401
344	239	1794	0.49560203	2.3113176
394	239	1795	0.43087018	1.440649
489	240	1796	0.64343931	-1.3371108
365	241	1797	0.53193113	0.89624681
364	242	1798	0.25278261	2.6526188
459	242	1799	0.70115242	-1.351716
257	243	1800	0.33189679	-0.70059043
360	243	1801	0.71074745	0.53508122
453	244	1802	0.68637513	1.4431396
485	246	1803	0.63038417	-0.47084399
497	246	1804	1.2088838	-0.71516339
265	247	1805	0.35768881	0.43882133
268	247	1806	0.60746085	0.36931897
476	247	1807	0.56984259	0.11892974
301	248	1808	0.90779036	-1.764757
372	248	1809	0.65695417	0.4468816
264	249	1810	1.0423211	-0.10013094
487	250	1811	0.10641617	1.8775709
440	251	1812	0.60619873	1.5618264
308	252	1813	1.1833955	-1.0118512
340	252	1814	0.94424652	-0.23971586
358	252	1815	1.3244282	1.339483
391	253	1816	0.62140552	-1.0515167
299	254	1817	0.46867239	2.0445064
495	254	1818	0.82160245	-0.94039619
485	255	1819	0.81507882	2.2498324
497	255	1820	0.20539184	2.4716949
360	256	1821	0.21962095	-2.5537953
474	256	1822	0.76229067	-0.62062874
261	258	1823	0.3172568	1.0529528
292	258	1824	0.62034033	-2.9150978
393	258	1825	0.062083322	-0.49783287
417	258	1826	0.51348949	-0.00046887082
424	258	1827	0.7577569	2.6407903
271	259	1828	0.61921029	-2.1872922
345	259	1829	0.78893978	2.475681
296	260	1830	0.79776512	-2.7098596
388	260	1831	0.74001727	-2.5169733
389	260	1832	0.71395842	-2.5831199
280	262	1833	0.15014383	-2.8405866
299	262	1834	0.55591994	-1.0715488
317	262	1835	0.19258886	-2.013381
392	263	1836	0.11961829	-1.2499845
447	263	1837	1.0232292	1.9218147
269	264	1838	0.59558318	0.0633346
288	264	1839	0.067827433	-1.6862593
268	265	1840	0.25186355	0.27053272
417	265	1841	0.63649045	2.9653081
269	266	1842	1.2987116	2.9316788
298	266	1843	0.8822662	-0.56778176
452	267	1844	0.46789852	-1.76253
409	268	1845	0.79775296	0.77006775
363	269	1846	0.29858251	-0.42717792
369	270	1847	0.43137206	-0.46274144
277	271	1848	1.2438084	2.6361449
415	271	1849	1.0010201	-2.162284
300	272	1850	0.95561117	1.9485778
382	272	1851	0.89649566	-0.99631591
464	272	1852	0.56011486	-2.7908077
454	273	1853	0.0882122	-2.4024332
490	274	1854	0.33690102	0.0015143512
347	275	1855	0.79447767	2.4943694
387	275	1856	0.85173313	-1.5768556
444	275	1857	0.77668142	-0.5457098
461	276	1858	0.41989898	0.41545026
289	277	1859	0.61815405	0.69160371
283	278	1860	0.91173288	-2.3332477
369	278	1861	0.5844869	-0.24293688
365	279	1862	0.62307955	0.86410535
471	280	1863	0.04509228	-1.672846
479	280	1864	0.25563298	-1.8254903
282	281	1865	1.0818415	1.5855627
323	281	1866	0.47727993	1.4890639
338	281	1867	0.091806949	2.6055897
400	281	1868	0.59681594	2.3469168
473	281	1869	0.51396282	-1.6726887
315	283	1870	1.2371917	-2.0944051
378	283	1871	0.63132772	-1.488822
362	284	1872	0.59315072	2.6976868
380	284	1873	0.85240976	1.9940599
454	284	1874	0.28889899	-1.1921326
371	285	1875	0.57519247	-1.7858431
489	285	1876	0.55023041	1.5755283
328	286	1877	0.18703297	1.7896053
434	287	1878	1.050982	-1.3454502
296	288	1879	0.20332139	-1.2064302
310	289	1880	0.36233266	0.52790904
345	289	1881	0.34981315	-0.01110724
425	289	1882	0.44143571	0.85911937
379	291	1883	0.27925556	-0.21369376
402	291	1884	0.70472065	1.9359504
461	291	1885	0.380718	2.3157219
311	292	1886	0.36572933	-2.9997849
382	292	1887	0.71357734	2.7878631
424	292	1888	0.50671652	1.6898936
446	292	1889	0.27755438	-2.1266915
483	292	1890	0.80093365	-2.9686602
360	294	1891	0.8237321	-2.9024721
324	296	1892	0.80966884	-2.369055
389	296	1893	0.12712327	-0.35762385
433	297	1894	0.6466717	0.20100333
474	297	1895	1.0240166	-2.6711144
320	298	1896	0.74549607	-0.54740827
301	299	1897	0.66376063	2.0292694
385	300	1898	0.91116508	0.25899184
390	300	1899	0.64859838	-2.5388303
303	301	1900	0.30289473	1.8231853
436	302	1901	0.98682084	-2.3012162
484	302	1902	0.6616071	0.37933451
488	302	1903	0.76872754	0.91606018
319	304	1904	0.70808515	-1.6030143
455	304	1905	0.64560237	-3.0150252
453	305	1906	0.33903246	-1.3396769
370	306	1907	0.82212793	-3.093842
373	306	1908	1.0283	-0.23535897
455	306	1909	0.64466676	-2.1431286
321	307	1910	0.75180676	-1.4512695
332	307	1911	0.67514308	-1.0802324
459	307	1912	0.20678831	0.13356101
340	308	1913	0.83122851	1.2148032
385	308	1914	1.1040388	-1.6946844
447	308	1915	1.0600207	0.018637694
345	310	1916	0.18999768	-1.3759526
425	310	1917	0.15376496	1.732142
446	311	1918	0.28348301	-0.70669824
448	312	1919	0.91197885	0.95122173
350	313	1920	0.32862766	-0.49978363
454	313	1921	0.43220298	2.8118906
491	313	1922	0.99846961	-1.1682836
326	314	1923	0.92790415	0.53147299
411	314	1924	0.57107101	-2.0923349
458	315	1925	0.45978857	-2.111138
331	316	1926	0.78891512	2.4220285
463	316	1927	0.45139541	-0.4070002
479	317	1928	0.17203993	-2.3868186
408	318	1929	0.88082851	1.1761191
448	318	1930	0.94806548	0.79590709
468	318	1931	0.6327163	-2.6461037
404	319	1932	1.1204091	-1.3429066
455	319	1933	0.87955754	2.3492851
351	320	1934	1.1965789	-1.0401858
416	320	1935	0.35613892	0.52643467
332	321	1936	0.27378225	0.58385565
419	321	1937	0.28943158	0.17537087
442	321	1938	0.40037878	-0.074499536
339	322	1939	0.53313895	2.4859088
396	322	1940	0.70002924	-1.4722082
400	322	1941	0.78964483	-0.91901083
426	322	1942	0.36301823	1.1873018
346	324	1943	0.77731914	-1.8451189
369	324	1944	1.2154701	-2.8194698
388	324	1945	0.84444921	0.5848231
389	324	1946	0.87150683	0.64021875
396	325	1947	0.76217006	1.8977701
400	325	1948	0.80774645	1.3646863
401	325	1949	0.7593164	-1.770421
355	326	1950	0.94396178	-1.5274214
415	326	1951	0.89307777	1.7786543
360	327	1952	0.9312639	0.87427373
383	327	1953	1.4039352	-2.1011955
464	328	1954	0.53896524	1.9317613
483	328	1955	0.82999579	-0.55999445
474	329	1956	0.16494123	1.9656875
475	329	1957	1.0829284	0.45871915
410	330	1958	0.5042392	2.1773512
456	330	1959	1.1030134	2.2721825
442	332	1960	0.24868957	-0.81349899
459	332	1961	0.63324564	1.75041
395	333	1962	0.19350102	-1.2627252
420	334	1963	0.69516415	-0.53899242
435	334	1964	0.34574315	0.95905868
381	335	1965	0.55692876	-1.568344
478	335	1966	0.43791908	1.1027157
384	336	1967	0.3326118	1.8070537
386	336	1968	1.1029185	-1.8418289
378	337	1969	0.51254884	2.7394271
453	337	1970	0.50188631	-1.7769022
467	337	1971	0.64650258	1.1765222
400	338	1972	0.50860584	2.300727
381	339	1973	0.5125663	-2.5541414
384	342	1974	0.70743675	1.3327029
386	342	1975	0.70037771	-1.643075
418	344	1976	0.64915953	-2.0488055
419	344	1977	0.60627435	1.9897204
442	344	1978	0.49169485	1.8433137
478	344	1979	0.22186841	-2.0716383
370	346	1980	0.93588753	-1.0066577
427	346	1981	0.85428521	2.8366101
406	347	1982	0.2238811	-3.1197047
441	347	1983	0.70436666	-1.3833542
465	347	1984	0.73317888	1.7049221
386	348	1985	1.2212692	0.96030685
466	349	1986	0.54523175	-1.8452591
491	350	1987	0.76807839	-1.4366843
362	351	1988	0.74080208	-0.31609796
474	352	1989	0.92636255	-3.0288203
475	352	1990	0.25045148	1.0984414
365	353	1991	1.1121263	-2.3862918
401	353	1992	1.3613076	1.5787496
387	354	1993	0.79661376	2.0391272
402	354	1994	0.2695848	0.58038575
461	354	1995	0.31798312	-0.81109597
428	355	1996	0.37399725	-1.3565525
362	356	1997	1.1582793	1.761933
364	357	1998	0.4279609	-0.668195
423	357	1999	0.40482359	-0.96656151
404	358	2000	1.187894	0.36884096
449	358	2001	0.78770829	2.5007534
437	359	2002	0.63274691	2.6325337
477	361	2003	0.16138093	-1.7988368
468	365	2004	0.33763771	-0.40911416
383	366	2005	0.22904954	0.1776573
422	367	2006	0.92105423	-0.77983423
423	367	2007	0.79834147	2.2585698
376	368	2008	0.64895079	2.1235544
381	368	2009	0.79805621	0.53497445
428	368	2010	0.95762063	-2.9788967
427	369	2011	0.16642382	-0.69783889
467	369	2012	0.86365013	-2.0857698
377	370	2013	0.85894831	-2.1744913
455	370	2014	0.68958132	-0.81682962
383	372	2015	1.0064174	1.3789637
415	373	2016	1.0560651	-0.055866575
476	374	2017	0.94388614	-2.4519101
428	376	2018	0.93035901	-2.2776996
403	377	2019	0.80516272	-2.7372831
455	377	2020	0.98119123	0.2098898
390	379	2021	0.36079288	0.88552865
422	380	2022	0.66081921	-0.8957748
418	381	2023	0.56597817	1.5635099
450	381	2024	0.039228708	1.3903619
424	382	2025	0.6607741	0.3977454
483	382	2026	0.40314635	-1.8719689
473	384	2027	0.3453289	1.6914696
397	385	2028	0.32283023	-1.1734225
407	386	2029	0.86537311	-2.1572524
462	386	2030	0.41000748	-2.8301592
402	387	2031	0.81193682	-0.76622074
441	387	2032	0.80955469	2.2324153
389	388	2033	0.054680075	1.6658906
402	390	2034	0.8710978	2.6145614
464	390	2035	0.79907888	-1.1023592
406	391	2036	0.36560702	0.50736879
481	391	2037	0.41430056	-0.60695678
417	393	2038	0.45988289	0.063984772
463	395	2039	0.61389803	3.0291997
400	396	2040	0.41584219	0.16635983
429	398	2041	0.97288087	1.9668619
406	399	2042	0.8890928	1.8155051
481	399	2043	0.48906517	1.9801423
426	400	2044	1.0236568	1.9126616
444	402	2045	1.0150934	1.4879444
461	402	2046	0.37843202	-1.5878261
411	404	2047	0.64420892	0.18984907
465	406	2048	0.7422296	1.4005069
481	406	2049	0.41446544	-1.5207078
456	410	2050	0.60293331	2.351455
485	412	2051	0.41580351	-1.3539223
493	412	2052	0.4034781	2.2927734
423	416	2053	0.47040465	-0.37028209
478	418	2054	0.42737897	1.1046398
442	419	2055	0.13966692	-0.61251717
435	420	2056	0.75356086	2.1273072
480	421	2057	0.48207042	1.8402303
454	422	2058	0.53154446	-1.4879956
495	430	2059	1.0332563	-1.4974867
465	434	2060	0.58698908	-0.83081086
451	435	2061	0.50385729	-0.23656604
449	438	2062	1.0289112	-0.19678642
486	438	2063	0.43798998	0.023688094
453	439	2064	0.86420266	-1.6828781
467	439	2065	0.34254286	0.73373796
445	444	2066	0.46653621	2.1291094
494	444	2067	0.58764139	0.11587761
486	449	2068	0.60910191	2.7868943
480	452	2069	0.33257869	-1.7326411
467	453	2070	1.1433907	1.2587238
480	456	2071	1.0193738	2.0065281
498	470	2072	0.60920296	0.57113101
479	471	2073	0.21117635	-1.8579636
489	472	2074	0.59178582	2.1923731
492	477	2075	0.47374374	2.4121639
495	482	2076	1.4128638	2.0624807
488	484	2077	0.39307067	1.9526043
498	488	2078	0.38380002	2.8714989
