label	xPos	yPos	vote	north
0	0	0	0	0
1	-2.243346	3.732088	0	0
2	-0.7893309	4.57843	0	0
3	0.108199	-0.5619782	0	0
4	4.502463	3.916823	0	0
5	-3.064077	-3.577467	0	0
6	2.579735	1.907617	0	0
7	-3.91345	-1.63952	0	0
8	0.8645629	4.723559	0	0
9	-3.72503	3.362387	0	0
10	-2.162608	-2.931168	0	0
11	4.571	-2.644412	0	0
12	-3.315902	1.182893	0	0
13	-3.803166	2.333949	0	0
14	4.706621	-3.121867	0	0
15	-1.820972	5.659531	0	0
16	2.79299	5.135457	0	0
17	5.910311	-0.08709996	0	0
18	-5.620157	-1.436515	0	0
19	-3.476886	-4.920793	0	0
20	-2.454629	2.976492	0	0
21	4.965995	3.009142	0	0
22	-1.945725	-2.546869	0	0
23	-1.361406	-4.606786	0	0
24	-2.742658	-0.1567756	0	0
25	1.862745	1.797426	0	0
26	-4.865642	-2.777582	0	0
27	4.314352	-1.14895	0	0
28	-1.385352	4.596198	0	0
29	3.629251	-2.750822	0	0
30	5.669639	-0.9399504	0	0
31	-0.7351733	-2.681509	0	0
32	-1.344196	-5.316119	0	0
33	-1.153343	4.971177	0	0
34	0.0002909577	-2.970749	0	0
35	-4.201681	-4.119887	0	0
36	-4.904473	-2.936861	0	0
37	3.819346	0.1167721	0	0
38	-4.304289	-3.578453	0	0
39	0.4570849	-2.249325	0	0
40	-0.9821652	3.108978	0	0
41	-2.907583	4.516961	0	0
42	-2.211161	5.557245	0	0
43	5.494724	-0.2443959	0	0
44	0.7999132	4.077951	0	0
45	0.2076607	5.691179	0	0
46	-1.608925	-5.69075	0	0
47	-1.601853	-4.017531	0	0
48	-4.682695	1.751736	0	0
49	2.887221	3.938627	0	0
50	-0.5452249	4.274325	0	0
51	-5.033748	1.668696	0	0
52	3.348561	-2.69136	0	0
53	-1.69933	3.668325	0	0
54	2.706173	1.674892	0	0
55	-6.322816	0.4221617	0	0
56	3.034223	5.282579	0	0
57	-1.838406	2.594094	0	0
58	5.393435	0.0381516	0	0
59	-0.9860572	4.274841	0	0
60	-2.17869	-5.662818	0	0
61	-1.998079	-5.966741	0	0
62	0.08242613	-5.191739	0	0
63	-1.099461	-3.213802	0	0
64	5.091875	-0.2182498	0	0
65	1.623245	4.975664	0	0
66	5.3929	-2.347162	0	0
67	-4.574626	-3.458412	0	0
68	-3.958055	3.906042	0	0
69	3.686291	-2.313665	0	0
70	2.739316	-0.1445882	0	0
71	5.046539	0.6200616	0	0
72	-3.61038	-2.811591	0	0
73	3.171208	5.432639	0	0
74	-3.754359	3.623627	0	0
75	-1.857588	-5.428179	0	0
76	-0.07979455	-4.662719	0	0
77	-1.449252	0.3259896	0	0
78	0.473617	4.963518	0	0
79	-1.24189	2.687487	0	0
80	-2.13386	-4.535373	0	0
81	5.185609	2.503128	0	0
82	1.434046	-5.367663	0	0
83	2.560403	0.8334398	0	0
84	1.249777	4.831634	0	0
85	-2.559402	0.3151825	0	0
86	3.469938	0.2510345	0	0
87	2.856784	-4.166085	0	0
88	5.586091	-1.905763	0	0
89	-4.683734	-0.6352527	0	0
90	-4.923126	1.359663	0	0
91	0.6458233	2.638648	0	0
92	-3.862809	-2.125852	0	0
93	-4.103804	0.2296406	0	0
94	3.345673	-3.84355	0	0
95	1.951043	0.2358078	0	0
96	4.684845	0.1600034	0	0
97	-2.587759	2.007785	0	0
98	-3.595896	-4.198978	0	0
99	3.895334	2.670386	0	0
100	1.127782	-1.343049	0	0
101	4.335569	-2.980272	0	0
102	3.913485	4.420174	0	0
103	3.240404	-2.669566	0	0
104	4.447607	2.928288	0	0
105	0.7568624	-5.421473	0	0
106	-3.074782	-3.113948	0	0
107	4.605624	3.896418	0	0
108	3.520167	1.475644	0	0
109	-1.775961	3.152408	0	0
110	-4.610221	3.07974	0	0
111	5.391185	-2.046078	0	0
112	4.604431	-0.2108443	0	0
113	5.197162	-0.4768628	0	0
114	2.234954	-1.160143	0	0
115	3.369351	-0.8311806	0	0
116	-2.383069	-5.121232	0	0
117	0.5000603	1.747076	0	0
118	-6.330764	0.130612	0	0
119	1.85284	-1.720507	0	0
120	-1.53202	1.59389	0	0
121	-2.313337	2.579446	0	0
122	4.397903	-3.497622	0	0
123	0.0786939	2.998093	0	0
124	4.884737	-2.728826	0	0
125	-0.03680886	4.196984	0	0
126	-0.5088463	-5.751866	0	0
127	4.26257	0.3317381	0	0
128	-2.925567	3.520741	0	0
129	-2.495817	1.050333	0	0
130	5.69261	-0.458997	0	0
131	3.107404	3.836289	0	0
132	1.182941	4.498903	0	0
133	-2.724034	4.134407	0	0
134	-3.080326	1.430625	0	0
135	3.922955	-3.563317	0	0
136	1.507427	-3.363934	0	0
137	0.7280736	5.330014	0	0
138	0.1717408	-6.376898	0	0
139	4.397176	3.259198	0	0
140	-0.9329951	5.162335	0	0
141	1.936239	-3.138081	0	0
142	0.7060325	-0.5845254	0	0
143	-2.654031	5.243352	0	0
144	-0.984838	-5.407533	0	0
145	-6.510509	-0.4498393	0	0
146	-5.883419	-1.885359	0	0
147	1.172937	2.744446	0	0
148	2.009242	5.001331	0	0
149	-1.230749	5.804484	0	0
150	-1.108958	4.768137	0	0
151	2.463782	2.964264	0	0
152	-4.061064	1.512658	0	0
153	1.515593	-3.104207	0	0
154	2.974026	1.375073	0	0
155	0.9027833	-2.374582	0	0
156	-0.9385342	4.671972	0	0
157	-1.99853	3.950884	0	0
158	2.925283	-2.044631	0	0
159	1.599436	-2.139979	0	0
160	4.690233	3.521274	0	0
161	-1.833863	-5.40482	0	0
162	1.251448	-0.1857881	0	0
163	0.3390161	-0.9941006	0	0
164	0.5423275	-4.497772	0	0
165	2.517629	3.383976	0	0
166	-2.216804	5.226657	0	0
167	5.661843	-0.567588	0	0
168	4.431966	-2.541879	0	0
169	4.300573	-3.313806	0	0
170	-0.7111211	5.980547	0	0
171	-4.175258	3.925176	0	0
172	-0.7448728	-0.3621338	0	0
173	-0.462897	-0.7988938	0	0
174	1.908344	-3.998372	0	0
175	4.562447	-1.473426	0	0
176	-3.610599	4.126706	0	0
177	-5.708821	1.700422	0	0
178	-5.546907	1.227376	0	0
179	0.9264601	-5.576298	0	0
180	0.8265527	5.165647	0	0
181	3.819926	3.188736	0	0
182	1.727412	2.290275	0	0
183	4.543609	-0.6756324	0	0
184	-1.948145	-4.066574	0	0
185	4.097567	-2.599391	0	0
186	1.080011	-4.284805	0	0
187	-2.019707	-1.1761	0	0
188	1.150539	5.446237	0	0
189	4.949082	3.442234	0	0
190	0.1389202	-5.551336	0	0
191	-5.582514	-1.208843	0	0
192	4.86219	-2.276694	0	0
193	4.797632	-3.196988	0	0
194	-0.2098892	-2.166619	0	0
195	-5.017909	0.5872855	0	0
196	2.218685	-1.501702	0	0
197	-1.172363	5.471485	0	0
198	-2.437083	-3.648862	0	0
199	-1.579177	-2.04906	0	0
200	2.963949	0.02064919	0	0
201	0.1045808	-0.1280984	0	0
202	2.569813	-4.538605	0	0
203	3.878103	4.26885	0	0
204	4.449001	0.7597325	0	0
205	-5.531745	0.4168761	0	0
206	1.627204	4.357909	0	0
207	-4.858307	2.955809	0	0
208	2.187983	3.615486	0	0
209	-1.701519	4.755932	0	0
210	-1.516327	2.751964	0	0
211	2.436477	-0.9056985	0	0
212	5.881738	2.1502	0	0
213	-3.647627	4.211867	0	0
214	-4.73327	-1.948704	0	0
215	2.964375	-3.865398	0	0
216	-1.174527	-0.2155084	0	0
217	-1.053426	-0.7165219	0	0
218	-1.422917	5.420743	0	0
219	0.256582	5.212676	0	0
220	4.702353	-1.704406	0	0
221	-2.335617	1.301709	0	0
222	1.014621	-6.231033	0	0
223	5.480265	-1.320542	0	0
224	-0.4784114	3.394599	0	0
225	4.720746	-3.24128	0	0
226	-0.284878	-0.1614763	0	0
227	-2.188197	-4.605895	0	0
228	-0.140927	5.954293	0	0
229	1.574599	3.817771	0	0
230	-3.924189	0.2506974	0	0
231	0.1485046	-3.987266	0	0
232	3.764102	3.420522	0	0
233	4.332159	4.44052	0	0
234	0.1769834	0.3142497	0	0
235	-1.985631	2.204251	0	0
236	5.083161	1.617101	0	0
237	-4.455135	-2.998669	0	0
238	-3.330831	-4.050898	0	0
239	-5.849681	-1.171807	0	0
240	-3.813233	-0.2759922	0	0
241	1.296155	-3.641009	0	0
242	-1.137072	3.280877	0	0
243	2.147037	4.766944	0	0
244	-0.5838573	-4.371616	0	0
245	0.7811442	0.2700114	0	0
246	3.069157	2.081008	0	0
247	4.34824	1.583999	0	0
248	4.905237	2.261645	0	0
249	1.250951	5.187402	0	0
250	-3.41742	0.5224767	0	0
251	3.571794	-3.420154	0	0
252	2.361246	2.927849	0	0
253	1.926305	-4.993052	0	0
254	-2.391646	-1.677265	0	0
255	3.235883	5.109608	0	0
256	5.491933	1.90759	0	0
257	-0.08034701	2.285549	0	0
258	-0.3581753	5.220141	0	0
259	-0.3846997	-1.469974	0	0
260	-0.9639252	3.829277	0	0
261	3.361535	0.7849655	0	0
262	-2.81022	-2.563175	0	0
263	3.558288	4.911804	0	0
264	3.174342	-1.382065	0	0
265	0.9450104	3.346488	0	0
266	-4.244721	3.584475	0	0
267	2.414276	2.097243	0	0
268	0.01014487	4.802412	0	0
269	-5.888586	0.3666591	0	0
270	-1.057503	-5.100382	0	0
271	0.7292578	-3.656522	0	0
272	-4.097062	-1.534661	0	0
273	-0.2146387	-6.37867	0	0
274	4.207792	4.338215	0	0
275	-0.639072	0.9734297	0	0
276	5.959107	0.6286401	0	0
277	-0.8181163	0.09920402	0	0
278	4.660301	1.882044	0	0
279	-2.683141	4.767263	0	0
280	-2.121314	1.678184	0	0
281	1.730655	-0.5521804	0	0
282	-1.971927	-3.937436	0	0
283	0.5818862	-4.91448	0	0
284	-4.339671	0.7274579	0	0
285	-4.080517	-3.789245	0	0
286	2.600829	-4.390072	0	0
287	-0.1003249	2.995672	0	0
288	2.073364	-3.603687	0	0
289	2.890831	4.572121	0	0
290	3.279864	4.487632	0	0
291	-2.690269	-1.231275	0	0
292	4.099886	1.127937	0	0
293	2.657613	2.513276	0	0
294	1.96267	-1.33924	0	0
295	0.1882107	1.46132	0	0
296	-5.039564	-1.910947	0	0
297	-0.6839691	5.66652	0	0
298	3.908137	-3.125537	0	0
299	2.232041	-0.6041312	0	0
300	-1.208255	-2.34126	0	0
301	4.31977	3.818785	0	0
302	1.511043	3.192926	0	0
303	-2.472673	4.096322	0	0
304	0.3609663	2.766896	0	0
305	-1.256148	4.352278	0	0
306	2.965518	-0.8522336	0	0
307	-2.175894	-3.083632	0	0
308	0.8178153	-0.1590511	0	0
309	3.656634	1.355786	0	0
310	5.315529	-1.783501	0	0
311	-5.540658	-2.318756	0	0
312	-6.611851	-0.5344515	0	0
313	1.685354	-5.674246	0	0
314	-5.974808	-1.542263	0	0
315	-1.372588	-1.652334	0	0
316	1.578135	4.456242	0	0
317	2.98734	-4.616844	0	0
318	-0.5106979	-5.434818	0	0
319	1.570363	-1.208171	0	0
320	-3.727151	2.28054	0	0
321	-3.269485	-4.657627	0	0
322	-2.635769	3.806438	0	0
323	0.4951751	-5.946954	0	0
324	2.683451	-3.649424	0	0
325	-0.04706384	-1.083852	0	0
326	3.34694	-2.396655	0	0
327	4.996919	-2.730422	0	0
328	-6.082905	-0.6194621	0	0
329	-2.791713	-2.438005	0	0
330	-5.415359	-1.061452	0	0
331	-0.6754667	-6.245513	0	0
332	0.8712931	-5.927586	0	0
333	1.299526	-5.908055	0	0
334	-2.079765	2.394248	0	0
335	-2.657181	-4.114047	0	0
336	-3.020073	4.709376	0	0
337	-0.5403311	4.762419	0	0
338	2.666472	-1.95519	0	0
339	4.232418	3.56619	0	0
340	-5.221354	1.067607	0	0
341	1.774452	-5.704933	0	0
342	-0.8364557	5.398813	0	0
343	3.155172	-3.454827	0	0
344	3.565325	-4.172302	0	0
345	-3.632939	0.1903582	0	0
346	1.372704	2.131888	0	0
347	-0.6299648	2.786825	0	0
348	0.8587616	-2.690068	0	0
349	-2.484675	5.278416	0	0
350	-1.267999	-3.810164	0	0
351	-1.785795	-5.774723	0	0
352	-5.117262	1.951517	0	0
353	3.187771	2.882855	0	0
354	-3.161379	1.999323	0	0
355	-2.497263	3.397006	0	0
356	4.350442	-1.043077	0	0
357	-0.1845614	-2.631098	0	0
358	-2.666879	1.664045	0	0
359	2.102302	-2.218824	0	0
360	0.4988718	5.42095	0	0
361	-1.619559	5.314059	0	0
362	-0.03672702	-6.372856	0	0
363	6.118307	1.413977	0	0
364	2.020828	2.294108	0	0
365	-6.28656	0.8053488	0	0
366	0.2072769	-5.724847	0	0
367	3.390982	-0.6096668	0	0
368	-1.973155	-4.979523	0	0
369	5.506859	0.3094448	0	0
370	4.731437	2.737934	0	0
371	-4.64413	-2.333902	0	0
372	-1.556342	-2.753702	0	0
373	2.343046	-5.048006	0	0
374	3.032969	0.3751845	0	0
375	2.463488	-1.525207	0	0
376	-4.782735	2.903474	0	0
377	0.8676088	4.433486	0	0
378	0.5743194	0.9686548	0	0
379	2.257872	-4.162331	0	0
380	-4.294558	2.170898	0	0
381	3.282199	5.251376	0	0
382	2.808092	3.492004	0	0
383	-3.436843	-4.72099	0	0
384	0.1803452	-3.017542	0	0
385	-5.29042	2.436851	0	0
386	-5.121927	-2.41703	0	0
387	2.109263	-0.7959922	0	0
388	-2.457072	4.662405	0	0
389	-3.319313	2.554684	0	0
390	-0.07334619	5.756826	0	0
391	-4.286343	3.077131	0	0
392	-4.225434	-0.02599177	0	0
393	-4.696339	2.341064	0	0
394	1.841183	5.476554	0	0
395	-6.472903	-0.2742636	0	0
396	3.978506	0.7298237	0	0
397	-4.572821	0.1825929	0	0
398	5.119051	1.681625	0	0
399	-4.205201	2.373064	0	0
400	-1.685103	3.808211	0	0
401	4.274399	3.613557	0	0
402	-4.860296	-0.1121871	0	0
403	0.335498	-4.825725	0	0
404	5.618866	2.34579	0	0
405	-1.710022	4.116691	0	0
406	-2.153132	5.383517	0	0
407	-6.704433	-0.2398767	0	0
408	-5.654552	-0.5171491	0	0
409	2.311034	-1.787691	0	0
410	1.617207	4.040284	0	0
411	-3.370241	-4.944777	0	0
412	-0.7872405	0.5898336	0	0
413	1.397699	5.245072	0	0
414	4.528538	-2.832246	0	0
415	-4.340687	-1.978573	0	0
416	2.50709	-2.701392	0	0
417	1.03457	-3.156027	0	0
418	-0.1593871	-4.252907	0	0
419	4.031123	-0.5390789	0	0
420	4.653969	-3.083428	0	0
421	-3.371089	-2.256516	0	0
422	-0.7510777	2.200778	0	0
423	1.33856	0.8037379	0	0
424	6.009791	0.6498113	0	0
425	0.6938658	3.111802	0	0
426	4.864193	3.23129	0	0
427	4.829044	-3.420855	0	0
428	-3.571046	3.762835	0	0
429	-3.140118	0.3426263	0	0
430	3.262013	0.8833084	0	0
431	2.026364	4.345671	0	0
432	-3.527264	-3.639423	0	0
433	-2.3291	-5.166271	0	0
434	-1.359645	-1.190935	0	0
435	-0.2068131	-2.101515	0	0
436	5.731341	2.062233	0	0
437	0.8696788	5.846168	0	0
438	-0.6348689	-4.242686	0	0
439	-4.088009	-0.764056	0	0
440	5.059568	-2.543598	0	0
441	3.192905	5.051283	0	0
442	-1.634385	5.670807	0	0
443	-1.612082	-6.100713	0	0
444	-3.127287	3.992554	0	0
445	0.7821725	-6.157869	0	0
446	0.2966994	-3.301004	0	0
447	-5.299236	-0.088657	0	0
448	-2.057434	0.52914	0	0
449	-4.150204	1.98074	0	0
450	-6.239908	-0.0666702	0	0
451	-0.6233024	-6.495881	0	0
452	-2.645404	1.819507	0	0
453	-2.80986	0.6696107	0	0
454	4.341044	-3.638735	0	0
455	3.732976	4.687013	0	0
456	1.949092	-5.353454	0	0
457	-3.602968	-1.928281	0	0
458	-2.561352	5.448821	0	0
459	-4.574913	-1.619452	0	0
460	2.008762	-5.222875	0	0
461	-0.1338131	6.167951	0	0
462	-5.216137	1.389866	0	0
463	-2.250151	0.9344349	0	0
464	-1.209037	-4.389585	0	0
465	0.8987007	2.137005	0	0
466	2.346897	5.521595	0	0
467	-3.306578	-0.6118329	0	0
468	1.585039	-4.675973	0	0
469	-5.585083	2.155543	0	0
470	3.355741	3.512024	0	0
471	0.4784457	3.863497	0	0
472	-0.2484946	-3.570895	0	0
473	-2.281097	4.86982	0	0
474	5.833005	0.1232061	0	0
475	-3.721688	2.863873	0	0
476	-1.874417	-3.42677	0	0
477	-0.2035763	-6.002439	0	0
478	2.59931	-4.207767	0	0
479	1.17165	5.27111	0	0
480	-2.071255	5.125536	0	0
481	2.808756	-3.005364	0	0
482	-3.515329	1.662952	0	0
483	3.87204	-2.813164	0	0
484	-6.894223	-0.432177	0	0
485	-0.5407092	-3.490083	0	0
486	3.592433	5.028962	0	0
487	-2.681404	-3.137207	0	0
488	-1.751175	-1.607797	0	0
489	-4.623982	1.284927	0	0
490	3.802879	0.9454387	0	0
491	-4.023464	1.299324	0	0
492	-1.04337	-6.176331	0	0
493	-2.682452	4.90567	0	0
494	-4.486862	-1.922113	0	0
495	5.410816	-0.7499331	0	0
496	4.087049	-2.153905	0	0
497	1.341047	-1.732837	0	0
498	3.979467	-3.839301	0	0
499	-4.614807	-1.247036	0	0
500	3.584279	-3.486247	0	0
501	5.839891	-0.6402978	0	0
502	3.610184	-0.9955137	0	0
503	-3.980701	-4.551137	0	0
504	-1.484771	5.574226	0	0
505	1.72709	5.366042	0	0
506	0.2768899	3.62159	0	0
507	4.188869	1.391271	0	0
508	-3.578026	-3.686649	0	0
509	-2.723244	-5.012303	0	0
510	-0.1348031	-4.944839	0	0
511	4.882224	-1.652494	0	0
512	-2.459814	-1.896268	0	0
513	-2.470363	4.012968	0	0
514	-4.679193	1.185781	0	0
515	0.7238784	-1.183618	0	0
516	-4.654406	-1.485821	0	0
517	-0.6059781	-3.146764	0	0
518	4.046171	4.752716	0	0
519	0.4538625	4.358233	0	0
520	-2.587757	4.98475	0	0
521	-2.309301	-3.314491	0	0
522	2.177715	3.936728	0	0
523	4.446788	4.144024	0	0
524	4.834686	3.813949	0	0
525	4.918997	-0.5081301	0	0
526	1.018374	3.408818	0	0
527	-6.284637	-0.9236973	0	0
528	0.3326204	-6.163019	0	0
529	2.843901	4.892619	0	0
530	-3.316265	-2.679689	0	0
531	5.330808	2.694498	0	0
532	-1.996132	-1.755816	0	0
533	4.178405	-3.943134	0	0
534	1.433454	-5.17949	0	0
535	5.959038	0.03124452	0	0
536	-1.853184	4.496174	0	0
537	-3.703214	0.6791717	0	0
538	5.649371	0.7827429	0	0
539	1.672168	-3.971094	0	0
540	4.756253	3.241768	0	0
541	0.4517234	-6.263778	0	0
542	-3.585109	-1.964858	0	0
543	1.303276	0.3226832	0	0
544	5.96423	0.3059029	0	0
545	-5.180919	-1.23114	0	0
546	-1.935264	3.076662	0	0
547	-2.100883	4.821789	0	0
548	4.599004	3.544273	0	0
549	2.473728	5.270995	0	0
550	-5.16772	0.3079829	0	0
551	1.348054	-6.045589	0	0
552	-1.547987	-5.044947	0	0
553	-0.8419635	-1.215325	0	0
554	-2.35561	-0.6362953	0	0
555	-3.658509	-0.6716063	0	0
556	0.1119458	2.724564	0	0
557	-1.022548	2.687547	0	0
558	1.67665	-2.661188	0	0
559	2.046443	2.539692	0	0
560	3.631497	-0.1285492	0	0
561	4.109262	1.940489	0	0
562	-4.192169	-3.467257	0	0
563	-0.3624647	0.3270997	0	0
564	-3.020495	-5.012305	0	0
565	-4.39823	-4.131282	0	0
566	1.900354	-4.921417	0	0
567	-0.1738673	-3.220152	0	0
568	-2.487203	-2.739936	0	0
569	-1.827057	-3.428577	0	0
570	2.553322	0.3258295	0	0
571	4.577685	0.7946606	0	0
572	6.093702	1.043764	0	0
573	-5.826867	1.881068	0	0
574	-2.918616	-1.907845	0	0
575	-2.863844	-5.228353	0	0
576	3.74271	-2.300949	0	0
577	4.454866	4.054847	0	0
578	-5.750069	-1.544627	0	0
579	-0.5007531	4.716712	0	0
580	-3.82105	-0.1777032	0	0
581	0.6779261	-4.134763	0	0
582	5.132513	2.047608	0	0
583	-1.679996	-4.65675	0	0
584	3.344895	4.019147	0	0
585	-4.008084	-2.712631	0	0
586	1.221909	4.288178	0	0
587	-4.302489	0.8316075	0	0
588	-1.155842	1.051579	0	0
589	-0.68506	5.527414	0	0
590	-2.934142	-4.742082	0	0
591	-3.023319	-4.208451	0	0
592	4.803123	1.300063	0	0
593	4.832967	-2.26525	0	0
594	-4.460738	-3.767691	0	0
595	-1.23818	3.891386	0	0
596	2.422396	-4.417531	0	0
597	4.21943	0.8510936	0	0
598	3.712124	-1.75282	0	0
599	2.389444	5.452041	0	0
600	-1.721704	4.471603	0	0
601	-4.84306	2.166832	0	0
602	4.638421	1.081131	0	0
603	5.022184	-2.979687	0	0
604	5.39225	1.205536	0	0
605	5.537521	2.079763	0	0
606	-0.7878242	-3.4838	0	0
607	-3.156531	2.269123	0	0
608	-6.207323	-1.117928	0	0
609	0.6789969	-2.924246	0	0
610	5.315009	-1.24752	0	0
611	1.800262	-3.5825	0	0
612	-4.340096	0.3156021	0	0
613	3.303711	-0.05840792	0	0
614	-1.81248	5.012382	0	0
615	-4.959754	-1.062282	0	0
616	5.029275	-2.877773	0	0
617	-4.050861	-2.808565	0	0
618	-2.562124	-0.2865263	0	0
619	-4.593072	1.849976	0	0
620	2.604723	5.474902	0	0
621	-3.302631	-2.419703	0	0
622	-5.844059	-0.1200816	0	0
623	1.8167	2.763095	0	0
624	-5.139073	2.399055	0	0
625	4.892042	-1.256048	0	0
626	1.191801	-0.8198162	0	0
627	-1.12904	-5.141246	0	0
628	-0.6078168	-4.942117	0	0
629	4.784277	3.392028	0	0
630	2.264683	2.549525	0	0
631	-3.960963	-3.22488	0	0
632	-2.994756	0.6267319	0	0
633	0.7564122	-4.951934	0	0
634	-5.612587	0.9177002	0	0
635	-1.457023	-6.45112	0	0
636	-1.345416	2.138047	0	0
637	1.600351	-4.227027	0	0
638	-0.571075	3.680623	0	0
639	0.5033764	-4.748106	0	0
640	-3.779153	0.7355683	0	0
641	-0.8996772	5.759755	0	0
642	-5.517894	-1.886603	0	0
643	2.691195	2.107626	0	0
644	4.1686	0.03248589	0	0
645	0.9825908	0.6206947	0	0
646	-1.819976	-5.036411	0	0
647	-5.637282	0.3708461	0	0
648	1.114914	5.709858	0	0
649	-1.591592	-6.198599	0	0
650	1.476779	2.355146	0	0
651	3.122714	1.429992	0	0
652	-4.175473	-2.411025	0	0
653	-2.312968	3.506833	0	0
654	-1.209037	-3.032317	0	0
655	3.063065	-4.342569	0	0
656	0.06642261	1.829042	0	0
657	2.347391	5.174458	0	0
658	-1.209878	-6.395116	0	0
659	-4.131969	-4.360334	0	0
660	-1.467973	-5.309004	0	0
661	-0.4099936	-4.200242	0	0
662	2.461545	1.529522	0	0
663	1.034068	4.014321	0	0
664	-5.466622	1.769716	0	0
665	0.5919447	5.898161	0	0
666	4.276822	-2.067991	0	0
667	-3.838848	-4.590423	0	0
668	3.010313	5.417955	0	0
669	3.705115	-0.2066134	0	0
670	4.248282	0.4411214	0	0
671	1.193271	-1.609224	0	0
672	4.18531	-3.304221	0	0
673	-5.297733	-1.371989	0	0
674	1.586129	-2.662547	0	0
675	4.176227	2.914181	0	0
676	5.796171	1.591222	0	0
677	-3.343773	-0.976773	0	0
678	-0.002765926	-6.09669	0	0
679	1.52357	-5.568953	0	0
680	5.679133	0.3642651	0	0
681	2.537636	-5.031346	0	0
682	-3.416672	3.045337	0	0
683	-4.470891	-3.137105	0	0
684	-2.106332	-0.03223126	0	0
685	-0.1311845	4.278354	0	0
686	-3.050179	3.424776	0	0
687	-5.570662	-0.8939203	0	0
688	1.200481	-4.890333	0	0
689	-4.84101	0.794021	0	0
690	2.530946	-2.859355	0	0
691	-3.968595	1.025216	0	0
692	4.217283	-1.73025	0	0
693	1.15822	-3.088388	0	0
694	2.147969	-4.624559	0	0
695	5.31825	1.025853	0	0
696	-0.9336142	-1.852608	0	0
697	-3.777583	-2.432583	0	0
698	-5.473366	1.888314	0	0
699	4.475598	2.066936	0	0
700	3.844101	-1.442628	0	0
701	5.808883	-0.8144067	0	0
702	-4.354156	3.343305	0	0
703	-4.749032	2.751576	0	0
704	-2.745049	2.942436	0	0
705	-2.283404	2.184126	0	0
706	-2.490468	2.478811	0	0
707	2.928374	2.898456	0	0
708	-0.707594	1.329696	0	0
709	-2.405429	-5.569852	0	0
710	-1.618245	-4.398564	0	0
711	-5.252315	2.119398	0	0
712	-1.219405	-6.060917	0	0
713	1.199011	1.497018	0	0
714	-4.994097	-3.018465	0	0
715	-2.884621	-5.079329	0	0
716	-4.314238	-0.9546441	0	0
717	-6.093718	1.320445	0	0
718	2.369688	-2.398503	0	0
719	-4.168585	2.851839	0	0
720	3.239197	-2.883212	0	0
721	4.887544	2.53429	0	0
722	2.347022	-3.51502	0	0
723	0.778355	-6.234537	0	0
724	0.8223687	-3.681979	0	0
725	-0.675584	-5.180824	0	0
726	1.137181	-5.84022	0	0
727	-6.428099	-0.8622181	0	0
728	3.410126	-0.5162817	0	0
729	-0.7396327	-6.466607	0	0
730	0.4816322	4.903011	0	0
731	-0.2173261	-3.982582	0	0
732	-6.081388	1.027568	0	0
733	1.890374	-1.387703	0	0
734	-4.516404	3.457445	0	0
735	4.17485	-1.515399	0	0
736	-2.922966	4.417029	0	0
737	-4.852653	-1.709921	0	0
738	-3.526268	-1.256294	0	0
739	5.688488	-0.08832111	0	0
740	-5.949781	-1.069407	0	0
741	-0.8407649	-5.406082	0	0
742	2.736807	-4.862156	0	0
743	-3.68738	1.207644	0	0
744	0.01420443	1.206199	0	0
745	-4.605093	2.325787	0	0
746	3.592816	1.851928	0	0
747	1.512179	5.387221	0	0
748	-0.8026378	-4.801755	0	0
749	5.865372	1.106668	0	0
750	-4.814153	-2.667059	0	0
751	-3.199962	0.910291	0	0
752	-0.7028116	4.295105	0	0
753	5.714894	-1.343676	0	0
754	-2.222059	-2.283656	0	0
755	-6.128092	1.202852	0	0
756	2.802706	-0.7969648	0	0
757	-6.117651	-1.449713	0	0
758	-4.015364	3.581019	0	0
759	4.642692	3.604101	0	0
760	4.34787	2.670505	0	0
761	3.343155	4.670016	0	0
762	-1.651892	-0.5083838	0	0
763	-4.015675	4.187186	0	0
764	0.2270852	-1.577499	0	0
765	3.967835	-3.981459	0	0
766	-1.288366	3.464841	0	0
767	5.906645	1.936537	0	0
768	3.877122	1.683938	0	0
769	2.817063	2.517143	0	0
770	-4.26142	-2.799353	0	0
771	1.185297	-3.959613	0	0
772	1.746408	3.094074	0	0
773	4.99239	1.234652	0	0
774	1.739275	-2.004659	0	0
775	5.258213	0.5410089	0	0
776	5.057102	2.338638	0	0
777	3.707329	-3.803949	0	0
778	3.565795	2.360005	0	0
779	1.149218	3.869391	0	0
780	2.956485	-2.554933	0	0
781	-5.353421	-2.245599	0	0
782	-1.677551	-1.533117	0	0
783	2.549811	4.050856	0	0
784	-0.4342987	-6.252283	0	0
785	3.817534	2.481934	0	0
786	-3.991647	-3.432815	0	0
787	-6.240148	-1.352358	0	0
788	4.45386	2.332767	0	0
789	3.894612	4.709542	0	0
790	0.881288	-6.064152	0	0
791	-6.195592	0.7041547	0	0
792	-2.77674	4.990464	0	0
793	3.159275	2.132037	0	0
794	-3.682735	1.977933	0	0
795	-2.94267	-4.576997	0	0
796	-5.242095	-1.803372	0	0
797	4.934766	0.8403294	0	0
798	-3.535035	-4.766418	0	0
799	2.600075	-1.362345	0	0
800	2.579046	4.634927	0	0
801	4.086546	4.069152	0	0
802	-2.981856	-0.5154203	0	0
803	3.411351	-3.151967	0	0
804	-1.791909	1.04565	0	0
805	-0.335382	1.667808	0	0
806	-3.217408	3.854414	0	0
807	-4.957923	-2.268176	0	0
808	-3.181028	-2.98348	0	0
809	-1.475174	-3.315943	0	0
810	4.017537	0.6038255	0	0
811	1.895661	1.096135	0	0
812	2.397307	-4.628445	0	0
813	5.166541	0.02545347	0	0
814	-0.8583459	-5.80075	0	0
815	1.454763	5.387936	0	0
816	-4.9457	-0.7624352	0	0
817	-5.765657	-1.782272	0	0
818	2.254543	-3.062611	0	0
819	5.146775	-1.903718	0	0
820	0.1933366	-4.991975	0	0
821	-5.740977	1.441832	0	0
822	2.7242	4.225835	0	0
823	5.664314	-1.798267	0	0
824	0.9770642	-4.260529	0	0
825	0.745576	-3.281419	0	0
826	4.637489	1.420932	0	0
827	-5.571346	-0.5075088	0	0
828	-6.117108	-0.3824609	0	0
829	-6.035511	0.6423334	0	0
830	3.687284	0.3062616	0	0
831	0.2180243	5.331058	0	0
832	3.242945	-1.513231	0	0
833	-4.635447	-3.303745	0	0
834	-1.147901	-5.637559	0	0
835	4.417391	-2.17179	0	0
836	-3.58964	1.252571	0	0
837	0.4474446	2.247543	0	0
838	-0.3508123	1.197831	0	0
839	-0.3280349	-5.995931	0	0
840	2.805677	5.122362	0	0
841	-3.020034	-0.7137105	0	0
842	2.220787	-5.343054	0	0
843	0.2799031	2.509774	0	0
844	1.667511	-4.488445	0	0
845	3.472489	3.518944	0	0
846	1.455351	-3.714914	0	0
847	-2.373391	-3.996879	0	0
848	3.76451	-1.854905	0	0
849	2.449672	2.42224	0	0
850	1.393396	4.80432	0	0
851	-2.519992	-4.640831	0	0
852	3.426186	3.129156	0	0
853	0.03541843	-4.495648	0	0
854	-2.918915	-3.693861	0	0
855	2.437473	1.000686	0	0
856	-2.005965	3.597047	0	0
857	5.536836	1.351827	0	0
858	-2.780638	-1.147799	0	0
859	-2.439877	4.514652	0	0
860	3.434628	4.113144	0	0
861	-0.6450512	-2.650061	0	0
862	0.2391198	-3.956566	0	0
863	1.096332	-2.216764	0	0
864	0.9002225	5.065434	0	0
865	-3.31638	0.04635971	0	0
866	-2.518113	-2.909817	0	0
867	5.282775	-0.9845726	0	0
868	-3.639942	-4.610337	0	0
869	-1.13292	-3.785877	0	0
870	-3.895701	-3.899301	0	0
871	5.020583	2.847384	0	0
872	0.2684229	-2.659305	0	0
873	-3.108549	1.150968	0	0
874	3.272524	5.042728	0	0
875	-2.301408	-5.439953	0	0
876	-6.080243	0.2507907	0	0
877	5.237872	2.830835	0	0
878	5.651199	-1.248199	0	0
879	-1.412562	4.307097	0	0
880	5.893929	1.444988	0	0
881	4.558421	-3.539709	0	0
882	-3.42448	1.654605	0	0
883	0.6045379	-5.91916	0	0
884	5.924588	0.6712082	0	0
885	0.448219	-0.1372347	0	0
886	5.302414	-2.264489	0	0
887	-0.3415238	-2.936325	0	0
888	0.4178745	4.516415	0	0
889	-0.2334523	5.566775	0	0
890	-4.361288	-0.4379527	0	0
891	5.692839	0.9066016	0	0
892	-3.604826	-3.243796	0	0
893	1.315624	5.773695	0	0
894	5.155376	-1.468856	0	0
895	4.17567	-0.3884648	0	0
896	-5.474141	-0.0711759	0	0
897	-4.718771	-2.746283	0	0
898	-1.149303	-2.320426	0	0
899	4.477015	-3.696338	0	0
900	3.923097	3.88225	0	0
901	-0.3773696	3.883332	0	0
902	3.149245	-2.137493	0	0
903	-3.960326	-4.264699	0	0
904	-3.731454	-2.524032	0	0
905	1.905133	-0.9988162	0	0
906	-4.113815	-2.174828	0	0
907	-3.793326	-0.774397	0	0
908	0.8041856	-1.735454	0	0
909	-5.177425	1.803436	0	0
910	-2.14084	4.315257	0	0
911	5.837576	1.335415	0	0
912	1.972536	5.596547	0	0
913	0.3238561	3.012856	0	0
914	5.309035	-0.4749971	0	0
915	-2.747134	2.460701	0	0
916	3.076648	-3.187182	0	0
917	1.995786	3.331381	0	0
918	-1.512093	5.109347	0	0
919	-1.132837	-6.395305	0	0
920	5.50398	1.657604	0	0
921	-4.42673	2.630108	0	0
922	2.34359	-4.065852	0	0
923	0.9834946	5.58992	0	0
924	-3.717769	-4.237571	0	0
925	2.038967	-4.384569	0	0
926	-1.881016	5.099008	0	0
927	-0.154166	0.7793507	0	0
928	3.018549	3.605537	0	0
929	1.721838	-3.225081	0	0
930	-2.712946	1.057253	0	0
931	4.829567	-0.9272942	0	0
932	-0.3604227	-5.533409	0	0
933	0.1789801	6.068264	0	0
934	5.083995	3.374612	0	0
935	1.304453	5.426508	0	0
936	-3.69004	-2.925506	0	0
937	4.563062	2.97513	0	0
938	-3.110262	1.617522	0	0
939	-1.276278	-4.834084	0	0
940	-4.122069	3.817829	0	0
941	-0.7976944	-6.010133	0	0
942	4.818838	-0.3422519	0	0
943	-4.658738	0.09996117	0	0
944	-3.088995	2.884222	0	0
945	-3.27742	4.338115	0	0
946	2.24889	1.931946	0	0
947	3.420867	-2.021229	0	0
948	3.247942	-4.304045	0	0
949	3.382585	2.647003	0	0
950	-5.151508	-0.4924499	0	0
951	-2.489379	-3.400316	0	0
952	-4.551512	-2.384632	0	0
953	-2.719656	1.390957	0	0
954	0.407121	4.212342	0	0
955	-1.821322	2.067266	0	0
956	0.5120245	5.858627	0	0
957	4.894722	-0.8619539	0	0
958	-3.44745	0.8534888	0	0
959	1.510893	2.520072	0	0
960	-4.63387	-3.553848	0	0
961	1.558003	3.664455	0	0
962	3.742454	3.840541	0	0
963	-5.936445	1.058664	0	0
964	-0.2990778	5.262403	0	0
965	-4.840687	2.499325	0	0
966	4.860076	3.067731	0	0
967	-2.862663	1.250174	0	0
968	0.02710993	4.83993	0	0
969	4.035655	1.524661	0	0
970	5.037695	0.1082283	0	0
971	2.276059	-0.4319848	0	0
972	-0.6023421	-3.904954	0	0
973	-3.395609	-1.309006	0	0
974	-5.512856	-2.412289	0	0
975	-4.273329	1.502927	0	0
976	0.169905	3.601159	0	0
977	-3.321203	-0.20549	0	0
978	-3.554539	-3.276829	0	0
979	-0.4412889	6.033481	0	0
980	-3.769657	1.74168	0	0
981	-5.178866	-2.788958	0	0
982	-1.931043	-4.275233	0	0
983	0.7634771	5.555834	0	0
984	-0.9705352	1.66844	0	0
985	0.5684062	5.265362	0	0
986	-3.767969	-3.870351	0	0
987	2.956559	4.206295	0	0
988	-6.379106	0.7598082	0	0
989	3.822456	-1.094171	0	0
990	-4.218422	-0.3840317	0	0
991	3.812387	2.005596	0	0
992	-2.481476	0.6991596	0	0
993	-3.48347	2.89366	0	0
994	4.67256	0.3446919	0	0
995	-4.212703	-1.065315	0	0
996	3.834452	0.4100907	0	0
997	-3.914557	-1.08785	0	0
998	0.846658	4.652552	0	0
999	-3.157737	-1.779326	0	0
1000	1.419591	5.741804	0	0
