from	to	label	distance	angle
1	235	1	0.39263717	0.61473538
1	390	2	0.48912887	-0.097537979
1	405	3	0.75160562	2.361475
1	470	4	0.97994513	2.4331981
2	28	5	0.94503699	-0.23872056
2	65	6	0.55896842	-1.4771378
2	78	7	0.67687304	3.1053893
2	125	8	1.0848375	2.4598839
2	188	9	0.78865947	-0.69963296
2	229	10	0.75873149	1.4783243
3	64	11	1.247839	0.67487074
3	93	12	0.61617818	1.6027949
3	397	13	0.93180936	1.2400754
3	448	14	0.68844002	-2.6175597
4	20	15	0.3139787	0.89842919
4	165	16	0.19119424	-2.4414952
4	206	17	0.96619196	-1.5056284
4	289	18	0.76969667	-1.7738055
4	393	19	0.59706489	0.79875476
4	426	20	0.87233497	-1.6910599
5	168	21	0.77030663	-3.0167153
5	373	22	0.68465023	-0.16068543
5	433	23	0.41637706	-2.0434144
5	467	24	0.34653336	-2.2540592
6	49	25	0.97659693	1.529517
6	129	26	0.92823916	1.5785437
6	151	27	0.47216931	-0.38236881
6	258	28	0.97566193	-1.1203646
6	322	29	0.44718574	-1.8491012
7	92	30	0.49035718	-0.16738145
7	101	31	1.2559299	2.7596127
7	105	32	1.0311412	2.734651
7	321	33	0.17259522	0.61186979
7	420	34	0.4332411	-1.9909105
8	74	35	0.42171989	1.9878987
8	486	36	0.40961156	-1.6758515
9	91	37	0.77789025	0.12229151
9	160	38	0.51941621	-1.0080739
9	242	39	0.11715492	2.6389938
9	404	40	0.32565273	0.30809213
10	69	41	0.36815627	-2.1486735
10	215	42	0.44603533	0.65298069
10	225	43	0.51904649	1.1076528
10	312	44	0.52220655	-1.9830711
10	439	45	1.0736899	-2.1231057
11	32	46	0.97868331	1.6525834
11	115	47	1.177193	1.854997
11	227	48	0.70834438	2.1847223
11	386	49	0.83999297	-1.1993495
12	425	50	0.40524814	0.26893328
12	482	51	0.63634149	-2.7329501
13	260	52	1.3949825	1.4051423
13	263	53	0.38586182	-1.892948
13	268	54	0.47286822	-2.0986409
13	401	55	0.8165981	0.18365652
14	88	56	0.56583582	-2.4891174
14	136	57	0.9731259	2.8635498
14	251	58	0.9339597	-0.14760403
14	311	59	0.37097823	2.0219921
14	384	60	0.80562823	-1.018877
14	427	61	0.88493435	-0.032078656
15	45	62	0.38539714	0.94084074
15	170	63	0.3539631	-2.7807199
15	406	64	0.22007749	-0.79229032
15	442	65	0.73408982	2.3633808
16	381	66	0.22035861	0.42087303
17	67	67	0.38420352	0.075987636
17	372	68	0.33356988	2.6536643
17	387	69	0.79300828	-2.6030704
18	168	70	0.46596367	1.7215251
18	175	71	0.76262284	-2.7517124
18	259	72	0.64597134	-2.2731109
18	359	73	0.38929901	-0.35684888
18	467	74	0.55591111	0.54434326
18	485	75	0.66626362	1.0608071
19	36	76	0.26029184	-2.8030126
19	61	77	0.40748164	-1.5885599
19	202	78	0.21324742	-1.7810761
19	371	79	0.86595065	3.1348386
20	165	80	0.50283803	-2.318152
20	293	81	0.55424969	0.71306083
20	393	82	0.28635418	0.689428
21	68	83	0.99506204	2.8526231
21	287	84	1.1405935	2.1459436
21	302	85	0.76275887	-0.36158649
22	186	86	0.70287351	0.14019024
22	288	87	0.90418753	1.8469333
22	357	88	1.6459379	-0.51395445
22	418	89	1.1679473	2.9206301
22	435	90	1.1506659	3.0049169
22	464	91	1.0535056	2.3185593
23	350	92	0.63436787	-2.4008561
23	371	93	0.43251138	0.29212017
23	440	94	0.70879107	-0.68540978
24	77	95	0.97125731	-2.6372267
24	230	96	0.70272967	2.2952109
24	234	97	1.261955	-1.9643782
24	294	98	0.50717216	1.349585
24	345	99	0.90985913	-1.3958983
24	434	100	0.72617893	0.41423813
25	108	101	0.8694976	1.0458152
25	117	102	1.3094115	-2.8944397
26	124	103	0.33877994	-0.50506946
26	153	104	0.95341847	-2.5101438
26	417	105	0.57563051	-1.553667
26	440	106	0.20029219	-2.1299707
27	111	107	0.76602981	-1.6358661
27	227	108	0.90134731	2.0240427
27	296	109	0.7888445	2.4857983
27	386	110	0.63662773	-1.0472894
28	188	111	0.42426996	-2.4069935
28	209	112	0.82161215	-0.67249615
28	210	113	0.92739	0.55089997
28	229	114	1.2952801	2.2847409
29	61	115	0.049656744	-1.0733761
29	445	116	0.46257356	-3.1011097
29	464	117	0.66491682	-0.90057418
29	500	118	0.64364758	-2.5821206
30	96	119	0.51884696	-2.1589855
30	178	120	0.80964313	-2.2243845
30	226	121	0.27365317	2.6054633
30	312	122	0.73341974	1.0414346
30	439	123	0.19811063	1.4884609
30	499	124	0.44860601	0.88036264
31	136	125	1.1765263	0.4209275
31	153	126	0.64184393	1.4004099
31	199	127	0.68745746	-0.45818291
31	359	128	0.80631058	2.4291801
31	417	129	1.0831412	0.60923903
31	434	130	1.1630102	-2.4958032
31	459	131	0.46636346	-2.615468
31	484	132	0.042542159	-1.3928354
32	98	133	0.44238504	-0.9742062
32	115	134	0.29402064	2.5880844
32	122	135	0.98115517	2.2140336
32	299	136	0.59930484	2.2146551
33	128	137	0.92167367	3.0379387
33	139	138	0.48664861	2.3627834
33	149	139	0.78477163	3.0652852
33	242	140	0.79133789	0.53116626
33	342	141	0.34272659	-2.6519087
33	381	142	0.75380219	1.5905765
33	441	143	0.43566725	0.097463358
34	155	144	0.7719296	1.4056285
34	357	145	1.8528621	1.7451709
34	472	146	1.6142502	-1.3831311
35	38	147	1.0611165	2.6722489
35	169	148	0.53983411	1.9094435
35	184	149	0.52081782	-2.7950216
35	227	150	0.8947656	-0.94157762
35	296	151	1.0935556	-1.2966439
35	420	152	0.94004816	2.6442781
36	185	153	0.1935542	-1.6173268
36	371	154	0.62724535	2.9938985
37	112	155	0.89202299	-0.78753107
37	330	156	0.90042011	-2.5581217
37	384	157	0.30708785	1.284913
38	184	158	0.79991717	-0.96342495
38	251	159	0.93857902	2.8735681
38	427	160	1.0098065	2.7796811
39	103	161	0.53893282	-0.69447056
39	118	162	0.97545705	-1.776104
39	407	163	1.0082802	2.5017285
39	416	164	0.7314494	1.6727975
40	123	165	0.48003088	0.19083766
40	151	166	0.57838016	2.9844805
40	208	167	0.50622101	-1.215491
40	413	168	0.54969933	-2.316944
41	42	169	0.33059894	-0.87667212
41	149	170	0.42652153	-2.7651699
41	181	171	0.63150566	-3.0214399
41	218	172	0.33285997	0.73937437
41	290	173	0.83453407	3.0454461
41	339	174	0.38051271	0.10798288
42	339	175	0.33899279	1.0563305
42	342	176	0.17809076	-2.3736585
43	113	177	0.78133812	-1.2891895
43	195	178	0.7009305	2.6041683
43	217	179	0.45041593	1.6459761
44	50	180	0.30186764	-3.1068957
44	471	181	0.38184115	1.1423751
45	166	182	0.63783367	-0.34085468
45	197	183	0.59703233	-1.355576
45	406	184	0.4736896	-1.7244516
45	473	185	0.59692809	0.32863663
46	331	186	0.7750352	0.27992543
46	379	187	0.94215729	-2.548153
46	433	188	0.22546445	0.94678642
46	456	189	0.73927375	0.30868997
46	498	190	0.68575081	-2.1651076
47	283	191	0.56022536	-2.2209067
47	331	192	1.0215821	3.0621291
47	464	193	0.73002111	-0.12486344
48	182	194	0.62211858	0.86054589
48	236	195	0.59775697	0.14225219
48	260	196	0.25286654	-1.4687955
48	292	197	0.79844027	1.0133472
48	393	198	0.14306515	-2.7509511
49	129	199	0.067208318	-2.355558
49	148	200	0.23391409	0.39615636
49	157	201	0.072470239	0.37042218
49	479	202	0.4847883	-0.89678379
50	180	203	0.18342339	-1.8577755
50	208	204	0.90402177	1.5341124
50	382	205	0.90870555	2.1004242
50	431	206	1.0696474	-0.81422279
51	90	207	0.76148127	0.38968999
51	152	208	0.94841633	-2.324399
51	284	209	1.5727715	0.67407296
51	399	210	0.56059071	2.5143033
51	436	211	0.66901348	-1.9267652
52	190	212	0.81946066	2.0223501
52	225	213	0.68491377	-1.5049711
52	332	214	0.56457268	1.2193095
52	351	215	0.66272515	1.4962475
52	366	216	0.8578321	-1.8474466
52	451	217	0.56191396	2.4352416
53	316	218	0.16470779	-0.24753929
53	405	219	0.64151759	2.7010939
53	431	220	0.40618026	1.5744188
54	170	221	0.56254636	-0.23321927
54	355	222	0.49181709	1.5521064
54	390	223	0.74524269	-0.51168865
54	442	224	0.6220323	0.96208639
54	480	225	0.86089319	2.5763248
55	216	226	0.73661104	-1.8758839
55	264	227	0.9478534	-0.67185206
55	291	228	1.1131166	2.4342297
55	365	229	0.98245294	-2.5082872
55	450	230	0.90560608	1.6373455
55	497	231	0.847991	0.52975045
56	203	232	0.93733518	2.2037332
56	243	233	1.2143271	1.810003
56	455	234	0.28040006	0.011332069
56	480	235	0.49068646	-1.3281433
57	95	236	0.51226995	0.49831593
57	279	237	1.6058463	-1.9024172
58	369	238	0.50025498	-2.4766864
58	439	239	1.105416	0.76299292
59	84	240	0.39409965	-2.5332751
59	123	241	1.162922	-1.059991
59	148	242	0.69423455	2.8082285
59	150	243	1.1415386	0.8931251
59	388	244	0.55235243	2.3927475
60	98	245	1.0133462	1.9202743
60	214	246	0.52994719	-0.95395584
60	222	247	0.34700256	1.9445511
60	317	248	0.71224742	1.9443536
60	344	249	0.48032703	-1.1478161
60	386	250	0.48789448	-2.0172967
61	185	251	0.27826826	2.6651598
61	202	252	0.20233022	1.7560779
61	288	253	0.93945465	-0.41636874
61	343	254	0.91438559	-0.42865711
61	373	255	1.1037059	-3.0732253
61	421	256	1.5838271	-0.34709739
61	445	257	0.48652729	3.0903543
62	75	258	0.097336343	-1.4129704
62	76	259	1.1713588	-1.5269079
62	214	260	1.1553353	1.8898137
62	270	261	0.52034803	-1.3742434
62	298	262	0.2114188	-2.8688106
62	335	263	0.16645139	1.5189341
63	184	264	0.93850817	-0.42043037
63	251	265	0.72642583	2.3391144
63	384	266	1.0065513	-3.1154673
64	159	267	0.29715296	-0.82066063
64	167	268	0.9466336	1.5800077
64	194	269	1.190894	1.2313817
64	226	270	1.0475608	-2.1345383
64	397	271	0.67936606	2.9913773
64	447	272	0.56596141	-2.0100145
65	78	273	0.93198362	2.468482
65	131	274	1.2780083	-0.16747893
65	188	275	0.55325588	0.088087006
65	228	276	0.84783788	-0.28439927
65	390	277	1.0138229	2.4762233
65	394	278	0.50403632	1.2159505
66	183	279	0.37971352	2.0490937
66	238	280	0.088480661	0.93730921
66	314	281	0.37037775	-1.3742919
67	106	282	0.76035943	1.9173762
67	193	283	0.71734593	-0.40567248
67	362	284	0.71752142	-0.1695143
67	372	285	0.68957424	2.9560539
68	74	286	0.51237565	-2.2349777
68	110	287	1.269058	2.0503408
68	287	288	0.7515156	1.1111891
68	309	289	0.9668894	-0.86227306
69	225	290	0.88578553	1.060053
69	231	291	0.13930568	1.5382592
69	439	292	0.70571673	-2.1097687
70	71	293	0.75120824	3.0270807
70	113	294	0.85378437	-0.21768758
70	195	295	0.92510321	1.5552507
70	396	296	1.2000604	-1.0397182
70	463	297	0.55998217	-1.8616566
71	134	298	1.1690708	-1.7765394
71	162	299	0.51172588	1.1607979
71	195	300	1.1326084	0.83441917
71	430	301	1.0211722	-2.2900034
71	453	302	0.67445344	-2.2817535
71	463	303	0.85457308	-0.81568485
72	191	304	1.0441397	-2.4243457
72	310	305	0.98833764	2.9484478
72	384	306	0.35717319	-1.4673912
73	249	307	0.18162864	1.8351302
73	355	308	0.46368082	-1.0776705
73	455	309	0.35649256	3.0278773
74	166	310	0.93395853	2.5211174
74	309	311	1.0012051	-0.33665129
74	473	312	1.2385815	2.2688038
74	486	313	0.80316544	-1.4108813
75	135	314	0.64288053	-2.1676974
75	270	315	0.42310145	-1.3653363
76	215	316	1.3278507	-2.0164467
76	238	317	0.40345977	-2.4821916
76	270	318	0.66181048	1.4948313
76	335	319	1.3371425	1.6027833
77	221	320	0.037962219	2.0583189
77	230	321	1.0673368	1.2021476
77	234	322	0.78662655	-1.086332
77	261	323	0.47298522	-2.1683307
77	423	324	0.61972632	2.2130878
77	469	325	1.0413209	-1.6465504
78	125	326	0.67964868	1.8174507
78	235	327	0.39611772	2.205603
78	316	328	0.46570304	2.4210825
78	390	329	0.082184541	2.5641221
79	95	330	0.40541315	0.26811484
79	247	331	0.77820815	-2.4451935
79	266	332	0.50378223	-1.936442
79	389	333	0.48360028	2.2824564
80	87	334	0.37181125	1.9434752
80	126	335	0.41327798	-0.39086207
80	282	336	0.53473895	-1.8922884
80	329	337	0.30810224	2.3372826
80	488	338	0.34760327	-2.6918324
81	224	339	1.1136372	0.69775038
81	233	340	0.40745644	-2.8569617
81	248	341	0.31555005	-2.2994932
81	274	342	0.62106429	2.6015898
81	346	343	1.095444	0.21660956
82	124	344	0.75760602	3.0579237
82	185	345	0.76323732	2.6725358
82	343	346	0.43007947	-0.38787003
82	415	347	0.29337645	-1.1008551
83	127	348	0.79455234	0.60789381
83	354	349	0.34358623	-1.6261732
83	369	350	0.084664984	1.3043012
83	429	351	0.27055289	-1.7763022
84	148	352	0.56150741	2.2047765
84	151	353	0.8040466	-1.7592637
84	157	354	0.61810202	2.4621998
84	479	355	0.24640388	-3.0739892
85	90	356	1.126896	-2.6334296
85	226	357	0.64919103	1.4541049
86	95	358	0.88470162	-2.5173841
86	272	359	1.1487952	-1.8192175
86	356	360	0.75182706	1.1929049
86	379	361	1.3662603	0.98391594
86	454	362	0.62775936	0.30855181
86	476	363	1.1723219	-1.3521733
87	126	364	0.72218489	-0.77193635
87	244	365	0.48481094	-2.4505066
87	273	366	0.31808786	-2.9998078
87	313	367	0.27312142	-1.0682704
87	321	368	0.093738466	-2.7159742
87	326	369	0.82272407	2.8386713
87	329	370	0.1469566	-2.1328872
87	421	371	1.4123756	2.9151431
87	443	372	0.63182479	-0.7665271
88	136	373	0.7805329	2.2431666
88	145	374	0.27462814	-1.6611877
88	199	375	0.95936642	-2.959039
88	310	376	0.24328435	2.1581324
88	338	377	1.3253856	-2.2856955
88	384	378	0.93684789	-0.37421618
89	100	379	1.0891899	-2.3006162
89	175	380	0.73072594	0.65530981
89	269	381	0.18400913	-2.9917236
89	300	382	0.3585251	0.29038198
89	315	383	0.12519554	-1.5089362
89	340	384	1.2586904	-2.3850361
89	483	385	0.97710223	1.0044723
90	178	386	0.90189642	0.47257614
90	280	387	0.54665774	-1.6576343
90	284	388	0.8685609	0.92259953
90	354	389	0.25852142	-1.2656396
91	212	390	0.62345779	-0.086808119
91	334	391	0.59506341	-0.0097166834
92	169	392	0.25351814	-1.6235577
92	321	393	0.38706104	2.6554784
92	492	394	0.10728323	2.4483279
93	172	395	0.64330372	1.7397487
93	397	396	0.41753822	0.68898146
94	298	397	0.50995946	-1.5405068
94	344	398	0.68674387	1.9476123
94	432	399	0.2015362	-3.0598487
94	460	400	0.29277623	1.8057393
95	100	401	0.64467062	1.7714472
95	266	402	0.81243438	-2.3502575
95	272	403	0.73847696	-0.94022436
96	127	404	0.26822862	-2.8722591
96	178	405	0.29386812	-2.3400269
96	354	406	1.2721361	-2.3904151
96	439	407	0.69877163	1.1204203
97	385	408	0.46815501	-0.4199469
97	391	409	0.95388359	-1.583154
97	430	410	1.1710666	1.6076039
98	299	411	1.0414056	2.1945817
98	317	412	0.3017929	-1.2781719
98	323	413	0.83769021	2.2287478
98	341	414	1.1154741	2.3342066
99	165	415	0.64296022	-2.5376289
99	247	416	0.19623981	-0.231836
99	293	417	0.43342581	1.0065719
99	389	418	0.94649997	1.0485243
99	410	419	0.78657838	-1.8835674
99	462	420	0.65434322	1.104766
100	269	421	0.95463563	0.9641468
100	340	422	0.19620142	-2.8721651
100	389	423	0.68809159	-2.5688286
101	105	424	0.22657628	-0.26814637
101	415	425	0.90844044	3.09029
102	156	426	0.59991652	-1.7008931
102	176	427	0.77581945	-0.019432552
102	305	428	0.41615337	-0.67633264
102	337	429	0.67123149	2.5760208
102	444	430	1.4358553	1.879452
103	118	431	0.86482383	-2.3585751
103	146	432	0.45204665	0.044512098
103	167	433	0.91737336	-1.7139995
103	192	434	0.44182712	-1.1458606
103	194	435	0.78134922	-1.2121104
103	271	436	0.99272599	1.3000945
103	416	437	1.1785974	1.9982482
104	278	438	0.42620354	-2.3295386
104	304	439	0.66670271	-1.0473264
104	465	440	0.89477153	1.6137874
105	273	441	0.91473024	-0.35183566
105	326	442	0.38912161	-0.063931109
105	343	443	0.88464872	2.907127
106	161	444	0.58878915	0.68765469
106	372	445	0.72223031	-2.1904845
106	472	446	0.90512618	1.4614739
107	219	447	0.74386555	-1.319698
107	263	448	0.30805367	-0.1836752
107	289	449	0.70499399	1.6769022
107	437	450	0.47395379	-1.0364411
108	177	451	1.1132489	-0.24682601
108	308	452	0.87551264	1.0528919
108	363	453	0.87937378	2.6806898
109	171	454	1.337503	1.1474108
109	224	455	0.84047777	-0.42215969
109	274	456	0.96543006	-2.2673123
109	361	457	0.84663146	2.8587725
109	398	458	0.80114173	0.96211127
110	121	459	1.0221695	0.15785396
110	189	460	1.0222298	2.5706449
110	287	461	1.024205	-0.4574872
110	376	462	0.23986698	1.4700543
110	473	463	0.78357061	-2.3073435
111	271	464	0.93818573	-1.002439
111	296	465	1.3719325	2.0035894
111	327	466	1.0694768	2.1518033
111	386	467	0.42528301	0.52469099
111	416	468	0.7192181	-1.9244382
112	239	469	1.0129617	-0.59887357
112	262	470	0.7690575	0.49645045
112	384	471	1.0739913	2.100656
112	450	472	1.2478525	-1.8652358
113	217	473	1.2256732	1.7770106
113	291	474	0.7552984	0.41607039
113	365	475	1.246594	-0.93027277
113	396	476	0.87985234	-1.8303908
114	175	477	0.62009605	0.66470752
114	204	478	0.29015221	-2.4737245
114	230	479	0.46951649	-1.3361109
114	259	480	0.79660729	0.22695696
114	423	481	1.1542136	-2.1655133
115	122	482	0.71557516	2.0633301
115	227	483	0.55646802	-1.7114115
116	222	484	0.53185089	-0.98447892
116	253	485	1.0289806	1.9049399
116	286	486	0.48044447	3.1324895
116	317	487	0.19113662	-0.56875128
117	121	488	0.69554416	1.7070546
117	250	489	0.1008945	2.2505518
117	257	490	0.59406868	-0.72317691
117	295	491	0.81808502	-0.60337431
118	167	492	0.56668483	-0.55356182
118	172	493	0.98647226	-2.2392743
118	319	494	0.95519684	2.340675
119	130	495	1.0775603	-2.3247743
119	199	496	0.67291214	0.18753474
119	409	497	0.48237486	-1.5310218
119	459	498	0.40846198	2.6429776
119	484	499	0.39114579	1.4372182
120	292	500	0.097753333	0.7695492
120	293	501	0.56195379	-2.1051852
120	393	502	0.82197136	-2.2011153
120	412	503	0.092355312	0.39783345
120	423	504	0.75045175	0.35652474
120	462	505	0.34718728	-2.2719328
121	147	506	1.1513589	2.5414102
121	250	507	0.61141831	-1.5199777
121	257	508	1.2094119	-1.1080797
121	287	509	0.61972594	-1.7174827
121	363	510	1.274738	0.65325757
121	376	511	0.98841679	3.0626304
121	378	512	1.3362137	1.7895425
122	169	513	0.44846293	3.027433
122	299	514	0.38185063	-0.9285344
122	496	515	0.47019281	2.3570568
123	150	516	1.9094565	1.4936333
123	208	517	0.63805749	-2.0518075
123	265	518	1.4834154	-1.2335153
123	471	519	1.1190719	-1.452614
124	185	520	0.29129954	1.3134084
124	198	521	0.28547788	-0.62941747
124	415	522	0.94538465	-0.35080726
124	417	523	0.50158084	-2.1790489
124	440	524	0.40277513	-3.1270393
125	229	525	0.91526405	0.078649864
125	265	526	0.97705431	1.8403105
125	431	527	0.35793429	2.8737982
125	471	528	1.3773373	2.036993
126	144	529	0.19510366	-1.6743847
126	253	530	0.71048718	-0.57274495
126	323	531	0.71039919	-0.7972992
126	341	532	0.43552619	-0.99448647
126	443	533	0.090433949	2.3318553
127	439	534	0.89851221	0.89400049
128	139	535	0.621332	0.40790371
128	486	536	0.62360881	2.3565231
129	148	537	0.29717865	0.48221846
129	437	538	0.41950289	1.672509
129	466	539	0.57166902	-1.6226659
130	205	540	0.60423045	-1.9848992
130	345	541	0.93787195	-2.3410368
130	409	542	0.81541237	0.38140587
130	459	543	1.0514849	1.2021482
131	181	544	0.4922885	-1.0800922
131	188	545	0.75577545	2.787987
131	209	546	0.25090932	0.1370524
131	228	547	0.44703712	-3.0859828
131	303	548	0.36039382	-1.0582908
132	377	549	0.79832488	-1.3885822
132	400	550	0.7766238	1.4528189
133	137	551	0.6058748	0.23108529
133	218	552	0.12513486	1.9682641
133	274	553	0.82101555	0.6236587
133	339	554	0.10794289	-0.68032139
133	353	555	0.69685586	1.6562577
134	275	556	0.64921311	-0.50029918
134	385	557	0.98567045	-1.5335844
134	430	558	0.57425178	2.4273575
134	463	559	0.97594224	0.56449491
135	158	560	0.39205969	1.9863613
135	220	561	1.2848678	-1.6696681
135	298	562	0.58838694	1.3262613
135	332	563	0.36502764	-1.9881919
136	198	564	0.50649187	0.85640715
136	199	565	0.90831297	-2.0983656
136	311	566	0.77686384	0.086035126
136	417	567	0.2318991	2.498393
137	233	568	0.23730459	-0.40275982
137	274	569	0.34923819	1.3494075
137	339	570	0.54644623	-2.7537401
137	441	571	0.42683097	-1.7230261
138	446	572	1.4905464	0.51413499
138	454	573	0.64907683	3.0889632
138	476	574	1.6359989	-2.2222922
139	381	575	0.52864065	0.89308723
139	486	576	1.0299582	2.951768
140	180	577	0.28523368	0.17390903
140	258	578	1.06727	1.9495787
140	461	579	0.45980526	2.52901
140	470	580	0.63999857	-1.120804
140	480	581	0.45518628	-1.2752328
141	168	582	0.35018492	0.032776708
141	483	583	0.495412	-2.3286842
142	173	584	0.69925257	2.7818053
142	281	585	0.91382899	-2.2819411
142	392	586	0.96056175	1.4278365
142	474	587	0.13728099	0.027039219
142	495	588	0.49298168	0.24649706
143	148	589	1.1037082	-1.5149344
143	247	590	1.2486755	1.4351473
143	266	591	1.3948601	1.1374294
143	279	592	0.20088161	0.41287433
143	349	593	0.33426253	-1.1008966
143	410	594	0.59565244	2.0302635
143	426	595	0.53875264	2.8121371
143	437	596	0.85797238	-1.8594876
144	174	597	0.90119213	-0.79820105
144	282	598	0.5533001	-2.8560909
145	191	599	0.40662788	-1.3901609
145	330	600	0.86164369	-1.5025572
146	183	601	0.30699499	-1.3677332
146	238	602	0.63596453	-1.0989626
146	241	603	0.21182111	1.0018678
146	271	604	0.95477901	1.767005
147	232	605	0.61961984	-3.0588709
147	256	606	0.35856979	-2.5593283
147	376	607	0.57339431	-1.6322206
147	378	608	0.92933579	0.78077208
147	385	609	1.5121573	1.8197323
147	391	610	1.0736419	2.4281846
148	157	611	0.16147861	-2.733888
148	388	612	0.29219633	0.53457867
148	437	613	0.41436386	2.401204
149	181	614	0.2441543	2.8030232
149	228	615	1.0325425	2.6466424
149	342	616	0.52847815	-0.43149767
150	272	617	1.6946523	1.4769227
150	476	618	1.7964284	1.1732089
151	258	619	0.70229936	-1.5897527
151	413	620	0.53238074	-1.1894988
151	479	621	0.77900286	1.69331
152	242	622	0.69817746	-3.0549642
152	404	623	0.28315198	-3.077664
152	436	624	0.42080164	0.15398071
153	350	625	0.54410865	2.2780689
153	359	626	0.72673635	-2.9959146
153	440	627	0.77101779	0.5349008
154	224	628	0.60818173	-2.6560037
154	429	629	0.34580794	-0.65729711
155	307	630	0.92205038	1.1984709
155	357	631	1.1540071	1.9698412
155	403	632	1.227321	-0.6365198
156	213	633	0.11036774	-1.0898649
156	305	634	0.52316562	0.69334199
156	336	635	0.79441586	-0.25280658
156	493	636	0.38446613	2.8815862
157	479	637	0.46825836	-1.045014
158	298	638	0.36805305	0.61446865
158	332	639	0.69245671	-1.5559184
158	351	640	0.57748484	-1.8062488
158	368	641	0.7406469	2.2799506
158	432	642	0.71049445	1.4516943
158	478	643	0.42917982	-3.087783
159	223	644	0.067352691	-0.56899373
159	348	645	0.86660477	0.99134286
159	447	646	0.5323543	-2.5546061
160	334	647	1.2113509	0.45141221
160	425	648	0.61038092	0.60839686
160	441	649	0.64330078	2.9264917
160	482	650	0.47391352	-3.1169652
161	318	651	0.42547688	1.0400898
161	451	652	0.78704346	-0.18302481
161	472	653	0.63527578	2.1660772
162	195	654	0.66834735	0.58640267
162	211	655	0.74511291	1.5473504
162	276	656	0.74701332	-3.0156355
162	453	657	1.1730284	-2.1520721
163	230	658	0.81527613	-2.8787551
163	259	659	0.44079417	1.8471676
163	294	660	0.32157519	-2.283616
163	359	661	1.0238149	0.86795144
163	434	662	0.56260125	-0.91474813
164	186	663	0.24951214	3.0624667
164	244	664	0.44174711	0.01474972
164	357	665	1.0132533	-1.0676383
164	421	666	0.84556977	2.2962985
165	410	667	0.47893174	-0.92774301
165	426	668	0.74401107	-1.5149024
166	197	669	0.6010458	-2.4783791
166	473	670	0.40749066	1.6596421
167	194	671	0.44192542	0.41050376
167	397	672	1.0739939	-2.2361256
168	175	673	0.98339579	-2.2733278
168	483	674	0.78402628	-2.6482572
169	313	675	0.25880246	2.0180525
169	420	676	0.64968073	-3.0480131
169	477	677	0.22175667	1.0320134
169	496	678	0.30288479	1.189251
170	390	679	0.25627711	-1.1594346
171	361	680	1.6801775	-2.5165387
171	372	681	1.818481	1.0060072
171	387	682	1.1364423	1.0278122
171	398	683	0.56953508	-1.732025
172	277	684	0.80390074	-1.7232168
172	397	685	0.5667772	-0.70825415
172	424	686	0.97149431	-3.0671409
173	367	687	0.13605517	1.2116871
174	253	688	0.45451268	1.596649
174	286	689	0.53614139	-1.8635186
175	204	690	0.91024727	-2.4758777
176	189	691	0.9364349	-0.37519816
176	278	692	1.2951284	1.7755255
176	305	693	0.51355725	-2.6433708
176	336	694	0.78302765	-1.67871
177	308	695	1.2181433	2.1298441
177	424	696	0.80153069	1.386824
177	448	697	0.97878583	-0.84826114
179	190	698	0.11960866	-2.0336338
179	351	699	0.39830855	-0.47868638
180	382	700	1.0428988	1.9718856
180	405	701	0.76326355	-1.2956698
180	431	702	0.99012828	-0.65343651
180	470	703	0.62564728	-1.5748854
181	228	704	0.79228052	2.5986288
181	290	705	0.25647817	2.4886921
181	303	706	0.13221396	2.0020433
182	236	707	0.42936272	-1.1225412
182	292	708	0.20655372	1.4895786
182	364	709	0.37865984	1.2053929
183	314	710	0.74265941	-1.2316301
183	348	711	1.0670613	-1.5319968
184	262	712	0.67539578	-2.8352931
185	440	713	0.55687735	-2.5989643
186	357	714	1.1691901	-0.88844229
186	421	715	0.68788935	2.0420651
187	196	716	0.73854047	-2.3672296
187	254	717	0.10084908	1.0504235
187	392	718	0.66528839	-1.9530008
187	402	719	0.12529052	1.3095588
187	457	720	0.67970128	0.73923634
189	232	721	0.36624416	0.60174029
189	255	722	0.67683119	-2.0295248
189	336	723	1.0501038	-2.7141557
189	376	724	0.93824587	-0.34101732
189	380	725	0.68411832	2.2400764
189	391	726	0.96713102	1.459313
189	473	727	1.1810423	-1.284311
190	318	728	0.64331609	2.9260531
190	351	729	0.41406023	-0.18568029
190	375	730	0.57053295	2.4815845
190	478	731	0.47566867	1.3307227
191	330	732	0.45984879	-1.6018994
192	194	733	0.34174536	-1.297804
192	348	734	1.0152055	-1.1948314
193	231	735	0.57581171	-0.90531383
193	362	736	0.16903448	1.282172
194	348	737	0.67618347	-1.1428572
195	211	738	0.65683761	2.5338476
195	217	739	0.5754227	0.15761415
195	338	740	0.91838799	1.1508813
195	409	741	1.1118056	1.8835701
196	254	742	0.83602309	0.80724865
196	367	743	0.82143827	-2.1706097
196	408	744	0.84340477	1.4623886
197	406	745	0.2307824	2.6192017
198	311	746	0.54341068	-0.6203516
198	415	747	0.67549341	-0.23431478
198	417	748	0.57185681	-2.7016092
199	338	749	0.83006984	-1.4808273
199	409	750	0.88378293	-2.3837878
200	214	751	0.66535177	1.6268712
200	241	752	1.1114267	-1.6765949
200	335	753	0.42705516	-0.67392839
201	216	754	0.37415054	1.711214
201	308	755	1.3996716	-1.2765653
201	365	756	0.79364868	2.4735358
201	367	757	0.91114404	-0.22775943
201	489	758	1.1445225	-2.7990443
203	322	759	0.75889723	2.1298608
203	360	760	0.98108471	1.8308141
203	458	761	0.70870236	1.647528
203	461	762	0.55681631	-1.2726456
204	340	763	1.0792154	-2.3769585
204	374	764	0.66171944	-2.5171481
205	211	765	0.82143458	0.21328932
205	245	766	0.73793213	-1.9324553
205	345	767	0.4271251	-2.8568309
206	289	768	0.30294383	2.3745277
206	426	769	0.19418346	2.6119466
206	437	770	0.9039827	-1.4622435
207	278	771	1.1099173	-0.99822924
207	352	772	0.96011853	1.2443839
207	428	773	0.59667086	2.2055808
207	444	774	0.88855051	-1.9722516
207	465	775	0.89778994	0.30586598
208	382	776	0.50647288	-2.9040003
208	413	777	0.55381065	3.0131213
208	471	778	0.69293352	-0.906567
209	218	779	0.8727521	-0.19428152
209	290	780	0.38248183	-2.1845738
209	353	781	0.939666	0.45202848
210	229	782	1.711075	2.8490173
210	353	783	0.91176822	-0.69920696
210	361	784	1.2425471	0.14145013
211	276	785	1.1308945	-2.3060351
211	409	786	0.71068375	1.2897422
212	280	787	0.71982036	0.79192987
212	334	788	0.05486362	2.0660637
212	436	789	0.40935699	2.791142
213	249	790	0.23572246	-1.2280821
213	336	791	0.72515552	-0.13953009
213	493	792	0.46613051	2.7059846
214	335	793	1.0020188	-1.1915362
214	344	794	0.10953815	-3.0894198
214	386	795	0.51729072	-3.1265525
215	220	796	0.46445328	1.4670752
215	223	797	0.70409963	-2.091125
215	225	798	0.22884872	2.135049
215	312	799	0.93766786	-2.2155244
216	365	800	0.58339217	2.9323758
217	330	801	0.93917632	0.71538598
217	338	802	0.77299096	1.8243201
217	395	803	0.17805217	-0.16871162
218	339	804	0.22607109	-0.94538258
218	353	805	0.57903808	1.5898705
219	263	806	0.67468091	1.3949267
219	268	807	0.62178048	1.567513
219	301	808	1.3678396	-1.3469472
219	360	809	1.1658203	-1.4558053
219	437	810	0.31772792	1.3918561
220	225	811	0.31811534	-2.1363475
222	317	812	0.36524487	1.9441659
222	344	813	0.82708552	-1.1684617
222	481	814	0.6024007	-1.0903277
223	312	815	0.25447565	-2.5659622
223	419	816	0.78805975	0.98152321
223	447	817	0.56288415	-2.6643346
223	499	818	0.51971284	-2.1817354
224	346	819	0.52662478	-1.1471745
224	429	820	0.814872	0.089180875
225	231	821	0.76479841	-2.1654598
225	332	822	1.2226395	1.4483557
225	366	823	0.31327649	-2.6719342
226	284	824	0.73325624	-2.3899443
226	447	825	0.49103904	0.86340796
226	448	826	1.0383862	-2.9096807
227	296	827	0.40197679	-2.1815324
227	386	828	1.5370542	-1.0884688
228	452	829	0.30083191	2.1821383
228	486	830	0.33358553	-0.042262133
229	265	831	1.4600138	2.503335
230	259	832	0.9215464	0.76152851
230	294	833	0.57783301	-0.054457671
230	423	834	0.90593406	-2.5577293
231	325	835	1.3723767	-2.1417321
231	362	836	0.68754151	2.0343425
231	366	837	0.51383756	1.2763776
232	256	838	0.34992341	-0.43035527
232	391	839	0.77844769	1.823087
233	248	840	0.2176681	-0.58942893
233	274	841	0.45626612	1.8864188
234	345	842	0.69652636	0.39727197
234	449	843	0.92208181	-1.268073
234	469	844	0.56151168	-2.4861901
235	316	845	0.11564764	-3.0403146
235	390	846	0.32045884	-1.0260999
235	405	847	0.90685428	2.8018536
236	252	848	0.9789964	-1.3714982
236	260	849	0.65834626	-2.6054515
236	261	850	0.57767306	-0.17493089
236	364	851	0.742343	1.6392522
237	239	852	0.79255113	-2.4844471
237	262	853	0.90898508	2.6196481
237	296	854	0.67823442	-0.32873387
237	327	855	0.85010121	-0.73555238
237	414	856	0.53134978	-1.306928
238	241	857	0.76519834	1.8014628
238	314	858	0.43501952	-1.5249513
238	419	859	0.92174213	-1.7514031
239	262	860	0.95096247	1.740343
239	328	861	0.56411383	-1.3837864
239	414	862	0.76662074	-0.037604492
239	497	863	1.1711587	-1.9255617
240	254	864	0.85129315	-1.5315525
240	414	865	0.66811242	1.3018109
242	302	866	0.79998956	1.8040962
242	404	867	0.41514818	0.1021102
242	441	868	0.43627996	-2.1773738
243	301	869	0.49329632	2.3570016
243	337	870	0.34573019	0.73841537
243	360	871	0.73758696	2.3512544
243	377	872	0.81522608	1.6345332
243	455	873	1.3065436	-1.1209719
243	458	874	0.42774135	2.419763
243	493	875	0.72613538	-1.0313009
244	282	876	0.64203231	-1.0127308
244	329	877	0.34824244	0.55891003
244	357	878	0.89541869	-1.5184101
244	421	879	1.1821638	2.5834263
244	488	880	0.27180867	-0.76584235
245	276	881	0.3064052	0.082739011
245	345	882	0.58930615	1.8261025
245	491	883	0.86424844	-1.6736065
246	261	884	0.56686036	-1.0705768
246	292	885	0.50580323	2.743784
246	364	886	0.48896833	2.3620123
246	423	887	0.42401488	1.1666298
247	266	888	0.41786675	0.068760767
247	389	889	0.90994008	1.2566538
248	425	890	0.66536311	0.0055193613
248	482	891	0.47223034	-2.2848764
249	297	892	0.69637787	-0.42930735
249	336	893	0.65028194	0.18741633
249	455	894	0.33507752	-2.7273464
250	257	895	0.69374983	-0.74747787
251	427	896	0.11585203	1.9171198
252	261	897	0.93737309	1.1591809
252	352	898	0.6797378	-0.81951427
252	401	899	0.63173293	-1.8712413
252	469	900	0.60088474	0.36017411
254	402	901	0.037962219	2.0583189
254	408	902	0.54038966	2.692681
254	457	903	0.58451212	0.68638327
255	297	904	0.70363588	-2.7943161
255	336	905	0.67798288	2.8857846
255	473	906	0.82339794	-0.69303548
256	376	907	0.45887841	-0.95704303
257	287	908	0.78585379	2.5018225
257	295	909	0.23906141	-0.30182669
257	302	910	1.0339304	-0.82255697
258	413	911	0.29660649	0.77729763
259	359	912	0.8597382	0.4283507
261	469	913	0.67385756	-1.2891422
262	384	914	1.3416728	2.7106812
264	367	915	0.68920483	-1.6043762
264	497	916	1.0185338	1.5807098
266	279	917	1.2515435	-1.897577
267	449	918	0.21500729	0.30693591
267	465	919	0.74758005	-1.6581167
268	400	920	0.54948048	0.12019067
269	315	921	0.21326877	-0.4747148
269	356	922	0.61309816	-0.33260352
270	383	923	0.037962219	2.0583189
271	386	924	1.0130271	1.7063541
272	476	925	0.53760663	-0.057486051
273	321	926	0.22960548	0.027206307
273	326	927	0.55277918	2.5885232
274	353	928	0.75706014	2.8538676
275	385	929	0.85892744	-2.2401917
275	396	930	1.0767788	0.31659259
275	463	931	0.87163884	1.2740351
275	490	932	1.1522059	-0.75200235
276	453	933	0.89182089	-1.4618184
276	491	934	0.96877098	-1.9896973
277	424	935	1.1129789	2.4353296
277	448	936	0.87157534	-1.979167
278	380	937	1.2881465	-0.98687736
278	465	938	1.2299192	1.3621364
279	349	939	0.38004056	-1.656811
279	388	940	1.0417457	-1.4465973
280	334	941	0.70573507	-2.4240753
280	354	942	0.32320507	1.1734154
281	308	943	0.49657404	-3.0044408
281	424	944	0.43380366	-0.80461065
282	307	945	0.74009397	-0.84594114
282	357	946	0.45618427	-2.2685561
282	488	947	0.38425081	1.9551156
283	331	948	0.85975513	2.4817227
283	418	949	0.66029874	-0.24698749
283	446	950	0.62286611	-2.3057327
284	448	951	0.54239346	2.6373842
285	306	952	0.097823062	0.050501376
285	433	953	0.57410352	-3.0690238
285	456	954	0	0
285	500	955	0.82470531	-0.0036415525
286	307	956	0.68276558	2.4242914
286	324	957	0.82287268	-0.78424281
286	403	958	1.1477858	-1.4511264
288	421	959	0.64988678	-0.24687339
288	464	960	0.47987279	-2.9370099
290	303	961	0.152693	-0.23598362
291	395	962	1.1552674	2.2960281
291	450	963	0.80624305	0.22548999
291	494	964	0.73710316	1.2896198
292	393	965	0.91845069	-2.2192202
292	423	966	0.66208203	0.29722791
293	393	967	0.26806089	-2.4032859
294	434	968	0.58937345	-0.35078955
295	320	969	1.1592748	-0.61577138
296	327	970	0.35164203	-1.6037904
297	336	971	0.411062	1.5569044
297	442	972	0.27602688	-1.6423743
298	432	973	0.53861274	1.9840605
299	341	974	0.16761889	-2.904496
299	477	975	0.78330781	2.3682039
300	315	976	0.40564865	-2.5458818
300	356	977	0.33469679	-1.4086396
300	483	978	0.74418371	1.3254827
300	487	979	0.81690118	0.76076434
301	360	980	0.24431524	2.3396501
302	309	981	1.0536994	-2.9691611
302	320	982	0.47147972	0.036291272
302	381	983	0.66593612	-2.4484485
302	399	984	1.117408	0.27436121
304	380	985	0.81090922	-1.4674649
304	391	986	0.72455405	-0.55530891
304	465	987	1.5176008	1.8182617
305	336	988	0.64706298	-0.96811375
306	373	989	0.29003959	0.83307168
306	433	990	0.67190623	-3.0722364
306	445	991	0.86937413	0.37069979
306	500	992	0.72704487	-0.010922928
307	357	993	0.81003161	2.8864169
307	403	994	1.7168326	-1.1815342
308	363	995	1.2757525	-2.8476763
308	367	996	1.2318749	1.1690432
308	424	997	0.82961252	-0.29939683
309	370	998	0.7235676	-1.7488954
309	381	999	0.57996488	-0.43559071
311	415	1000	0.26734309	0.6372346
311	427	1001	1.1071744	-0.3333086
312	439	1002	0.56134736	-2.2533185
312	499	1003	0.29939351	-1.8574779
313	321	1004	0.29549331	2.3951377
313	411	1005	0.095964794	0.54652251
313	443	1006	0.37981721	-0.55116434
313	477	1007	0.22977213	-0.18827257
313	492	1008	0.098189193	1.1199729
314	348	1009	0.41975799	-2.082916
314	419	1010	0.50731981	-1.9451366
315	356	1011	0.4031126	-0.25760134
316	431	1012	0.47472604	1.9171571
317	323	1013	1.1247464	2.1327415
318	375	1014	0.27680278	0.87364822
318	451	1015	0.75648899	-0.7401909
318	472	1016	0.59329399	2.8701932
319	392	1017	0.64220305	2.4216396
319	407	1018	0.87290325	1.5078512
319	495	1019	0.43096361	-1.9055958
320	358	1020	1.3469824	0.54848484
320	399	1021	0.66853738	0.44145274
321	411	1022	0.33478326	-0.46718253
322	360	1023	0.33978841	1.1126645
322	461	1024	1.3047982	-1.1220401
322	466	1025	0.79197602	1.4619629
324	333	1026	0.79939119	-1.0211126
324	403	1027	0.71433395	-2.2442149
324	481	1028	0.61788519	-0.7049914
325	429	1029	1.3491403	-2.2963695
326	421	1030	0.59538296	3.0209091
327	414	1031	0.49507658	3.025275
327	457	1032	1.0825452	-1.7413513
328	414	1033	0.8445633	0.67150348
328	497	1034	0.74681029	-2.3256606
330	494	1035	0.91379507	-1.0716259
331	468	1036	0.4725285	-1.841147
331	498	1037	1.3734202	-2.5355755
331	500	1038	0.78419766	0.0095211183
332	351	1039	0.19531196	2.407593
333	368	1040	0.8526512	-2.0811168
333	432	1041	0.61914397	-1.3256893
333	460	1042	0.41198404	-0.81372075
333	481	1043	0.2861724	1.3846035
334	422	1044	0.16670771	1.4197115
337	444	1045	1.0167023	1.4420579
337	493	1046	0.86372511	-1.4345238
338	409	1047	0.74931077	2.8446271
339	342	1048	0.51223906	-2.1843069
339	441	1049	0.49083691	-0.45392025
340	412	1050	0.36314749	-2.3616538
340	462	1051	0.79464008	-2.3658428
341	443	1052	0.52468423	2.1787738
341	477	1053	0.70859829	2.1664591
342	441	1054	0.76368828	0.26985756
343	421	1055	0.67659452	-0.23677176
344	460	1056	0.39906225	-1.0900556
345	434	1057	1.291682	1.1679082
345	449	1058	1.2069182	-1.8801076
346	347	1059	0.22917516	-2.1273099
346	422	1060	0.12279495	-1.5738131
346	425	1061	0.7720136	-2.4916548
346	429	1062	0.8121777	0.74838119
347	422	1063	0.14042895	0.53667487
347	425	1064	0.56382745	-2.6370041
348	419	1065	0.10818123	-1.3830967
349	388	1066	0.67474762	-1.3287956
350	359	1067	0.63485827	-2.1842737
350	438	1068	0.37142964	-0.11517947
350	440	1069	1.017071	-0.020222539
350	485	1070	0.45099657	2.686138
352	401	1071	0.65961391	-2.9791601
352	428	1072	0.78857929	-2.5664005
352	449	1073	0.83601044	0.20552317
352	465	1074	0.84203063	-0.8617397
352	469	1075	0.71533043	1.4328615
353	361	1076	0.92951404	0.96102658
355	442	1077	0.34699011	0.053559175
356	487	1078	1.0428247	1.029119
358	399	1079	0.68599844	-2.4888101
358	448	1080	0.82904273	0.64437527
360	458	1081	0.31222506	-0.88425814
360	466	1082	0.48680018	1.7031793
362	366	1083	0.47286987	-0.2637082
362	451	1084	1.0987019	1.3287395
363	489	1085	1.3505133	1.7667096
365	396	1086	0.98221831	2.9891778
365	489	1087	0.98717335	-2.04981
367	392	1088	0.94126409	0.66012386
368	375	1089	0.86401589	-2.202287
368	403	1090	0.97550751	2.046371
368	432	1091	0.58457967	0.24778898
368	478	1092	0.58763225	-1.4792084
369	429	1093	0.35509796	-1.7908352
370	381	1094	0.80385321	0.6205221
370	486	1095	0.73286002	2.7935749
371	438	1096	0.78610843	-2.2823963
372	387	1097	0.68275862	-2.1718847
372	472	1098	1.5753347	1.2356014
373	433	1099	0.90393174	-2.8484604
373	438	1100	0.29117306	-2.7665163
374	412	1101	0.79317265	-2.2530618
375	403	1102	1.5659296	1.5302757
375	472	1103	0.75117815	-3.0707541
375	478	1104	0.57487486	0.19646865
377	444	1105	0.61209503	0.77304001
378	385	1106	1.3133852	2.475609
378	489	1107	1.3085779	0.65300659
378	490	1108	0.77711514	1.1154859
379	433	1109	1.1563276	0.66096288
379	454	1110	0.960178	-1.7366032
379	487	1111	0.45841662	1.4429225
379	498	1112	0.3992329	-0.10363072
380	391	1113	0.68069421	0.67355338
382	413	1114	0.19851805	1.8620329
385	391	1115	0.880357	-2.093197
385	430	1116	1.4401929	1.9036507
389	462	1117	0.29548958	-2.2178704
390	406	1118	0.43376651	0.48751951
391	475	1119	1.4811045	1.7922159
392	407	1120	0.69973895	0.69432247
394	406	1121	0.68884611	2.5977298
394	452	1122	0.65772718	-0.78345174
396	463	1123	0.91581074	2.5662612
396	489	1124	1.1476544	-1.1046211
396	490	1125	1.1369351	-1.731374
399	448	1126	1.5150279	0.64818202
400	401	1127	0.69811459	0.78158717
400	428	1128	0.51352412	0.33626638
401	428	1129	0.3224912	-1.6041552
404	436	1130	0.70326745	0.11776471
405	470	1131	0.23648716	2.6629702
406	452	1132	1.3369279	-0.66087558
407	416	1133	0.74500634	0.16942157
407	457	1134	0.6625398	1.2440072
408	497	1135	0.57451067	2.8030588
410	426	1136	0.43545971	-2.1700853
411	492	1137	0.054950635	2.3652069
412	423	1138	0.65818628	0.35073
412	462	1139	0.43149845	-2.3693683
414	457	1140	1.1657175	-1.303414
416	457	1141	0.72387448	2.3755393
418	435	1142	0.099199576	-1.5746715
418	446	1143	1.0998105	-2.8646978
418	464	1144	0.6676873	0.88436619
420	427	1145	1.1334373	2.7912549
426	437	1146	1.031526	-1.3104657
428	444	1147	1.2983608	-1.5656978
430	449	1148	0.87236232	2.4756179
430	453	1149	0.34678633	0.8355437
430	475	1150	0.74003017	-1.9792978
430	491	1151	0.36568448	2.3556422
432	460	1152	0.32912973	1.1557738
433	456	1153	0.57410352	0.072568824
433	487	1154	0.89163896	-2.8513547
434	459	1155	0.7021924	0.72515901
435	446	1156	1.0765505	-2.9533514
437	466	1157	0.98831988	-1.5576865
438	467	1158	0.62588415	-3.0575604
441	482	1159	0.2147767	-0.76654584
443	477	1160	0.18406728	2.1313497
446	468	1161	0.65977364	2.1991232
447	499	1162	0.26207698	-0.69159347
449	465	1163	0.85357353	-1.8928322
449	469	1164	0.89880364	2.4999794
449	475	1165	1.2796235	-1.2594619
449	491	1166	0.51118372	-0.58024882
450	494	1167	0.78522473	2.4043032
450	497	1168	0.9235544	-0.54033301
452	486	1169	0.56905093	-0.47537503
453	491	1170	0.49105294	3.1384917
454	476	1171	1.3786246	-1.8228751
454	498	1172	1.0625284	1.0205792
455	480	1173	0.50627003	-1.8975144
455	493	1174	0.58693886	1.9096045
456	500	1175	0.82470531	-0.0036415525
459	484	1176	0.45361539	0.43785245
460	481	1177	0.62455791	1.9478892
461	480	1178	0.8652284	-0.94217114
464	500	1179	0.9751917	2.956496
465	475	1180	0.77796595	-0.55268547
467	485	1181	0.32984132	2.0439779
468	498	1182	1.0546033	-2.8263938
470	480	1183	0.20270477	2.3734566
474	495	1184	0.36023515	0.3295554
477	496	1185	0.090768712	1.5818224
483	487	1186	0.44052395	-0.36846735
489	490	1187	0.70434973	-3.0032718
235	1	1188	0.39263717	-2.5268573
390	1	1189	0.48912887	3.0440547
405	1	1190	0.75160562	-0.78011762
470	1	1191	0.97994513	-0.70839453
28	2	1192	0.94503699	2.9028721
65	2	1193	0.55896842	1.6644548
78	2	1194	0.67687304	-0.036203319
125	2	1195	1.0848375	-0.68170874
188	2	1196	0.78865947	2.4419597
229	2	1197	0.75873149	-1.6632684
64	3	1198	1.247839	-2.4667219
93	3	1199	0.61617818	-1.5387977
397	3	1200	0.93180936	-1.9015172
448	3	1201	0.68844002	0.52403294
20	4	1202	0.3139787	-2.2431635
165	4	1203	0.19119424	0.7000975
206	4	1204	0.96619196	1.6359643
289	4	1205	0.76969667	1.3677871
393	4	1206	0.59706489	-2.3428379
426	4	1207	0.87233497	1.4505328
168	5	1208	0.77030663	0.1248774
373	5	1209	0.68465023	2.9809072
433	5	1210	0.41637706	1.0981783
467	5	1211	0.34653336	0.8875335
49	6	1212	0.97659693	-1.6120757
129	6	1213	0.92823916	-1.563049
151	6	1214	0.47216931	2.7592238
258	6	1215	0.97566193	2.0212281
322	6	1216	0.44718574	1.2924914
92	7	1217	0.49035718	2.9742112
101	7	1218	1.2559299	-0.38197999
105	7	1219	1.0311412	-0.40694166
321	7	1220	0.17259522	-2.5297229
420	7	1221	0.4332411	1.1506822
74	8	1222	0.42171989	-1.1536939
486	8	1223	0.40961156	1.4657412
91	9	1224	0.77789025	-3.0193011
160	9	1225	0.51941621	2.1335188
242	9	1226	0.11715492	-0.5025989
404	9	1227	0.32565273	-2.8335005
69	10	1228	0.36815627	0.99291916
215	10	1229	0.44603533	-2.488612
225	10	1230	0.51904649	-2.0339398
312	10	1231	0.52220655	1.1585215
439	10	1232	1.0736899	1.0184869
32	11	1233	0.97868331	-1.4890093
115	11	1234	1.177193	-1.2865956
227	11	1235	0.70834438	-0.95687033
386	11	1236	0.83999297	1.9422432
425	12	1237	0.40524814	-2.8726594
482	12	1238	0.63634149	0.4086426
260	13	1239	1.3949825	-1.7364504
263	13	1240	0.38586182	1.2486447
268	13	1241	0.47286822	1.0429518
401	13	1242	0.8165981	-2.9579361
88	14	1243	0.56583582	0.65247525
136	14	1244	0.9731259	-0.27804284
251	14	1245	0.9339597	2.9939886
311	14	1246	0.37097823	-1.1196006
384	14	1247	0.80562823	2.1227157
427	14	1248	0.88493435	3.109514
45	15	1249	0.38539714	-2.2007519
170	15	1250	0.3539631	0.36087273
406	15	1251	0.22007749	2.3493023
442	15	1252	0.73408982	-0.77821181
381	16	1253	0.22035861	-2.7207196
67	17	1254	0.38420352	-3.065605
372	17	1255	0.33356988	-0.4879284
387	17	1256	0.79300828	0.53852222
168	18	1257	0.46596367	-1.4200675
175	18	1258	0.76262284	0.38988022
259	18	1259	0.64597134	0.86848179
359	18	1260	0.38929901	2.7847438
467	18	1261	0.55591111	-2.5972494
485	18	1262	0.66626362	-2.0807855
36	19	1263	0.26029184	0.33858006
61	19	1264	0.40748164	1.5530328
202	19	1265	0.21324742	1.3605165
371	19	1266	0.86595065	-0.0067540446
165	20	1267	0.50283803	0.82344064
293	20	1268	0.55424969	-2.4285318
393	20	1269	0.28635418	-2.4521647
68	21	1270	0.99506204	-0.28896955
287	21	1271	1.1405935	-0.99564903
302	21	1272	0.76275887	2.7800062
186	22	1273	0.70287351	-3.0014024
288	22	1274	0.90418753	-1.2946593
357	22	1275	1.6459379	2.6276382
418	22	1276	1.1679473	-0.2209626
435	22	1277	1.1506659	-0.13667571
464	22	1278	1.0535056	-0.82303336
350	23	1279	0.63436787	0.74073654
371	23	1280	0.43251138	-2.8494725
440	23	1281	0.70879107	2.4561829
77	24	1282	0.97125731	0.50436591
230	24	1283	0.70272967	-0.84638175
234	24	1284	1.261955	1.1772144
294	24	1285	0.50717216	-1.7920077
345	24	1286	0.90985913	1.7456943
434	24	1287	0.72617893	-2.7273545
108	25	1288	0.8694976	-2.0957774
117	25	1289	1.3094115	0.24715297
124	26	1290	0.33877994	2.6365232
153	26	1291	0.95341847	0.63144885
417	26	1292	0.57563051	1.5879256
440	26	1293	0.20029219	1.0116219
111	27	1294	0.76602981	1.5057266
227	27	1295	0.90134731	-1.11755
296	27	1296	0.7888445	-0.65579432
386	27	1297	0.63662773	2.0943033
188	28	1298	0.42426996	0.7345992
209	28	1299	0.82161215	2.4690965
210	28	1300	0.92739	-2.5906927
229	28	1301	1.2952801	-0.85685172
61	29	1302	0.049656744	2.0682165
445	29	1303	0.46257356	0.040482905
464	29	1304	0.66491682	2.2410185
500	29	1305	0.64364758	0.55947202
96	30	1306	0.51884696	0.98260718
178	30	1307	0.80964313	0.91720814
226	30	1308	0.27365317	-0.53612938
312	30	1309	0.73341974	-2.1001581
439	30	1310	0.19811063	-1.6531317
499	30	1311	0.44860601	-2.26123
136	31	1312	1.1765263	-2.7206652
153	31	1313	0.64184393	-1.7411828
199	31	1314	0.68745746	2.6834097
359	31	1315	0.80631058	-0.71241255
417	31	1316	1.0831412	-2.5323536
434	31	1317	1.1630102	0.64578947
459	31	1318	0.46636346	0.52612468
484	31	1319	0.042542159	1.7487573
98	32	1320	0.44238504	2.1673865
115	32	1321	0.29402064	-0.55350829
122	32	1322	0.98115517	-0.92755904
299	32	1323	0.59930484	-0.92693759
128	33	1324	0.92167367	-0.10365392
139	33	1325	0.48664861	-0.77880927
149	33	1326	0.78477163	-0.076307503
242	33	1327	0.79133789	-2.6104264
342	33	1328	0.34272659	0.48968399
381	33	1329	0.75380219	-1.5510161
441	33	1330	0.43566725	-3.0441293
155	34	1331	0.7719296	-1.7359642
357	34	1332	1.8528621	-1.3964218
472	34	1333	1.6142502	1.7584616
38	35	1334	1.0611165	-0.46934374
169	35	1335	0.53983411	-1.2321491
184	35	1336	0.52081782	0.34657106
227	35	1337	0.8947656	2.200015
296	35	1338	1.0935556	1.8449488
420	35	1339	0.94004816	-0.49731454
185	36	1340	0.1935542	1.5242658
371	36	1341	0.62724535	-0.1476942
112	37	1342	0.89202299	2.3540616
330	37	1343	0.90042011	0.58347091
384	37	1344	0.30708785	-1.8566796
184	38	1345	0.79991717	2.1781677
251	38	1346	0.93857902	-0.26802459
427	38	1347	1.0098065	-0.36191153
103	39	1348	0.53893282	2.4471221
118	39	1349	0.97545705	1.3654887
407	39	1350	1.0082802	-0.63986411
416	39	1351	0.7314494	-1.4687951
123	40	1352	0.48003088	-2.950755
151	40	1353	0.57838016	-0.15711217
208	40	1354	0.50622101	1.9261017
413	40	1355	0.54969933	0.82464865
42	41	1356	0.33059894	2.2649205
149	41	1357	0.42652153	0.37642274
181	41	1358	0.63150566	0.12015271
218	41	1359	0.33285997	-2.4022183
290	41	1360	0.83453407	-0.096146548
339	41	1361	0.38051271	-3.0336098
339	42	1362	0.33899279	-2.0852621
342	42	1363	0.17809076	0.76793413
113	43	1364	0.78133812	1.8524032
195	43	1365	0.7009305	-0.53742436
217	43	1366	0.45041593	-1.4956166
50	44	1367	0.30186764	0.034696931
471	44	1368	0.38184115	-1.9992175
166	45	1369	0.63783367	2.800738
197	45	1370	0.59703233	1.7860167
406	45	1371	0.4736896	1.4171411
473	45	1372	0.59692809	-2.812956
331	46	1373	0.7750352	-2.8616672
379	46	1374	0.94215729	0.59343964
433	46	1375	0.22546445	-2.1948062
456	46	1376	0.73927375	-2.8329027
498	46	1377	0.68575081	0.97648503
283	47	1378	0.56022536	0.92068597
331	47	1379	1.0215821	-0.079463556
464	47	1380	0.73002111	3.0167292
182	48	1381	0.62211858	-2.2810468
236	48	1382	0.59775697	-2.9993405
260	48	1383	0.25286654	1.6727972
292	48	1384	0.79844027	-2.1282454
393	48	1385	0.14306515	0.39064154
129	49	1386	0.067208318	0.78603468
148	49	1387	0.23391409	-2.7454363
157	49	1388	0.072470239	-2.7711705
479	49	1389	0.4847883	2.2448089
180	50	1390	0.18342339	1.2838171
208	50	1391	0.90402177	-1.6074802
382	50	1392	0.90870555	-1.0411684
431	50	1393	1.0696474	2.3273699
90	51	1394	0.76148127	-2.7519027
152	51	1395	0.94841633	0.81719365
284	51	1396	1.5727715	-2.4675197
399	51	1397	0.56059071	-0.62728934
436	51	1398	0.66901348	1.2148274
190	52	1399	0.81946066	-1.1192425
225	52	1400	0.68491377	1.6366215
332	52	1401	0.56457268	-1.9222831
351	52	1402	0.66272515	-1.6453452
366	52	1403	0.8578321	1.2941461
451	52	1404	0.56191396	-0.7063511
316	53	1405	0.16470779	2.8940534
405	53	1406	0.64151759	-0.44049878
431	53	1407	0.40618026	-1.5671739
170	54	1408	0.56254636	2.9083734
355	54	1409	0.49181709	-1.5894863
390	54	1410	0.74524269	2.629904
442	54	1411	0.6220323	-2.1795063
480	54	1412	0.86089319	-0.56526784
216	55	1413	0.73661104	1.2657087
264	55	1414	0.9478534	2.4697406
291	55	1415	1.1131166	-0.70736296
365	55	1416	0.98245294	0.63330541
450	55	1417	0.90560608	-1.5042471
497	55	1418	0.847991	-2.6118422
203	56	1419	0.93733518	-0.93785949
243	56	1420	1.2143271	-1.3315897
455	56	1421	0.28040006	-3.1302606
480	56	1422	0.49068646	1.8134494
95	57	1423	0.51226995	-2.6432767
279	57	1424	1.6058463	1.2391754
369	58	1425	0.50025498	0.66490629
439	58	1426	1.105416	-2.3785997
84	59	1427	0.39409965	0.60831759
123	59	1428	1.162922	2.0816016
148	59	1429	0.69423455	-0.33336413
150	59	1430	1.1415386	-2.2484675
388	59	1431	0.55235243	-0.74884511
98	60	1432	1.0133462	-1.2213184
214	60	1433	0.52994719	2.1876368
222	60	1434	0.34700256	-1.1970416
317	60	1435	0.71224742	-1.1972391
344	60	1436	0.48032703	1.9937766
386	60	1437	0.48789448	1.1242959
185	61	1438	0.27826826	-0.47643281
202	61	1439	0.20233022	-1.3855147
288	61	1440	0.93945465	2.7252239
343	61	1441	0.91438559	2.7129355
373	61	1442	1.1037059	0.068367391
421	61	1443	1.5838271	2.7944953
445	61	1444	0.48652729	-0.051238366
75	62	1445	0.097336343	1.7286223
76	62	1446	1.1713588	1.6146847
214	62	1447	1.1553353	-1.251779
270	62	1448	0.52034803	1.7673492
298	62	1449	0.2114188	0.27278203
335	62	1450	0.16645139	-1.6226585
184	63	1451	0.93850817	2.7211623
251	63	1452	0.72642583	-0.80247829
384	63	1453	1.0065513	0.026125314
159	64	1454	0.29715296	2.320932
167	64	1455	0.9466336	-1.561585
194	64	1456	1.190894	-1.910211
226	64	1457	1.0475608	1.0070544
397	64	1458	0.67936606	-0.1502154
447	64	1459	0.56596141	1.1315781
78	65	1460	0.93198362	-0.67311062
131	65	1461	1.2780083	2.9741137
188	65	1462	0.55325588	-3.0535056
228	65	1463	0.84783788	2.8571934
390	65	1464	1.0138229	-0.66536939
394	65	1465	0.50403632	-1.9256421
183	66	1466	0.37971352	-1.0924989
238	66	1467	0.088480661	-2.2042834
314	66	1468	0.37037775	1.7673008
106	67	1469	0.76035943	-1.2242165
193	67	1470	0.71734593	2.7359202
362	67	1471	0.71752142	2.9720783
372	67	1472	0.68957424	-0.18553875
74	68	1473	0.51237565	0.90661496
110	68	1474	1.269058	-1.0912518
287	68	1475	0.7515156	-2.0304035
309	68	1476	0.9668894	2.2793196
225	69	1477	0.88578553	-2.0815396
231	69	1478	0.13930568	-1.6033334
439	69	1479	0.70571673	1.031824
71	70	1480	0.75120824	-0.11451195
113	70	1481	0.85378437	2.9239051
195	70	1482	0.92510321	-1.5863419
396	70	1483	1.2000604	2.1018744
463	70	1484	0.55998217	1.2799361
134	71	1485	1.1690708	1.3650532
162	71	1486	0.51172588	-1.9807948
195	71	1487	1.1326084	-2.3071735
430	71	1488	1.0211722	0.85158923
453	71	1489	0.67445344	0.85983917
463	71	1490	0.85457308	2.3259078
191	72	1491	1.0441397	0.71724696
310	72	1492	0.98833764	-0.19314482
384	72	1493	0.35717319	1.6742015
249	73	1494	0.18162864	-1.3064624
355	73	1495	0.46368082	2.0639221
455	73	1496	0.35649256	-0.11371537
166	74	1497	0.93395853	-0.62047524
309	74	1498	1.0012051	2.8049414
473	74	1499	1.2385815	-0.87278886
486	74	1500	0.80316544	1.7307114
135	75	1501	0.64288053	0.97389522
270	75	1502	0.42310145	1.7762564
215	76	1503	1.3278507	1.1251459
238	76	1504	0.40345977	0.65940107
270	76	1505	0.66181048	-1.6467613
335	76	1506	1.3371425	-1.5388093
221	77	1507	0.037962219	-1.0832738
230	77	1508	1.0673368	-1.9394451
234	77	1509	0.78662655	2.0552607
261	77	1510	0.47298522	0.97326192
423	77	1511	0.61972632	-0.92850482
469	77	1512	1.0413209	1.4950422
125	78	1513	0.67964868	-1.3241419
235	78	1514	0.39611772	-0.93598966
316	78	1515	0.46570304	-0.7205102
390	78	1516	0.082184541	-0.57747051
95	79	1517	0.40541315	-2.8734778
247	79	1518	0.77820815	0.69639913
266	79	1519	0.50378223	1.2051507
389	79	1520	0.48360028	-0.85913626
87	80	1521	0.37181125	-1.1981175
126	80	1522	0.41327798	2.7507306
282	80	1523	0.53473895	1.2493043
329	80	1524	0.30810224	-0.80431001
488	80	1525	0.34760327	0.44976025
224	81	1526	1.1136372	-2.4438423
233	81	1527	0.40745644	0.28463093
248	81	1528	0.31555005	0.84209941
274	81	1529	0.62106429	-0.54000284
346	81	1530	1.095444	-2.9249831
124	82	1531	0.75760602	-0.083668961
185	82	1532	0.76323732	-0.46905687
343	82	1533	0.43007947	2.7537226
415	82	1534	0.29337645	2.0407376
127	83	1535	0.79455234	-2.5336988
354	83	1536	0.34358623	1.5154195
369	83	1537	0.084664984	-1.8372914
429	83	1538	0.27055289	1.3652904
148	84	1539	0.56150741	-0.93681613
151	84	1540	0.8040466	1.3823289
157	84	1541	0.61810202	-0.67939289
479	84	1542	0.24640388	0.067603413
90	85	1543	1.126896	0.50816308
226	85	1544	0.64919103	-1.6874878
95	86	1545	0.88470162	0.62420853
272	86	1546	1.1487952	1.3223751
356	86	1547	0.75182706	-1.9486878
379	86	1548	1.3662603	-2.1576767
454	86	1549	0.62775936	-2.8330408
476	86	1550	1.1723219	1.7894194
126	87	1551	0.72218489	2.3696563
244	87	1552	0.48481094	0.6910861
273	87	1553	0.31808786	0.14178482
313	87	1554	0.27312142	2.0733223
321	87	1555	0.093738466	0.42561846
326	87	1556	0.82272407	-0.30292138
329	87	1557	0.1469566	1.0087055
421	87	1558	1.4123756	-0.22644953
443	87	1559	0.63182479	2.3750656
136	88	1560	0.7805329	-0.89842607
145	88	1561	0.27462814	1.480405
199	88	1562	0.95936642	0.18255362
310	88	1563	0.24328435	-0.98346029
338	88	1564	1.3253856	0.85589711
384	88	1565	0.93684789	2.7673765
100	89	1566	1.0891899	0.84097644
175	89	1567	0.73072594	-2.4862828
269	89	1568	0.18400913	0.1498691
300	89	1569	0.3585251	-2.8512107
315	89	1570	0.12519554	1.6326564
340	89	1571	1.2586904	0.75655658
483	89	1572	0.97710223	-2.1371203
178	90	1573	0.90189642	-2.6690165
280	90	1574	0.54665774	1.4839583
284	90	1575	0.8685609	-2.2189931
354	90	1576	0.25852142	1.8759531
212	91	1577	0.62345779	3.0547845
334	91	1578	0.59506341	3.131876
169	92	1579	0.25351814	1.518035
321	92	1580	0.38706104	-0.48611421
492	92	1581	0.10728323	-0.6932648
172	93	1582	0.64330372	-1.401844
397	93	1583	0.41753822	-2.4526112
298	94	1584	0.50995946	1.6010859
344	94	1585	0.68674387	-1.1939804
432	94	1586	0.2015362	0.081743913
460	94	1587	0.29277623	-1.3358534
100	95	1588	0.64467062	-1.3701454
266	95	1589	0.81243438	0.79133519
272	95	1590	0.73847696	2.2013683
127	96	1591	0.26822862	0.26933354
178	96	1592	0.29386812	0.80156577
354	96	1593	1.2721361	0.75117758
439	96	1594	0.69877163	-2.0211723
385	97	1595	0.46815501	2.7216458
391	97	1596	0.95388359	1.5584387
430	97	1597	1.1710666	-1.5339888
299	98	1598	1.0414056	-0.94701099
317	98	1599	0.3017929	1.8634208
323	98	1600	0.83769021	-0.91284484
341	98	1601	1.1154741	-0.80738608
165	99	1602	0.64296022	0.60396373
247	99	1603	0.19623981	2.9097567
293	99	1604	0.43342581	-2.1350207
389	99	1605	0.94649997	-2.0930684
410	99	1606	0.78657838	1.2580253
462	99	1607	0.65434322	-2.0368266
269	100	1608	0.95463563	-2.1774459
340	100	1609	0.19620142	0.26942751
389	100	1610	0.68809159	0.57276406
105	101	1611	0.22657628	2.8734463
415	101	1612	0.90844044	-0.05130266
156	102	1613	0.59991652	1.4406995
176	102	1614	0.77581945	3.1221601
305	102	1615	0.41615337	2.46526
337	102	1616	0.67123149	-0.56557181
444	102	1617	1.4358553	-1.2621406
118	103	1618	0.86482383	0.78301756
146	103	1619	0.45204665	-3.0970806
167	103	1620	0.91737336	1.4275932
192	103	1621	0.44182712	1.995732
194	103	1622	0.78134922	1.9294822
271	103	1623	0.99272599	-1.8414982
416	103	1624	1.1785974	-1.1433445
278	104	1625	0.42620354	0.81205403
304	104	1626	0.66670271	2.0942663
465	104	1627	0.89477153	-1.5278053
273	105	1628	0.91473024	2.789757
326	105	1629	0.38912161	3.0776615
343	105	1630	0.88464872	-0.23446561
161	106	1631	0.58878915	-2.453938
372	106	1632	0.72223031	0.95110812
472	106	1633	0.90512618	-1.6801188
219	107	1634	0.74386555	1.8218947
263	107	1635	0.30805367	2.9579175
289	107	1636	0.70499399	-1.4646904
437	107	1637	0.47395379	2.1051516
177	108	1638	1.1132489	2.8947666
308	108	1639	0.87551264	-2.0887007
363	108	1640	0.87937378	-0.46090281
171	109	1641	1.337503	-1.9941818
224	109	1642	0.84047777	2.719433
274	109	1643	0.96543006	0.87428031
361	109	1644	0.84663146	-0.28282011
398	109	1645	0.80114173	-2.1794814
121	110	1646	1.0221695	-2.9837387
189	110	1647	1.0222298	-0.57094778
287	110	1648	1.024205	2.6841055
376	110	1649	0.23986698	-1.6715384
473	110	1650	0.78357061	0.83424913
271	111	1651	0.93818573	2.1391537
296	111	1652	1.3719325	-1.1380033
327	111	1653	1.0694768	-0.98978931
386	111	1654	0.42528301	-2.6169017
416	111	1655	0.7192181	1.2171545
239	112	1656	1.0129617	2.5427191
262	112	1657	0.7690575	-2.6451422
384	112	1658	1.0739913	-1.0409366
450	112	1659	1.2478525	1.2763569
217	113	1660	1.2256732	-1.364582
291	113	1661	0.7552984	-2.7255223
365	113	1662	1.246594	2.2113199
396	113	1663	0.87985234	1.3112018
175	114	1664	0.62009605	-2.4768851
204	114	1665	0.29015221	0.66786811
230	114	1666	0.46951649	1.8054817
259	114	1667	0.79660729	-2.9146357
423	114	1668	1.1542136	0.97607933
122	115	1669	0.71557516	-1.0782625
227	115	1670	0.55646802	1.4301812
222	116	1671	0.53185089	2.1571137
253	116	1672	1.0289806	-1.2366527
286	116	1673	0.48044447	-0.0091031732
317	116	1674	0.19113662	2.5728414
121	117	1675	0.69554416	-1.4345381
250	117	1676	0.1008945	-0.8910409
257	117	1677	0.59406868	2.4184157
295	117	1678	0.81808502	2.5382183
167	118	1679	0.56668483	2.5880308
172	118	1680	0.98647226	0.90231836
319	118	1681	0.95519684	-0.80091765
130	119	1682	1.0775603	0.81681831
199	119	1683	0.67291214	-2.9540579
409	119	1684	0.48237486	1.6105709
459	119	1685	0.40846198	-0.49861504
484	119	1686	0.39114579	-1.7043745
292	120	1687	0.097753333	-2.3720435
293	120	1688	0.56195379	1.0364074
393	120	1689	0.82197136	0.94047738
412	120	1690	0.092355312	-2.7437592
423	120	1691	0.75045175	-2.7850679
462	120	1692	0.34718728	0.86965982
147	121	1693	1.1513589	-0.60018249
250	121	1694	0.61141831	1.6216149
257	121	1695	1.2094119	2.0335129
287	121	1696	0.61972594	1.42411
363	121	1697	1.274738	-2.4883351
376	121	1698	0.98841679	-0.078962279
378	121	1699	1.3362137	-1.3520501
169	122	1700	0.44846293	-0.11415967
299	122	1701	0.38185063	2.2130583
496	122	1702	0.47019281	-0.78453581
150	123	1703	1.9094565	-1.6479594
208	123	1704	0.63805749	1.0897852
265	123	1705	1.4834154	1.9080773
471	123	1706	1.1190719	1.6889786
185	124	1707	0.29129954	-1.8281843
198	124	1708	0.28547788	2.5121752
415	124	1709	0.94538465	2.7907854
417	124	1710	0.50158084	0.96254373
440	124	1711	0.40277513	0.014553329
229	125	1712	0.91526405	-3.0629428
265	125	1713	0.97705431	-1.3012822
431	125	1714	0.35793429	-0.26779442
471	125	1715	1.3773373	-1.1045996
144	126	1716	0.19510366	1.4672079
253	126	1717	0.71048718	2.5688477
323	126	1718	0.71039919	2.3442935
341	126	1719	0.43552619	2.1471062
443	126	1720	0.090433949	-0.80973737
439	127	1721	0.89851221	-2.2475922
139	128	1722	0.621332	-2.7336889
486	128	1723	0.62360881	-0.78506951
148	129	1724	0.29717865	-2.6593742
437	129	1725	0.41950289	-1.4690837
466	129	1726	0.57166902	1.5189268
205	130	1727	0.60423045	1.1566935
345	130	1728	0.93787195	0.80055581
409	130	1729	0.81541237	-2.7601868
459	130	1730	1.0514849	-1.9394444
181	131	1731	0.4922885	2.0615005
188	131	1732	0.75577545	-0.35360567
209	131	1733	0.25090932	-3.0045403
228	131	1734	0.44703712	0.055609844
303	131	1735	0.36039382	2.0833018
377	132	1736	0.79832488	1.7530105
400	132	1737	0.7766238	-1.6887737
137	133	1738	0.6058748	-2.9105074
218	133	1739	0.12513486	-1.1733286
274	133	1740	0.82101555	-2.517934
339	133	1741	0.10794289	2.4612713
353	133	1742	0.69685586	-1.485335
275	134	1743	0.64921311	2.6412935
385	134	1744	0.98567045	1.6080082
430	134	1745	0.57425178	-0.7142352
463	134	1746	0.97594224	-2.5770977
158	135	1747	0.39205969	-1.1552313
220	135	1748	1.2848678	1.4719246
298	135	1749	0.58838694	-1.8153313
332	135	1750	0.36502764	1.1534008
198	136	1751	0.50649187	-2.2851855
199	136	1752	0.90831297	1.0432271
311	136	1753	0.77686384	-3.0555575
417	136	1754	0.2318991	-0.64319968
233	137	1755	0.23730459	2.7388328
274	137	1756	0.34923819	-1.7921852
339	137	1757	0.54644623	0.38785255
441	137	1758	0.42683097	1.4185665
446	138	1759	1.4905464	-2.6274577
454	138	1760	0.64907683	-0.052629418
476	138	1761	1.6359989	0.9193005
381	139	1762	0.52864065	-2.2485054
486	139	1763	1.0299582	-0.18982468
180	140	1764	0.28523368	-2.9676836
258	140	1765	1.06727	-1.1920139
461	140	1766	0.45980526	-0.61258265
470	140	1767	0.63999857	2.0207886
480	140	1768	0.45518628	1.8663599
168	141	1769	0.35018492	-3.1088159
483	141	1770	0.495412	0.81290841
173	142	1771	0.69925257	-0.35978734
281	142	1772	0.91382899	0.8596516
392	142	1773	0.96056175	-1.7137562
474	142	1774	0.13728099	-3.1145534
495	142	1775	0.49298168	-2.8950956
148	143	1776	1.1037082	1.6266582
247	143	1777	1.2486755	-1.7064454
266	143	1778	1.3948601	-2.0041632
279	143	1779	0.20088161	-2.7287183
349	143	1780	0.33426253	2.040696
410	143	1781	0.59565244	-1.1113291
426	143	1782	0.53875264	-0.32945557
437	143	1783	0.85797238	1.2821051
174	144	1784	0.90119213	2.3433916
282	144	1785	0.5533001	0.28550174
191	145	1786	0.40662788	1.7514317
330	145	1787	0.86164369	1.6390354
183	146	1788	0.30699499	1.7738595
238	146	1789	0.63596453	2.04263
241	146	1790	0.21182111	-2.1397249
271	146	1791	0.95477901	-1.3745877
232	147	1792	0.61961984	0.082721801
256	147	1793	0.35856979	0.58226437
376	147	1794	0.57339431	1.5093721
378	147	1795	0.92933579	-2.3608206
385	147	1796	1.5121573	-1.3218603
391	147	1797	1.0736419	-0.71340805
157	148	1798	0.16147861	0.40770462
388	148	1799	0.29219633	-2.607014
437	148	1800	0.41436386	-0.74038861
181	149	1801	0.2441543	-0.33856944
228	149	1802	1.0325425	-0.49495027
342	149	1803	0.52847815	2.710095
272	150	1804	1.6946523	-1.66467
476	150	1805	1.7964284	-1.9683837
258	151	1806	0.70229936	1.5518399
413	151	1807	0.53238074	1.9520938
479	151	1808	0.77900286	-1.4482826
242	152	1809	0.69817746	0.08662849
404	152	1810	0.28315198	0.063928668
436	152	1811	0.42080164	-2.9876119
350	153	1812	0.54410865	-0.8635238
359	153	1813	0.72673635	0.14567801
440	153	1814	0.77101779	-2.6066919
224	154	1815	0.60818173	0.48558892
429	154	1816	0.34580794	2.4842955
307	155	1817	0.92205038	-1.9431217
357	155	1818	1.1540071	-1.1717514
403	155	1819	1.227321	2.5050729
213	156	1820	0.11036774	2.0517278
305	156	1821	0.52316562	-2.4482507
336	156	1822	0.79441586	2.8887861
493	156	1823	0.38446613	-0.26000643
479	157	1824	0.46825836	2.0965787
298	158	1825	0.36805305	-2.527124
332	158	1826	0.69245671	1.5856743
351	158	1827	0.57748484	1.3353438
368	158	1828	0.7406469	-0.86164207
432	158	1829	0.71049445	-1.6898984
478	158	1830	0.42917982	0.053809622
223	159	1831	0.067352691	2.5725989
348	159	1832	0.86660477	-2.1502498
447	159	1833	0.5323543	0.5869865
334	160	1834	1.2113509	-2.6901804
425	160	1835	0.61038092	-2.5331958
441	160	1836	0.64330078	-0.215101
482	160	1837	0.47391352	0.024627447
318	161	1838	0.42547688	-2.1015028
451	161	1839	0.78704346	2.9585678
472	161	1840	0.63527578	-0.97551544
195	162	1841	0.66834735	-2.55519
211	162	1842	0.74511291	-1.5942423
276	162	1843	0.74701332	0.1259572
453	162	1844	1.1730284	0.98952057
230	163	1845	0.81527613	0.2628376
259	163	1846	0.44079417	-1.294425
294	163	1847	0.32157519	0.85797665
359	163	1848	1.0238149	-2.2736412
434	163	1849	0.56260125	2.2268445
186	164	1850	0.24951214	-0.079125925
244	164	1851	0.44174711	-3.1268429
357	164	1852	1.0132533	2.0739543
421	164	1853	0.84556977	-0.8452942
410	165	1854	0.47893174	2.2138496
426	165	1855	0.74401107	1.6266902
197	166	1856	0.6010458	0.66321354
473	166	1857	0.40749066	-1.4819505
194	167	1858	0.44192542	-2.7310889
397	167	1859	1.0739939	0.90546706
175	168	1860	0.98339579	0.86826481
483	168	1861	0.78402628	0.49333542
313	169	1862	0.25880246	-1.1235401
420	169	1863	0.64968073	0.093579573
477	169	1864	0.22175667	-2.1095792
496	169	1865	0.30288479	-1.9523417
390	170	1866	0.25627711	1.982158
361	171	1867	1.6801775	0.62505394
372	171	1868	1.818481	-2.1355855
387	171	1869	1.1364423	-2.1137804
398	171	1870	0.56953508	1.4095677
277	172	1871	0.80390074	1.4183758
397	172	1872	0.5667772	2.4333385
424	172	1873	0.97149431	0.074451788
367	173	1874	0.13605517	-1.9299055
253	174	1875	0.45451268	-1.5449437
286	174	1876	0.53614139	1.278074
204	175	1877	0.91024727	0.66571499
189	176	1878	0.9364349	2.7663945
278	176	1879	1.2951284	-1.3660671
305	176	1880	0.51355725	0.49822181
336	176	1881	0.78302765	1.4628827
308	177	1882	1.2181433	-1.0117486
424	177	1883	0.80153069	-1.7547686
448	177	1884	0.97878583	2.2933315
190	179	1885	0.11960866	1.1079589
351	179	1886	0.39830855	2.6629063
382	180	1887	1.0428988	-1.169707
405	180	1888	0.76326355	1.8459229
431	180	1889	0.99012828	2.4881561
470	180	1890	0.62564728	1.5667073
228	181	1891	0.79228052	-0.54296386
290	181	1892	0.25647817	-0.65290057
303	181	1893	0.13221396	-1.1395494
236	182	1894	0.42936272	2.0190515
292	182	1895	0.20655372	-1.6520141
364	182	1896	0.37865984	-1.9361997
314	183	1897	0.74265941	1.9099626
348	183	1898	1.0670613	1.6095959
262	184	1899	0.67539578	0.3062996
440	185	1900	0.55687735	0.54262839
357	186	1901	1.1691901	2.2531504
421	186	1902	0.68788935	-1.0995275
196	187	1903	0.73854047	0.77436305
254	187	1904	0.10084908	-2.0911692
392	187	1905	0.66528839	1.1885919
402	187	1906	0.12529052	-1.8320338
457	187	1907	0.67970128	-2.4023563
232	189	1908	0.36624416	-2.5398524
255	189	1909	0.67683119	1.1120678
336	189	1910	1.0501038	0.42743692
376	189	1911	0.93824587	2.8005753
380	189	1912	0.68411832	-0.90151625
391	189	1913	0.96713102	-1.6822796
473	189	1914	1.1810423	1.8572817
318	190	1915	0.64331609	-0.21553952
351	190	1916	0.41406023	2.9559124
375	190	1917	0.57053295	-0.66000816
478	190	1918	0.47566867	-1.8108699
330	191	1919	0.45984879	1.5396932
194	192	1920	0.34174536	1.8437886
348	192	1921	1.0152055	1.9467612
231	193	1922	0.57581171	2.2362788
362	193	1923	0.16903448	-1.8594207
348	194	1924	0.67618347	1.9987354
211	195	1925	0.65683761	-0.60774503
217	195	1926	0.5754227	-2.9839785
338	195	1927	0.91838799	-1.9907114
409	195	1928	1.1118056	-1.2580226
254	196	1929	0.83602309	-2.334344
367	196	1930	0.82143827	0.97098299
408	196	1931	0.84340477	-1.679204
406	197	1932	0.2307824	-0.52239096
311	198	1933	0.54341068	2.5212411
415	198	1934	0.67549341	2.9072779
417	198	1935	0.57185681	0.43998344
338	199	1936	0.83006984	1.6607654
409	199	1937	0.88378293	0.75780488
214	200	1938	0.66535177	-1.5147215
241	200	1939	1.1114267	1.4649978
335	200	1940	0.42705516	2.4676643
216	201	1941	0.37415054	-1.4303787
308	201	1942	1.3996716	1.8650274
365	201	1943	0.79364868	-0.66805687
367	201	1944	0.91114404	2.9138332
489	201	1945	1.1445225	0.3425484
322	203	1946	0.75889723	-1.0117319
360	203	1947	0.98108471	-1.3107785
458	203	1948	0.70870236	-1.4940646
461	203	1949	0.55681631	1.8689471
340	204	1950	1.0792154	0.76463413
374	204	1951	0.66171944	0.62444458
211	205	1952	0.82143458	-2.9283033
245	205	1953	0.73793213	1.2091374
345	205	1954	0.4271251	0.28476172
289	206	1955	0.30294383	-0.76706493
426	206	1956	0.19418346	-0.52964601
437	206	1957	0.9039827	1.6793492
278	207	1958	1.1099173	2.1433634
352	207	1959	0.96011853	-1.8972087
428	207	1960	0.59667086	-0.93601187
444	207	1961	0.88855051	1.1693411
465	207	1962	0.89778994	-2.8357267
382	208	1963	0.50647288	0.23759232
413	208	1964	0.55381065	-0.12847137
471	208	1965	0.69293352	2.2350257
218	209	1966	0.8727521	2.9473111
290	209	1967	0.38248183	0.95701888
353	209	1968	0.939666	-2.6895642
229	210	1969	1.711075	-0.29257536
353	210	1970	0.91176822	2.4423857
361	210	1971	1.2425471	-3.0001425
276	211	1972	1.1308945	0.83555754
409	211	1973	0.71068375	-1.8518504
280	212	1974	0.71982036	-2.3496628
334	212	1975	0.05486362	-1.0755289
436	212	1976	0.40935699	-0.3504507
249	213	1977	0.23572246	1.9135105
336	213	1978	0.72515552	3.0020626
493	213	1979	0.46613051	-0.43560809
335	214	1980	1.0020188	1.9500564
344	214	1981	0.10953815	0.052172864
386	214	1982	0.51729072	0.015040156
220	215	1983	0.46445328	-1.6745175
223	215	1984	0.70409963	1.0504677
225	215	1985	0.22884872	-1.0065437
312	215	1986	0.93766786	0.9260683
365	216	1987	0.58339217	-0.20921684
330	217	1988	0.93917632	-2.4262067
338	217	1989	0.77299096	-1.3172725
395	217	1990	0.17805217	2.972881
339	218	1991	0.22607109	2.1962101
353	218	1992	0.57903808	-1.5517222
263	219	1993	0.67468091	-1.746666
268	219	1994	0.62178048	-1.5740796
301	219	1995	1.3678396	1.7946454
360	219	1996	1.1658203	1.6857874
437	219	1997	0.31772792	-1.7497366
225	220	1998	0.31811534	1.0052452
317	222	1999	0.36524487	-1.1974268
344	222	2000	0.82708552	1.973131
481	222	2001	0.6024007	2.051265
312	223	2002	0.25447565	0.57563043
419	223	2003	0.78805975	-2.1600694
447	223	2004	0.56288415	0.47725805
499	223	2005	0.51971284	0.95985726
346	224	2006	0.52662478	1.9944182
429	224	2007	0.814872	-3.0524118
231	225	2008	0.76479841	0.97613283
332	225	2009	1.2226395	-1.693237
366	225	2010	0.31327649	0.4696585
284	226	2011	0.73325624	0.75164833
447	226	2012	0.49103904	-2.2781847
448	226	2013	1.0383862	0.23191198
296	227	2014	0.40197679	0.96006021
386	227	2015	1.5370542	2.0531238
452	228	2016	0.30083191	-0.95945439
486	228	2017	0.33358553	3.0993305
265	229	2018	1.4600138	-0.63825763
259	230	2019	0.9215464	-2.3800641
294	230	2020	0.57783301	3.087135
423	230	2021	0.90593406	0.58386339
325	231	2022	1.3723767	0.99986056
362	231	2023	0.68754151	-1.1072501
366	231	2024	0.51383756	-1.865215
256	232	2025	0.34992341	2.7112374
391	232	2026	0.77844769	-1.3185057
248	233	2027	0.2176681	2.5521637
274	233	2028	0.45626612	-1.2551739
345	234	2029	0.69652636	-2.7443207
449	234	2030	0.92208181	1.8735196
469	234	2031	0.56151168	0.65540251
316	235	2032	0.11564764	0.10127804
390	235	2033	0.32045884	2.1154927
405	235	2034	0.90685428	-0.33973907
252	236	2035	0.9789964	1.7700944
260	236	2036	0.65834626	0.53614111
261	236	2037	0.57767306	2.9666618
364	236	2038	0.742343	-1.5023404
239	237	2039	0.79255113	0.65714551
262	237	2040	0.90898508	-0.52194455
296	237	2041	0.67823442	2.8128588
327	237	2042	0.85010121	2.4060403
414	237	2043	0.53134978	1.8346646
241	238	2044	0.76519834	-1.3401299
314	238	2045	0.43501952	1.6166413
419	238	2046	0.92174213	1.3901895
262	239	2047	0.95096247	-1.4012497
328	239	2048	0.56411383	1.7578062
414	239	2049	0.76662074	3.1039882
497	239	2050	1.1711587	1.216031
254	240	2051	0.85129315	1.6100401
414	240	2052	0.66811242	-1.8397817
302	242	2053	0.79998956	-1.3374964
404	242	2054	0.41514818	-3.0394825
441	242	2055	0.43627996	0.96421887
301	243	2056	0.49329632	-0.78459108
337	243	2057	0.34573019	-2.4031773
360	243	2058	0.73758696	-0.79033826
377	243	2059	0.81522608	-1.5070594
455	243	2060	1.3065436	2.0206208
458	243	2061	0.42774135	-0.72182965
493	243	2062	0.72613538	2.1102917
282	244	2063	0.64203231	2.1288619
329	244	2064	0.34824244	-2.5826826
357	244	2065	0.89541869	1.6231826
421	244	2066	1.1821638	-0.55816633
488	244	2067	0.27180867	2.3757503
276	245	2068	0.3064052	-3.0588536
345	245	2069	0.58930615	-1.3154902
491	245	2070	0.86424844	1.4679862
261	246	2071	0.56686036	2.0710158
292	246	2072	0.50580323	-0.3978087
364	246	2073	0.48896833	-0.77958036
423	246	2074	0.42401488	-1.9749629
266	247	2075	0.41786675	-3.0728319
389	247	2076	0.90994008	-1.8849388
425	248	2077	0.66536311	-3.1360733
482	248	2078	0.47223034	0.8567163
297	249	2079	0.69637787	2.7122853
336	249	2080	0.65028194	-2.9541763
455	249	2081	0.33507752	0.41424623
257	250	2082	0.69374983	2.3941148
427	251	2083	0.11585203	-1.2244729
261	252	2084	0.93737309	-1.9824117
352	252	2085	0.6797378	2.3220784
401	252	2086	0.63173293	1.2703513
469	252	2087	0.60088474	-2.7814185
402	254	2088	0.037962219	-1.0832738
408	254	2089	0.54038966	-0.44891163
457	254	2090	0.58451212	-2.4552094
297	255	2091	0.70363588	0.34727659
336	255	2092	0.67798288	-0.25580805
473	255	2093	0.82339794	2.4485572
376	256	2094	0.45887841	2.1845496
287	257	2095	0.78585379	-0.63977014
295	257	2096	0.23906141	2.839766
302	257	2097	1.0339304	2.3190357
413	258	2098	0.29660649	-2.364295
359	259	2099	0.8597382	-2.713242
469	261	2100	0.67385756	1.8524505
384	262	2101	1.3416728	-0.4309115
367	264	2102	0.68920483	1.5372164
497	264	2103	1.0185338	-1.5608829
279	266	2104	1.2515435	1.2440156
449	267	2105	0.21500729	-2.8346567
465	267	2106	0.74758005	1.483476
400	268	2107	0.54948048	-3.021402
315	269	2108	0.21326877	2.6668779
356	269	2109	0.61309816	2.8089891
383	270	2110	0.037962219	-1.0832738
386	271	2111	1.0130271	-1.4352385
476	272	2112	0.53760663	3.0841066
321	273	2113	0.22960548	-3.1143863
326	273	2114	0.55277918	-0.55306945
353	274	2115	0.75706014	-0.2877251
385	275	2116	0.85892744	0.90140094
396	275	2117	1.0767788	-2.8250001
463	275	2118	0.87163884	-1.8675575
490	275	2119	1.1522059	2.3895903
453	276	2120	0.89182089	1.6797742
491	276	2121	0.96877098	1.1518954
424	277	2122	1.1129789	-0.70626301
448	277	2123	0.87157534	1.1624257
380	278	2124	1.2881465	2.1547153
465	278	2125	1.2299192	-1.7794563
349	279	2126	0.38004056	1.4847816
388	279	2127	1.0417457	1.6949954
334	280	2128	0.70573507	0.71751739
354	280	2129	0.32320507	-1.9681773
308	281	2130	0.49657404	0.13715181
424	281	2131	0.43380366	2.336982
307	282	2132	0.74009397	2.2956515
357	282	2133	0.45618427	0.87303651
488	282	2134	0.38425081	-1.1864771
331	283	2135	0.85975513	-0.65986999
418	283	2136	0.66029874	2.8946052
446	283	2137	0.62286611	0.83585992
448	284	2138	0.54239346	-0.50420845
306	285	2139	0.097823062	-3.0910913
433	285	2140	0.57410352	0.072568824
456	285	2141	0	0
500	285	2142	0.82470531	3.1379511
307	286	2143	0.68276558	-0.71730128
324	286	2144	0.82287268	2.3573498
403	286	2145	1.1477858	1.6904663
421	288	2146	0.64988678	2.8947193
464	288	2147	0.47987279	0.20458273
303	290	2148	0.152693	2.905609
395	291	2149	1.1552674	-0.84556456
450	291	2150	0.80624305	-2.9161027
494	291	2151	0.73710316	-1.8519728
393	292	2152	0.91845069	0.92237247
423	292	2153	0.66208203	-2.8443647
393	293	2154	0.26806089	0.73830677
434	294	2155	0.58937345	2.7908031
320	295	2156	1.1592748	2.5258213
327	296	2157	0.35164203	1.5378022
336	297	2158	0.411062	-1.5846882
442	297	2159	0.27602688	1.4992183
432	298	2160	0.53861274	-1.1575322
341	299	2161	0.16761889	0.23709669
477	299	2162	0.78330781	-0.77338873
315	300	2163	0.40564865	0.59571081
356	300	2164	0.33469679	1.7329531
483	300	2165	0.74418371	-1.8161099
487	300	2166	0.81690118	-2.3808283
360	301	2167	0.24431524	-0.80194258
309	302	2168	1.0536994	0.17243152
320	302	2169	0.47147972	-3.1053014
381	302	2170	0.66593612	0.69314416
399	302	2171	1.117408	-2.8672314
380	304	2172	0.81090922	1.6741277
391	304	2173	0.72455405	2.5862837
465	304	2174	1.5176008	-1.3233309
336	305	2175	0.64706298	2.1734789
373	306	2176	0.29003959	-2.308521
433	306	2177	0.67190623	0.069356272
445	306	2178	0.86937413	-2.7708929
500	306	2179	0.72704487	3.1306697
357	307	2180	0.81003161	-0.25517577
403	307	2181	1.7168326	1.9600585
363	308	2182	1.2757525	0.29391631
367	308	2183	1.2318749	-1.9725495
424	308	2184	0.82961252	2.8421958
370	309	2185	0.7235676	1.3926972
381	309	2186	0.57996488	2.7060019
415	311	2187	0.26734309	-2.5043581
427	311	2188	1.1071744	2.8082841
439	312	2189	0.56134736	0.88827414
499	312	2190	0.29939351	1.2841147
321	313	2191	0.29549331	-0.74645491
411	313	2192	0.095964794	-2.5950701
443	313	2193	0.37981721	2.5904283
477	313	2194	0.22977213	2.9533201
492	313	2195	0.098189193	-2.0216198
348	314	2196	0.41975799	1.0586766
419	314	2197	0.50731981	1.1964561
356	315	2198	0.4031126	2.8839913
431	316	2199	0.47472604	-1.2244355
323	317	2200	1.1247464	-1.0088512
375	318	2201	0.27680278	-2.2679444
451	318	2202	0.75648899	2.4014018
472	318	2203	0.59329399	-0.2713995
392	319	2204	0.64220305	-0.71995301
407	319	2205	0.87290325	-1.6337415
495	319	2206	0.43096361	1.2359968
358	320	2207	1.3469824	-2.5931078
399	320	2208	0.66853738	-2.7001399
411	321	2209	0.33478326	2.6744101
360	322	2210	0.33978841	-2.0289281
461	322	2211	1.3047982	2.0195526
466	322	2212	0.79197602	-1.6796297
333	324	2213	0.79939119	2.1204801
403	324	2214	0.71433395	0.89737778
481	324	2215	0.61788519	2.4366013
429	325	2216	1.3491403	0.84522311
421	326	2217	0.59538296	-0.12068356
414	327	2218	0.49507658	-0.11631762
457	327	2219	1.0825452	1.4002413
414	328	2220	0.8445633	-2.4700892
497	328	2221	0.74681029	0.81593202
494	330	2222	0.91379507	2.0699668
468	331	2223	0.4725285	1.3004457
498	331	2224	1.3734202	0.60601712
500	331	2225	0.78419766	-3.1320715
351	332	2226	0.19531196	-0.73399969
368	333	2227	0.8526512	1.0604759
432	333	2228	0.61914397	1.8159033
460	333	2229	0.41198404	2.3278719
481	333	2230	0.2861724	-1.7569892
422	334	2231	0.16670771	-1.7218811
444	337	2232	1.0167023	-1.6995347
493	337	2233	0.86372511	1.7070689
409	338	2234	0.74931077	-0.29696556
342	339	2235	0.51223906	0.95728571
441	339	2236	0.49083691	2.6876724
412	340	2237	0.36314749	0.77993884
462	340	2238	0.79464008	0.77574981
443	341	2239	0.52468423	-0.96281888
477	341	2240	0.70859829	-0.97513356
441	342	2241	0.76368828	-2.8717351
421	343	2242	0.67659452	2.9048209
460	344	2243	0.39906225	2.051537
434	345	2244	1.291682	-1.9736844
449	345	2245	1.2069182	1.2614851
347	346	2246	0.22917516	1.0142828
422	346	2247	0.12279495	1.5677796
425	346	2248	0.7720136	0.64993782
429	346	2249	0.8121777	-2.3932115
422	347	2250	0.14042895	-2.6049178
425	347	2251	0.56382745	0.50458853
419	348	2252	0.10818123	1.7584959
388	349	2253	0.67474762	1.812797
359	350	2254	0.63485827	0.95731899
438	350	2255	0.37142964	3.0264132
440	350	2256	1.017071	3.1213701
485	350	2257	0.45099657	-0.45545464
401	352	2258	0.65961391	0.16243253
428	352	2259	0.78857929	0.57519217
449	352	2260	0.83601044	-2.9360695
465	352	2261	0.84203063	2.279853
469	352	2262	0.71533043	-1.7087311
361	353	2263	0.92951404	-2.1805661
442	355	2264	0.34699011	-3.0880335
487	356	2265	1.0428247	-2.1124737
399	358	2266	0.68599844	0.65278254
448	358	2267	0.82904273	-2.4972174
458	360	2268	0.31222506	2.2573345
466	360	2269	0.48680018	-1.4384134
366	362	2270	0.47286987	2.8778845
451	362	2271	1.0987019	-1.8128531
489	363	2272	1.3505133	-1.3748831
396	365	2273	0.98221831	-0.15241487
489	365	2274	0.98717335	1.0917827
392	367	2275	0.94126409	-2.4814688
375	368	2276	0.86401589	0.93930561
403	368	2277	0.97550751	-1.0952217
432	368	2278	0.58457967	-2.8938037
478	368	2279	0.58763225	1.6623843
429	369	2280	0.35509796	1.3507575
381	370	2281	0.80385321	-2.5210705
486	370	2282	0.73286002	-0.34801773
438	371	2283	0.78610843	0.85919639
387	372	2284	0.68275862	0.96970793
472	372	2285	1.5753347	-1.9059913
433	373	2286	0.90393174	0.29313222
438	373	2287	0.29117306	0.37507632
412	374	2288	0.79317265	0.88853081
403	375	2289	1.5659296	-1.6113169
472	375	2290	0.75117815	0.07083858
478	375	2291	0.57487486	-2.945124
444	377	2292	0.61209503	-2.3685526
385	378	2293	1.3133852	-0.66598367
489	378	2294	1.3085779	-2.4885861
490	378	2295	0.77711514	-2.0261068
433	379	2296	1.1563276	-2.4806298
454	379	2297	0.960178	1.4049895
487	379	2298	0.45841662	-1.6986701
498	379	2299	0.3992329	3.0379619
391	380	2300	0.68069421	-2.4680393
413	382	2301	0.19851805	-1.2795598
391	385	2302	0.880357	1.0483956
430	385	2303	1.4401929	-1.2379419
462	389	2304	0.29548958	0.92372224
406	390	2305	0.43376651	-2.6540731
475	391	2306	1.4811045	-1.3493767
407	392	2307	0.69973895	-2.4472702
406	394	2308	0.68884611	-0.54386289
452	394	2309	0.65772718	2.3581409
463	396	2310	0.91581074	-0.57533143
489	396	2311	1.1476544	2.0369715
490	396	2312	1.1369351	1.4102186
448	399	2313	1.5150279	-2.4934106
401	400	2314	0.69811459	-2.3600055
428	400	2315	0.51352412	-2.8053263
428	401	2316	0.3224912	1.5374374
436	404	2317	0.70326745	-3.0238279
470	405	2318	0.23648716	-0.47862249
452	406	2319	1.3369279	2.4807171
416	407	2320	0.74500634	-2.9721711
457	407	2321	0.6625398	-1.8975855
497	408	2322	0.57451067	-0.33853381
426	410	2323	0.43545971	0.9715074
492	411	2324	0.054950635	-0.77638577
423	412	2325	0.65818628	-2.7908627
462	412	2326	0.43149845	0.77222433
457	414	2327	1.1657175	1.8381787
457	416	2328	0.72387448	-0.76605337
435	418	2329	0.099199576	1.5669212
446	418	2330	1.0998105	0.27689489
464	418	2331	0.6676873	-2.2572265
427	420	2332	1.1334373	-0.35033777
437	426	2333	1.031526	1.831127
444	428	2334	1.2983608	1.5758948
449	430	2335	0.87236232	-0.66597477
453	430	2336	0.34678633	-2.306049
475	430	2337	0.74003017	1.1622949
491	430	2338	0.36568448	-0.78595043
460	432	2339	0.32912973	-1.9858189
456	433	2340	0.57410352	-3.0690238
487	433	2341	0.89163896	0.29023791
459	434	2342	0.7021924	-2.4164336
446	435	2343	1.0765505	0.18824124
466	437	2344	0.98831988	1.5839061
467	438	2345	0.62588415	0.084032302
482	441	2346	0.2147767	2.3750468
477	443	2347	0.18406728	-1.0102429
468	446	2348	0.65977364	-0.94246947
499	447	2349	0.26207698	2.4499992
465	449	2350	0.85357353	1.2487604
469	449	2351	0.89880364	-0.6416133
475	449	2352	1.2796235	1.8821307
491	449	2353	0.51118372	2.5613438
494	450	2354	0.78522473	-0.73728941
497	450	2355	0.9235544	2.6012596
486	452	2356	0.56905093	2.6662176
491	453	2357	0.49105294	-0.0031009544
476	454	2358	1.3786246	1.3187175
498	454	2359	1.0625284	-2.1210135
480	455	2360	0.50627003	1.2440782
493	455	2361	0.58693886	-1.2319882
500	456	2362	0.82470531	3.1379511
484	459	2363	0.45361539	-2.7037402
481	460	2364	0.62455791	-1.1937034
480	461	2365	0.8652284	2.1994215
500	464	2366	0.9751917	-0.18509661
475	465	2367	0.77796595	2.5889072
485	467	2368	0.32984132	-1.0976148
498	468	2369	1.0546033	0.31519889
480	470	2370	0.20270477	-0.76813606
495	474	2371	0.36023515	-2.8120373
496	477	2372	0.090768712	-1.5597703
487	483	2373	0.44052395	2.7731253
490	489	2374	0.70434973	0.13832083
