label	xPos	yPos	vote	north
0	0	0	0	0
1	0.4330222	-5.504191	0	0
2	1.205292	2.521649	0	0
3	-2.264673	-1.793864	0	0
4	-3.641966	-1.246276	0	0
5	-0.646407	-1.378971	0	0
6	-1.411646	5.464194	0	0
7	2.46707	1.719961	0	0
8	0.1727391	3.883523	0	0
9	4.224669	-0.3901067	0	0
10	-1.491051	-3.036499	0	0
11	-0.03209958	-0.4201457	0	0
12	1.43547	-4.665779	0	0
13	4.564682	-1.391077	0	0
14	5.49432	-0.217559	0	0
15	-3.580884	-1.802144	0	0
16	-4.114676	-1.224467	0	0
17	-2.563034	-1.634378	0	0
18	2.343536	1.061994	0	0
19	-3.240247	1.555703	0	0
20	-3.535011	-2.006815	0	0
21	-0.6370235	-2.314983	0	0
22	2.267951	-0.0299555	0	0
23	-2.676332	-1.7172	0	0
24	0.3487728	-5.807727	0	0
25	-3.874978	-0.09308552	0	0
26	4.596019	1.678084	0	0
27	-1.832278	-1.776059	0	0
28	-0.2719184	4.143354	0	0
29	4.181102	-0.992899	0	0
30	-2.741111	2.209422	0	0
31	0.5713544	4.580897	0	0
32	-3.328233	-1.820723	0	0
33	-0.04659443	-0.7941864	0	0
34	0.9841615	4.115893	0	0
35	-0.8011457	-0.1106375	0	0
36	1.542126	-1.006808	0	0
37	-0.7658515	0.5610179	0	0
38	1.459681	-3.975996	0	0
39	-3.633216	-0.2317392	0	0
40	-4.192621	0.2993063	0	0
41	-2.426564	-2.09657	0	0
42	-0.7777945	-1.065723	0	0
43	2.325509	1.295307	0	0
44	0.1667958	-5.492903	0	0
45	1.008084	-4.916458	0	0
46	0.7575228	-0.875589	0	0
47	-0.5311904	-3.063561	0	0
48	-2.122555	-0.2435129	0	0
49	4.065482	0.8296079	0	0
50	-1.019975	-0.1460547	0	0
51	0.3433788	3.541819	0	0
52	-3.644244	-0.9035346	0	0
53	5.915403	0.8370826	0	0
54	0.4147221	-0.2034414	0	0
55	1.070688	2.268466	0	0
56	0.8826511	-5.180287	0	0
57	0.1224605	4.029478	0	0
58	5.696555	-0.3055742	0	0
59	2.633322	1.210281	0	0
60	3.925941	1.368514	0	0
61	1.486362	-1.288666	0	0
62	1.515073	-1.710098	0	0
63	-0.6841369	-0.8734066	0	0
64	2.820816	2.423923	0	0
65	3.129757	2.3104	0	0
66	-2.196146	-3.654146	0	0
67	0.5059363	-5.179173	0	0
68	-2.241377	-0.4141095	0	0
69	-2.364261	4.028877	0	0
70	-3.033155	-1.061462	0	0
71	4.167068	0.207353	0	0
72	-1.063142	-0.4469981	0	0
73	2.094484	1.764974	0	0
74	-3.014509	-0.1649954	0	0
75	-2.756318	4.279374	0	0
76	-1.117695	-1.113351	0	0
77	-3.568249	-1.369545	0	0
78	2.023538	1.823429	0	0
79	3.408402	0.09642933	0	0
80	-1.354694	5.226329	0	0
81	1.453085	2.934409	0	0
82	2.407657	3.38403	0	0
83	-2.547892	-0.2599451	0	0
84	4.745879	1.758366	0	0
85	2.295707	-2.200918	0	0
86	-0.2091308	3.915595	0	0
87	-2.256356	-0.8362079	0	0
88	-2.763057	-0.5594728	0	0
89	-2.851619	-0.9175357	0	0
90	0.5094759	-2.873756	0	0
91	0.6334499	3.689671	0	0
92	2.579094	-1.957992	0	0
93	-2.384383	-2.641665	0	0
94	1.256082	2.275561	0	0
95	4.747587	0.01338302	0	0
96	2.875739	1.344975	0	0
97	0.5059889	4.128968	0	0
98	0.05355058	-0.6848712	0	0
99	1.404162	-1.065726	0	0
100	-2.95933	-2.263604	0	0
101	0.3627188	4.222566	0	0
102	-0.4308664	2.966854	0	0
103	2.310036	0.2418219	0	0
104	0.5007745	2.395365	0	0
105	-1.466178	-1.952086	0	0
106	-2.860166	-1.418635	0	0
107	2.146248	-0.5122665	0	0
108	0.5337912	4.526993	0	0
109	-0.755254	0.08940544	0	0
110	-2.681416	-1.112363	0	0
111	-0.6790721	0.8201978	0	0
112	-1.959397	3.8019	0	0
113	4.632192	1.627958	0	0
114	-1.04686	-1.612661	0	0
115	0.2416523	-2.297274	0	0
116	0.1088975	-6.112712	0	0
117	-0.6680211	-3.197369	0	0
118	5.003605	-0.6475014	0	0
119	1.97833	-1.714973	0	0
120	2.105051	3.002185	0	0
121	-2.095631	-1.231177	0	0
122	4.529433	-0.5089006	0	0
123	-3.335167	0.5106364	0	0
124	4.332081	-1.134806	0	0
125	-0.4097563	-1.226141	0	0
126	-3.845915	-1.07686	0	0
127	-0.1786814	2.45029	0	0
128	-1.773763	-0.7437845	0	0
129	-2.010507	3.424926	0	0
130	-0.007419929	-1.170386	0	0
131	0.2958929	3.719225	0	0
132	2.429935	-2.125383	0	0
133	-1.342484	-0.4460272	0	0
134	-1.936861	-0.2132817	0	0
135	-0.6190152	-1.577557	0	0
136	-2.241118	-1.778981	0	0
137	4.54878	0.309547	0	0
138	-2.483343	2.548162	0	0
139	0.9041932	-2.86862	0	0
140	-1.016401	-0.5809209	0	0
141	1.956693	2.826854	0	0
142	5.481	1.567295	0	0
143	3.737254	-0.2558652	0	0
144	1.344162	-2.326581	0	0
145	-2.086965	-2.31241	0	0
146	-3.233127	4.615002	0	0
147	-2.150337	-1.262577	0	0
148	1.560367	-4.174324	0	0
149	0.7420327	2.525796	0	0
150	-3.417506	-1.648415	0	0
151	-1.336571	5.007116	0	0
152	1.112794	-4.726265	0	0
153	4.932489	-0.03984575	0	0
154	0.5490528	2.322122	0	0
155	-0.2778339	2.574248	0	0
156	-1.926008	3.021058	0	0
157	-3.09973	-2.076119	0	0
158	1.458398	-2.392713	0	0
159	1.05056	2.056857	0	0
160	-3.449435	3.162799	0	0
161	-0.2979062	-0.6488319	0	0
162	-2.604954	-1.899656	0	0
163	0.1586461	3.828069	0	0
164	0.5598646	-0.2801475	0	0
165	-3.28125	-1.184268	0	0
166	-3.186014	4.665732	0	0
167	-1.309182	3.699643	0	0
168	1.958865	-1.843184	0	0
169	-3.264123	2.981237	0	0
170	-0.5184175	-0.9463824	0	0
171	0.5054761	3.389099	0	0
172	0.612253	2.950646	0	0
173	1.371509	-1.595788	0	0
174	-1.160289	3.594638	0	0
175	1.689666	-4.155156	0	0
176	-2.489461	-1.086573	0	0
177	-1.623977	-1.393471	0	0
178	0.4056826	4.0188	0	0
179	1.59603	2.696056	0	0
180	-3.900372	-0.8535515	0	0
181	-0.5009366	-2.84704	0	0
182	-2.817254	-2.428873	0	0
183	0.2461555	-2.341523	0	0
184	-2.556891	-2.860544	0	0
185	-1.110821	-3.622306	0	0
186	-0.5534798	-0.06794827	0	0
187	0.2292599	-6.010405	0	0
188	0.5922752	-2.256341	0	0
189	3.038359	0.4957852	0	0
190	0.6338896	-3.13664	0	0
191	0.446899	3.727185	0	0
192	3.189289	2.276903	0	0
193	0.8950119	-0.9049835	0	0
194	0.1115038	-1.372692	0	0
195	5.022979	-0.8215293	0	0
196	-1.938981	-2.972868	0	0
197	2.994146	2.154709	0	0
198	0.148101	3.16062	0	0
199	5.081639	1.314262	0	0
200	4.501272	0.2754373	0	0
201	3.445755	1.750861	0	0
202	1.472475	1.923444	0	0
203	0.5431087	4.312066	0	0
204	0.379528	-5.998439	0	0
205	-2.529834	-2.415844	0	0
206	4.103542	1.493172	0	0
207	2.149877	-1.951716	0	0
208	-2.294037	-3.848654	0	0
209	0.2235074	-5.555554	0	0
210	-2.395896	-2.462583	0	0
211	0.7094327	-0.4471449	0	0
212	5.497	0.9651041	0	0
213	0.3620159	-0.6276665	0	0
214	-1.195046	3.326578	0	0
215	0.317663	3.922936	0	0
216	-0.07096187	-2.917227	0	0
217	-2.351435	3.633462	0	0
218	2.453981	-2.605176	0	0
219	-2.328829	-2.785041	0	0
220	-2.084868	-0.6205468	0	0
221	4.271339	-0.3317463	0	0
222	0.979038	-3.125898	0	0
223	2.348187	-0.5125494	0	0
224	0.2022296	-0.2678505	0	0
225	-1.753417	-3.255315	0	0
226	-1.806967	2.952026	0	0
227	-1.02916	3.328412	0	0
228	1.371619	-3.45917	0	0
229	2.304728	-1.196057	0	0
230	2.262984	0.4783124	0	0
231	-0.5437776	-1.538461	0	0
232	-3.312713	-2.092238	0	0
233	-2.301011	-2.52522	0	0
234	-2.138065	-3.025812	0	0
235	0.5447447	-0.4623134	0	0
236	-1.856203	-2.74592	0	0
237	-0.509935	2.818215	0	0
238	-0.661016	0.6391368	0	0
239	-2.002944	-0.5457177	0	0
240	-1.495383	-3.674295	0	0
241	-3.08099	-0.6441979	0	0
242	0.467479	3.851319	0	0
243	-2.804821	-0.002149513	0	0
244	-2.984593	4.34337	0	0
245	4.729414	-0.2995111	0	0
246	1.886321	-1.302023	0	0
247	0.9751933	-2.326957	0	0
248	1.333966	2.744611	0	0
249	2.587548	-2.076777	0	0
250	-1.753693	-0.35855	0	0
251	2.680978	0.8954994	0	0
252	0.218896	2.371748	0	0
253	-2.205089	3.537267	0	0
254	-3.897435	0.7340753	0	0
255	1.93014	1.655511	0	0
256	-3.954682	-0.3938079	0	0
257	-1.636408	2.842047	0	0
258	2.124626	0.09021554	0	0
259	-3.917612	-0.9229182	0	0
260	-2.169797	-2.357019	0	0
261	1.089212	-0.9605227	0	0
262	-2.667937	-1.614679	0	0
263	-2.384218	-1.106718	0	0
264	-1.18553	-2.479031	0	0
265	1.176141	2.12511	0	0
266	0.5115023	4.421747	0	0
267	1.448251	-4.86588	0	0
268	1.304553	2.965315	0	0
269	-0.6672828	4.042516	0	0
270	-4.175578	-1.386077	0	0
271	-0.1327003	-3.152445	0	0
272	2.108106	0.6732491	0	0
273	2.712003	-2.397813	0	0
274	0.9872777	-2.656182	0	0
275	-3.914553	-0.5593367	0	0
276	-2.137818	2.761836	0	0
277	1.439736	2.490615	0	0
278	2.385335	1.406778	0	0
279	-0.8342796	-1.015388	0	0
280	-2.695649	-0.9875975	0	0
281	4.803116	1.432166	0	0
282	-1.240892	4.708905	0	0
283	0.01066423	4.315514	0	0
284	-3.493238	-1.084517	0	0
285	0.2482214	-5.337238	0	0
286	0.05339634	3.725432	0	0
287	0.1636309	2.379985	0	0
288	1.862702	1.018936	0	0
289	-1.275591	5.011555	0	0
290	-0.8504331	-1.53459	0	0
291	-2.767167	2.928977	0	0
292	4.318062	0.5833945	0	0
293	-3.147559	4.42841	0	0
294	0.4609352	4.637287	0	0
295	-1.020627	3.201853	0	0
296	-2.818966	4.50126	0	0
297	-0.1461108	-0.9431764	0	0
298	-4.204086	0.3475761	0	0
299	2.4658	2.479551	0	0
300	-2.987266	3.191598	0	0
301	3.671494	-0.06087151	0	0
302	5.718995	0.8710492	0	0
303	1.245304	-2.927842	0	0
304	0.2165045	-2.979407	0	0
305	1.142605	-1.83924	0	0
306	4.82069	-0.6823603	0	0
307	-3.292999	-1.295909	0	0
308	-1.533453	3.980337	0	0
309	4.151346	-0.7850787	0	0
310	-3.358725	-0.9765329	0	0
311	0.666231	3.155437	0	0
312	-0.1185188	-2.325497	0	0
313	4.124039	-0.1058755	0	0
314	4.023495	-0.1564436	0	0
315	-0.05938801	4.533279	0	0
316	-1.607118	-0.5049102	0	0
317	-4.076905	-1.605637	0	0
318	-3.473244	3.075738	0	0
319	-1.433883	-3.417448	0	0
320	4.92078	-0.4818425	0	0
321	4.370605	0.2222157	0	0
322	-3.33219	-0.8249038	0	0
323	-2.99926	1.886238	0	0
324	1.595732	1.384507	0	0
325	-1.657599	-2.144254	0	0
326	-0.4489552	-2.564813	0	0
327	4.854545	-0.1416205	0	0
328	2.165351	-0.3306672	0	0
329	-0.1689598	2.579103	0	0
330	-2.821486	3.029911	0	0
331	4.115962	0.5214455	0	0
332	2.566587	2.000848	0	0
333	5.727018	-0.2414836	0	0
334	-3.895556	-1.070183	0	0
335	-2.995297	2.920094	0	0
336	2.093534	-1.168786	0	0
337	0.1175293	-3.158753	0	0
338	2.035554	-0.6276913	0	0
339	-3.459843	-0.379703	0	0
340	2.347202	-1.935351	0	0
341	4.383546	-1.234945	0	0
342	-0.4313382	-0.3181449	0	0
343	-0.2771935	-0.6291425	0	0
344	2.13414	-2.330855	0	0
345	0.4744429	3.961396	0	0
346	5.406875	-0.09238045	0	0
347	-1.393693	-0.2111514	0	0
348	-2.31485	-0.3940112	0	0
349	0.8296082	-4.95335	0	0
350	2.256679	-2.046507	0	0
351	-0.04317527	2.371756	0	0
352	-2.438912	-1.495405	0	0
353	0.1955231	-1.526763	0	0
354	1.673723	-1.123546	0	0
355	0.7761593	2.349532	0	0
356	5.168881	-0.09802703	0	0
357	2.012345	0.8689586	0	0
358	-1.122873	-3.178188	0	0
359	-1.381269	-3.254633	0	0
360	-1.206599	3.816649	0	0
361	-2.603955	2.821016	0	0
362	-0.2519687	-0.7911829	0	0
363	1.338523	-4.405385	0	0
364	-1.430672	3.655674	0	0
365	-0.8183185	3.076605	0	0
366	0.8796018	-2.059322	0	0
367	-2.014033	-0.8954741	0	0
368	-1.363202	4.892264	0	0
369	-2.961883	-1.175789	0	0
370	-0.5989018	-0.1772907	0	0
371	-1.558594	3.615389	0	0
372	-2.782269	-1.026052	0	0
373	0.8392992	3.924887	0	0
374	-2.396591	-1.193769	0	0
375	-3.833602	0.595655	0	0
376	5.277414	1.113706	0	0
377	0.6022554	4.842441	0	0
378	-3.045382	4.46551	0	0
379	3.921973	-0.09282091	0	0
380	-2.47883	-2.704874	0	0
381	0.6217904	2.211254	0	0
382	4.0505	-0.2925751	0	0
383	-1.961597	-1.002487	0	0
384	-1.09187	-3.364302	0	0
385	4.255278	0.5448161	0	0
386	2.045451	-2.15292	0	0
387	0.102891	-5.465927	0	0
388	2.202892	3.127499	0	0
389	-3.759214	-0.7646059	0	0
390	-1.162339	-2.265531	0	0
391	-3.449694	1.199608	0	0
392	2.50865	1.395677	0	0
393	-1.403852	-1.166538	0	0
394	-3.988941	-1.393508	0	0
395	4.41124	1.488692	0	0
396	-3.079046	-1.569733	0	0
397	4.003706	-0.6444333	0	0
398	1.289844	-4.881886	0	0
399	-2.887618	4.458632	0	0
400	-0.05448628	-3.057867	0	0
401	-3.782136	-0.4941065	0	0
402	-3.60293	0.8007271	0	0
403	5.258774	1.470251	0	0
404	1.349552	1.751547	0	0
405	2.283109	-2.46248	0	0
406	0.4621637	-0.8814408	0	0
407	1.847407	-4.319184	0	0
408	1.701664	-2.263843	0	0
409	-3.683891	-0.3018943	0	0
410	1.068046	-3.345788	0	0
411	-4.042286	-0.7335927	0	0
412	-1.397997	3.492022	0	0
413	-0.05074121	-3.172161	0	0
414	-1.341847	-2.16549	0	0
415	2.559959	3.578531	0	0
416	-0.7008066	-1.55154	0	0
417	-2.692167	-0.9069001	0	0
418	-3.950698	0.2754254	0	0
419	2.688491	-2.224237	0	0
420	-0.753088	-2.097596	0	0
421	-3.700957	-1.565512	0	0
422	-4.127644	0.602205	0	0
423	-2.052246	-3.357492	0	0
424	-0.3042841	-0.9339553	0	0
425	-0.6987023	0.401608	0	0
426	3.050994	1.447939	0	0
427	0.6680211	2.354865	0	0
428	2.504258	-2.234701	0	0
429	-3.067291	0.1774972	0	0
430	-1.127332	4.215642	0	0
431	-3.248104	3.051894	0	0
432	-0.9276059	-0.7334825	0	0
433	-0.3152644	-1.386485	0	0
434	-1.027326	2.85454	0	0
435	4.296352	-0.6273498	0	0
436	-3.918197	-1.368469	0	0
437	-1.558309	-1.689077	0	0
438	-3.858619	-1.640357	0	0
439	2.686039	2.242079	0	0
440	-4.051475	-1.260954	0	0
441	1.708368	2.865284	0	0
442	1.885344	-0.9560351	0	0
443	2.408648	-2.676981	0	0
444	-1.244466	4.934567	0	0
445	0.2807105	-3.05606	0	0
446	0.1491373	-0.8593247	0	0
447	-0.02110166	2.449317	0	0
448	0.6523411	4.770411	0	0
449	0.5835499	-0.7427773	0	0
450	-4.449563	0.436665	0	0
451	5.067226	1.493315	0	0
452	-4.079799	-0.006145465	0	0
