label	xPos	yPos	vote	north
0	0	0	0	0
1	2.775267	-5.507498	0	0
2	3.887096	-4.970568	0	0
3	-0.6518725	-1.969146	0	0
4	5.243438	0.5004487	0	0
5	-5.555313	0.2142525	0	0
6	4.103012	2.56553	0	0
7	-4.17195	-1.937002	0	0
8	3.773013	-3.027852	0	0
9	-0.005321384	-5.236984	0	0
10	-5.129438	0.9232529	0	0
11	2.365629	5.820017	0	0
12	-1.466334	-4.489919	0	0
13	-0.3697574	-5.382657	0	0
14	2.139863	5.305622	0	0
15	3.534502	-3.886014	0	0
16	4.968447	-0.5444166	0	0
17	4.009767	5.091556	0	0
18	-4.392654	-3.756736	0	0
19	-5.973955	2.193114	0	0
20	0.9492045	-4.70004	0	0
21	5.182602	2.100096	0	0
22	-3.865474	0.5315194	0	0
23	-5.335703	3.174387	0	0
24	-2.842843	-4.122719	0	0
25	2.924277	-1.93578	0	0
26	-4.678762	-2.879178	0	0
27	2.90135	5.399129	0	0
28	3.277179	-5.182939	0	0
29	1.943943	6.047034	0	0
30	2.545667	4.746233	0	0
31	-4.519428	1.955502	0	0
32	-5.423338	3.272272	0	0
33	2.884729	-4.110939	0	0
34	-2.730022	3.154931	0	0
35	-5.351565	-1.75773	0	0
36	-4.84591	-1.961564	0	0
37	3.881023	4.575969	0	0
38	-5.444473	-0.9691508	0	0
39	-1.175947	1.961929	0	0
40	4.547663	-4.854061	0	0
41	1.725952	-5.483404	0	0
42	1.966509	-4.864022	0	0
43	3.116809	3.695257	0	0
44	5.089913	-2.644355	0	0
45	3.700896	-3.147162	0	0
46	-5.640859	3.046037	0	0
47	-1.505591	-5.774292	0	0
48	4.96816	0.5582809	0	0
49	4.286987	-4.506698	0	0
50	-2.441897	-4.951488	0	0
51	2.164084	6.216812	0	0
52	4.602781	-4.717333	0	0
53	4.07381	2.876269	0	0
54	-3.543628	-4.615275	0	0
55	5.069151	-0.3408744	0	0
56	1.100436	-3.913132	0	0
57	3.472267	5.422781	0	0
58	3.424636	-5.517488	0	0
59	-5.920332	2.87532	0	0
60	-5.870318	3.047286	0	0
61	-4.753674	4.100528	0	0
62	-4.712784	1.86883	0	0
63	3.554732	5.388141	0	0
64	4.855473	-1.846548	0	0
65	2.116714	5.29869	0	0
66	-4.998543	-2.326117	0	0
67	0.8792622	4.184961	0	0
68	1.470225	0.9126187	0	0
69	3.261446	3.707363	0	0
70	-5.356194	-0.9565746	0	0
71	5.295061	0.1097955	0	0
72	0.1394978	-5.246308	0	0
73	-5.621314	3.042785	0	0
74	-4.748318	3.859342	0	0
75	-3.469063	-3.648349	0	0
76	4.612539	-3.988872	0	0
77	1.164252	-3.638712	0	0
78	-5.76174	3.08973	0	0
79	4.995582	3.607815	0	0
80	-4.37348	4.352241	0	0
81	2.759658	-0.3492045	0	0
82	4.864315	-1.941001	0	0
83	-0.7355683	-4.643996	0	0
84	3.663076	4.380867	0	0
85	-3.763662	4.537691	0	0
86	2.17178	5.367811	0	0
87	-3.905416	-4.117872	0	0
88	-2.429612	-4.944909	0	0
89	2.878899	-2.260973	0	0
90	-4.413043	-1.652469	0	0
91	-2.275417	-4.873708	0	0
92	0.8637423	5.474163	0	0
93	2.373376	-0.2809122	0	0
94	2.711617	3.921664	0	0
95	0.5647033	-4.40972	0	0
96	-6.171249	1.638883	0	0
97	4.344606	1.329089	0	0
98	-0.5284176	0.5936057	0	0
99	1.671262	5.789829	0	0
100	5.214026	0.4192591	0	0
101	0.1488527	3.587301	0	0
102	4.863646	1.97332	0	0
103	-4.490853	4.242612	0	0
104	-6.148641	1.855699	0	0
105	5.329439	1.616587	0	0
106	3.656223	0.6283345	0	0
107	1.304447	-3.691311	0	0
108	-0.9270225	-5.601933	0	0
109	2.754149	5.291987	0	0
110	3.934067	5.031935	0	0
111	2.669895	4.264989	0	0
112	0.6392496	1.867108	0	0
113	3.138544	5.388618	0	0
114	-5.886733	3.16095	0	0
115	2.595591	-2.29938	0	0
116	-3.497302	-4.401285	0	0
117	-0.5857975	1.685528	0	0
118	0.7561287	-3.829453	0	0
119	0.8521879	-4.284434	0	0
120	1.945228	5.529951	0	0
121	4.871279	-3.3514	0	0
122	2.312	5.703796	0	0
123	4.299273	-4.500119	0	0
124	-5.202574	4.027252	0	0
125	2.695632	3.990136	0	0
126	2.408736	-5.822077	0	0
127	3.105708	4.163901	0	0
128	5.122988	0.9153842	0	0
129	4.701503	-2.029405	0	0
130	2.252495	-5.610672	0	0
131	-0.3082695	-4.790152	0	0
132	1.369235	5.719333	0	0
133	-2.753177	2.818457	0	0
134	4.501254	-2.545828	0	0
135	-5.170701	4.019049	0	0
136	5.214428	1.53392	0	0
137	4.02505	-4.648612	0	0
138	-2.08314	2.771317	0	0
139	-0.4581951	-0.6859569	0	0
140	1.990879	-4.901273	0	0
141	-5.202355	3.460789	0	0
142	-3.464617	-4.436905	0	0
143	-4.403408	-2.912765	0	0
144	3.090603	-1.851251	0	0
145	4.798941	-1.546245	0	0
146	3.683863	-3.81798	0	0
147	3.75588	-4.98514	0	0
148	4.400546	1.328591	0	0
149	-1.149285	-5.229246	0	0
150	-3.209271	2.772972	0	0
151	2.747372	-0.3557832	0	0
152	-1.241984	4.428363	0	0
153	2.680425	-4.034847	0	0
154	3.609925	-5.392097	0	0
155	2.232709	4.831294	0	0
156	-0.9992144	2.200324	0	0
157	5.375129	0.9311319	0	0
158	-5.765446	3.185599	0	0
159	-0.1314199	-1.252876	0	0
160	-0.4704808	-0.6925356	0	0
161	-3.215574	4.475011	0	0
162	4.939746	-0.7820332	0	0
163	1.931519	-4.708709	0	0
164	3.220201	5.421215	0	0
165	1.712968	4.543396	0	0
166	1.674091	5.755723	0	0
167	3.683863	-3.81798	0	0
168	-0.490903	-2.747347	0	0
169	-0.821879	-2.493188	0	0
170	-2.623898	4.532533	0	0
171	2.00967	4.631416	0	0
172	0.6874506	-5.14766	0	0
173	-2.248173	-5.463573	0	0
174	-3.288329	-4.533293	0	0
175	-4.127832	4.669343	0	0
176	4.852029	-1.94758	0	0
177	4.734748	2.014667	0	0
178	2.891011	-1.835835	0	0
179	3.218655	5.309501	0	0
180	-5.439611	3.14714	0	0
181	2.69062	5.929388	0	0
182	-3.07268	4.521341	0	0
183	-2.694174	-3.296948	0	0
184	4.459378	-2.439193	0	0
185	5.271929	1.657831	0	0
186	-4.44853	4.319652	0	0
187	-4.518078	-3.530059	0	0
188	2.171284	4.836423	0	0
189	2.138109	5.619443	0	0
190	-1.045433	1.35913	0	0
191	-2.443066	-5.422857	0	0
192	-0.2793431	1.630454	0	0
193	3.161968	-3.998799	0	0
194	-5.396752	0.5414686	0	0
195	-4.282687	1.970899	0	0
196	3.263129	3.932919	0	0
197	0.08978729	-2.608886	0	0
198	-3.441256	3.852312	0	0
199	5.138547	1.104999	0	0
200	3.990547	4.615667	0	0
201	-3.406625	-4.301643	0	0
202	4.621966	-1.664991	0	0
203	-1.279108	-5.810898	0	0
204	4.634593	-0.3312265	0	0
205	3.230133	-5.151979	0	0
206	2.795899	-5.570217	0	0
207	0.9238553	1.504454	0	0
208	4.956368	3.276069	0	0
209	0.7668543	-5.107394	0	0
210	-4.531686	-2.272034	0	0
211	-3.308562	3.85048	0	0
212	-0.2815417	-2.978667	0	0
213	-0.2490593	-3.017561	0	0
214	3.355568	-4.190802	0	0
215	3.417322	-3.444673	0	0
216	2.835372	5.645977	0	0
217	0.1089205	-4.28091	0	0
218	-4.266132	4.806512	0	0
219	3.059373	5.209193	0	0
220	2.322812	-3.421604	0	0
221	2.200886	5.295523	0	0
222	-0.237997	-2.905838	0	0
223	-5.590866	2.914569	0	0
224	3.679449	-3.569054	0	0
225	5.003454	-2.033906	0	0
226	-1.847779	-5.792284	0	0
227	-4.379291	3.887614	0	0
228	5.009618	1.580166	0	0
229	5.362248	1.669177	0	0
230	0.3269054	-2.444513	0	0
231	-1.207767	-4.947983	0	0
232	4.723401	4.241792	0	0
233	-5.232451	-1.684077	0	0
234	-5.563499	0.2052711	0	0
235	-4.05703	-3.312778	0	0
236	-3.414357	-2.478433	0	0
237	-3.355663	3.204074	0	0
238	2.041963	-3.484629	0	0
239	4.871969	-0.9949872	0	0
240	-4.525841	3.300616	0	0
241	0.1033338	-2.018049	0	0
242	3.65765	0.705316	0	0
243	4.137075	4.291804	0	0
244	4.818043	3.53062	0	0
245	4.878843	-1.929595	0	0
246	-2.555766	-3.203627	0	0
247	-3.320847	3.843902	0	0
248	3.83608	-0.6092819	0	0
249	-3.710311	4.575656	0	0
250	-2.879913	-3.373224	0	0
251	5.061874	0.03963153	0	0
252	4.943958	4.022626	0	0
253	2.5071	-2.828451	0	0
254	4.299672	-4.054032	0	0
255	-0.8812682	-0.1345226	0	0
256	2.457612	-3.717103	0	0
257	3.510049	4.178026	0	0
258	-5.437144	-0.05518423	0	0
259	5.161993	-0.046769	0	0
260	0.4518009	2.403301	0	0
261	5.01403	-2.591163	0	0
262	-1.047317	-5.715513	0	0
263	2.978524	-2.14225	0	0
264	3.193302	-3.785936	0	0
265	-3.660224	-4.355901	0	0
266	-5.124341	3.488595	0	0
267	-3.947799	3.517595	0	0
268	-4.259013	-3.54295	0	0
269	-5.033043	3.754272	0	0
270	5.310824	1.497834	0	0
271	0.46506	-3.391441	0	0
272	4.68	4.922251	0	0
273	-0.02985377	-3.126252	0	0
274	4.754154	3.848898	0	0
275	1.979553	-4.668729	0	0
276	0.4556886	-4.202854	0	0
277	-0.6036941	0.20249	0	0
278	-5.936587	2.783105	0	0
279	-3.208319	4.526463	0	0
280	-1.470731	-5.312615	0	0
281	-5.886523	1.242942	0	0
282	-3.552611	4.546588	0	0
283	2.577302	-3.255429	0	0
284	-0.7817949	5.121873	0	0
285	4.859683	-1.001566	0	0
286	5.187614	0.4814541	0	0
287	-3.218694	-3.428616	0	0
288	3.99968	4.353313	0	0
289	3.823794	-0.6158606	0	0
290	0.6269639	1.860529	0	0
291	0.852943	-2.900528	0	0
292	-4.399997	-2.458753	0	0
293	3.506014	-3.677077	0	0
294	1.680718	5.830514	0	0
295	3.209752	3.753594	0	0
296	-4.486114	1.954779	0	0
297	5.271129	1.480823	0	0
298	3.822087	-1.647392	0	0
299	2.285412	-5.666813	0	0
300	2.832744	-2.233571	0	0
301	2.692711	-4.028268	0	0
302	2.567661	4.335656	0	0
303	-0.2729091	-1.444001	0	0
304	3.690646	3.950757	0	0
305	2.441036	5.077663	0	0
306	-4.47242	-2.607379	0	0
307	-3.569146	-4.179733	0	0
308	-4.210511	4.457321	0	0
309	-4.241419	-3.208886	0	0
310	-4.361601	1.965766	0	0
311	4.840678	-1.639875	0	0
312	-3.710311	4.575656	0	0
313	-5.47905	3.565465	0	0
314	-0.5326255	0.2826581	0	0
315	-1.03615	-5.45885	0	0
316	-6.022455	2.126317	0	0
317	2.330615	-5.716375	0	0
318	-4.591346	4.262961	0	0
319	0.3716253	5.274972	0	0
320	-0.7730026	-1.117348	0	0
321	2.157457	6.14202	0	0
322	2.002724	5.152616	0	0
323	-3.767646	-3.805376	0	0
324	-3.847486	-0.5582921	0	0
325	-4.610051	-3.635459	0	0
326	-5.166875	3.916471	0	0
327	-4.450212	4.399781	0	0
328	-4.173932	4.715066	0	0
329	1.017696	-3.929536	0	0
330	-5.543519	3.119893	0	0
331	1.468809	-5.023816	0	0
332	3.003101	-3.964574	0	0
333	0.1004599	2.798992	0	0
334	5.135734	1.485623	0	0
335	-2.986944	-4.774886	0	0
336	-4.244884	4.490785	0	0
337	3.161968	-3.998799	0	0
338	1.204098	5.205089	0	0
339	-2.307021	-4.846755	0	0
340	2.870031	-1.729311	0	0
341	2.131809	-3.30991	0	0
342	-1.205458	2.250303	0	0
343	3.223558	-4.820642	0	0
344	-5.078157	1.318823	0	0
345	-5.809834	3.299965	0	0
346	-1.432952	-5.84646	0	0
347	4.360206	2.112026	0	0
348	0.04873132	-4.853037	0	0
349	2.363533	-5.772515	0	0
350	1.939647	4.569001	0	0
351	-3.098517	2.627435	0	0
352	-0.06309513	-4.511486	0	0
353	-0.7209788	2.434616	0	0
354	3.405036	-3.451252	0	0
355	3.347004	-3.939684	0	0
356	-5.190075	3.898801	0	0
357	5.064365	4.399396	0	0
358	2.945258	-2.042304	0	0
359	-3.538369	-4.681414	0	0
360	-5.073095	4.052573	0	0
361	1.787267	4.081379	0	0
362	-5.628823	3.145547	0	0
363	3.21618	3.665571	0	0
364	4.869851	3.038868	0	0
365	-4.638403	-2.215581	0	0
366	-4.884802	1.405495	0	0
367	-4.086708	4.26844	0	0
368	1.92015	0.2895052	0	0
369	1.873899	4.713478	0	0
370	-1.035032	-5.708934	0	0
371	4.780544	-2.030078	0	0
372	0.5165633	-2.636113	0	0
373	-3.849843	4.099545	0	0
374	-1.456017	-5.445327	0	0
375	4.989161	-0.3327004	0	0
376	4.706848	0.6429951	0	0
377	-5.845941	1.586631	0	0
378	-4.072572	2.426321	0	0
379	-1.567343	-5.683036	0	0
380	-4.723415	-2.173423	0	0
381	0.7535541	1.680438	0	0
382	2.261218	-5.431158	0	0
383	0.07670032	-4.89996	0	0
384	3.986895	-3.414243	0	0
385	-0.5455525	-5.532638	0	0
386	-1.858089	-5.731348	0	0
387	-1.089694	-5.83141	0	0
388	4.998598	-1.768751	0	0
389	-3.55095	-4.154746	0	0
390	3.833219	4.52262	0	0
391	-1.864449	-5.53538	0	0
392	4.18469	2.615863	0	0
393	-1.24966	-5.297539	0	0
394	2.029677	-3.491208	0	0
395	5.029807	1.523125	0	0
396	-3.963881	-2.830299	0	0
397	-3.201064	4.577915	0	0
398	4.968653	3.282648	0	0
399	3.412343	-5.512205	0	0
400	2.987935	-4.535983	0	0
401	-3.557295	-4.178403	0	0
402	-3.924281	-4.100287	0	0
403	-0.2456388	1.982778	0	0
404	4.255752	-2.075782	0	0
405	-6.08244	2.642067	0	0
406	0.3315799	-3.209494	0	0
407	4.714737	-1.804724	0	0
408	1.769207	4.976867	0	0
409	-4.303742	-1.976211	0	0
410	-0.3278033	3.076066	0	0
411	-3.505243	2.810153	0	0
412	-4.104734	3.620935	0	0
413	3.558345	5.161994	0	0
414	2.060042	5.638663	0	0
415	-3.861846	-1.231064	0	0
416	1.393753	-3.42664	0	0
417	2.36109	-0.287491	0	0
418	4.625698	4.846248	0	0
419	3.190038	-2.194363	0	0
420	5.18585	2.075112	0	0
421	2.413892	5.331382	0	0
422	0.6939667	-5.100811	0	0
423	-2.535525	-4.525558	0	0
424	4.705743	-1.25715	0	0
425	-6.062171	1.923399	0	0
426	-5.715267	2.726424	0	0
427	-2.029858	-3.045514	0	0
428	-1.109866	4.196242	0	0
429	5.010049	3.629748	0	0
430	4.151478	-2.593906	0	0
431	-4.780392	4.067082	0	0
432	-3.043873	-4.32029	0	0
433	2.468698	5.457756	0	0
434	5.115311	-0.3230323	0	0
435	3.529014	-3.957069	0	0
436	-5.77585	3.270043	0	0
437	1.22594	-4.941968	0	0
438	-4.627139	4.454047	0	0
439	-2.271918	3.537473	0	0
440	-4.248601	-2.699154	0	0
441	-0.4208266	-4.55041	0	0
442	-1.001752	-5.504876	0	0
443	-3.460611	-4.417709	0	0
444	-5.552246	3.212948	0	0
445	-1.11922	-4.912348	0	0
446	-0.7120832	-4.633292	0	0
447	2.068173	5.150753	0	0
448	5.255592	0.7251793	0	0
449	-4.121652	4.374344	0	0
450	-4.166751	-3.407963	0	0
451	2.405539	-4.767366	0	0
452	-4.315079	-3.751718	0	0
453	-3.970571	4.521233	0	0
454	3.905801	-3.374019	0	0
455	-2.366147	-5.552714	0	0
456	-0.3637435	-4.527332	0	0
457	-5.02573	2.982441	0	0
458	2.750452	-2.308383	0	0
459	5.140371	-0.9346286	0	0
460	-3.434491	-1.945253	0	0
461	-3.545961	4.521753	0	0
462	-1.767031	-5.73327	0	0
463	4.943189	0.81321	0	0
464	-4.266905	2.38561	0	0
465	3.997482	5.084977	0	0
466	-0.6245504	-5.388085	0	0
467	-5.152622	0.9346584	0	0
468	-5.345585	3.655554	0	0
469	-3.562164	4.647984	0	0
470	4.544163	-2.379885	0	0
471	2.768744	-5.138022	0	0
472	0.7839613	4.996293	0	0
473	-0.952303	-4.867995	0	0
474	1.57339	4.733277	0	0
475	-3.528938	-4.277023	0	0
476	-4.46148	2.154347	0	0
477	5.21452	0.2862355	0	0
478	-5.550386	0.1505382	0	0
479	-3.412219	0.5639295	0	0
480	-1.942975	-4.984966	0	0
481	-1.251086	-5.104567	0	0
482	-5.604797	3.136851	0	0
483	1.919233	-4.715288	0	0
484	-4.663413	-3.31212	0	0
485	2.935575	4.171537	0	0
486	2.772853	5.79884	0	0
487	-0.5255886	0.9594957	0	0
488	1.658422	5.569	0	0
489	-4.236788	-3.926468	0	0
490	1.250918	5.534718	0	0
491	3.571263	5.259019	0	0
492	3.019947	5.393873	0	0
493	-5.817445	0.5142563	0	0
494	3.35929	-3.933105	0	0
495	4.859447	-1.814034	0	0
496	3.133346	-3.24116	0	0
497	4.135741	1.322165	0	0
498	-5.572703	0.1500599	0	0
499	-5.88459	3.131966	0	0
500	-3.193809	4.629367	0	0
501	2.499694	4.812052	0	0
502	-3.87776	0.5249406	0	0
503	1.622808	-4.744141	0	0
504	-1.982439	-5.712278	0	0
505	-0.4611576	-0.1203751	0	0
506	-4.328361	-2.156759	0	0
507	-3.86272	2.580005	0	0
508	5.292209	1.37908	0	0
509	3.069183	-3.482684	0	0
510	2.186349	-5.369405	0	0
511	-5.391825	0.4777543	0	0
512	4.747872	-1.465494	0	0
513	5.374534	1.675756	0	0
514	5.374219	1.364001	0	0
515	3.57067	5.203281	0	0
516	3.653079	-2.121649	0	0
517	-3.732206	-3.921851	0	0
518	-5.357871	3.648975	0	0
519	5.073321	-0.3208108	0	0
520	-4.499753	-1.77139	0	0
521	5.051745	2.872362	0	0
522	-5.463803	-0.2872307	0	0
523	1.914015	5.563474	0	0
524	-4.15908	4.673705	0	0
525	3.588979	5.290208	0	0
526	2.282072	-4.533372	0	0
527	-1.769961	-4.868755	0	0
528	4.700762	4.597056	0	0
529	-3.615082	3.96339	0	0
530	5.161245	2.177607	0	0
531	-4.184236	-1.943581	0	0
532	0.09104812	-2.024627	0	0
533	4.076767	5.115625	0	0
534	-4.553856	-3.649047	0	0
535	2.808185	-5.563638	0	0
536	2.656151	-5.321106	0	0
537	5.123448	1.479044	0	0
538	4.946243	-0.9136534	0	0
539	-3.222286	-4.5353	0	0
540	-4.351722	4.469555	0	0
541	-4.945481	3.486827	0	0
542	-1.263775	-2.845716	0	0
543	-3.097698	-3.594745	0	0
544	-3.35119	-3.917451	0	0
545	2.78659	-2.206169	0	0
546	4.858993	-3.357979	0	0
547	-1.332293	4.588712	0	0
548	4.26804	1.619973	0	0
549	3.65079	4.374289	0	0
550	4.295891	3.008984	0	0
551	-5.023094	-2.422352	0	0
552	0.2487268	-2.862774	0	0
553	-5.910185	1.997499	0	0
554	-5.497838	-0.8337468	0	0
555	-4.168657	4.358837	0	0
556	-3.912467	2.633891	0	0
557	-5.263019	0.4750207	0	0
558	-5.998118	2.841983	0	0
559	1.932436	0.2960839	0	0
560	2.679646	4.058609	0	0
561	4.68	4.922251	0	0
562	-2.208044	-5.61348	0	0
563	-3.685778	-3.585937	0	0
564	-6.014074	2.509029	0	0
565	2.419969	6.001868	0	0
566	5.427182	0.6002637	0	0
567	-4.42344	-2.39535	0	0
568	3.979969	-4.765704	0	0
569	-2.310545	-4.910766	0	0
570	-3.225345	4.445995	0	0
571	4.946854	3.85503	0	0
572	-5.290326	3.106809	0	0
573	5.234549	0.4052759	0	0
574	-4.475182	-1.758233	0	0
575	5.035986	-1.969006	0	0
576	-2.170881	-4.788102	0	0
577	0.6932453	-3.647912	0	0
578	4.012803	-3.774899	0	0
579	-5.897883	2.909709	0	0
580	-6.074457	1.91682	0	0
581	4.18469	2.615863	0	0
582	2.674538	5.813911	0	0
583	-5.975391	1.311045	0	0
584	3.37759	-5.486528	0	0
585	-3.326924	4.705026	0	0
586	1.049762	3.914966	0	0
587	5.146239	-0.9291985	0	0
588	2.958398	-5.312798	0	0
589	-2.724746	-4.879518	0	0
590	4.181214	4.328733	0	0
591	2.249902	5.621146	0	0
592	4.896776	4.324975	0	0
593	5.109869	1.943039	0	0
594	-4.432996	2.078568	0	0
595	-0.5132958	-5.257243	0	0
596	-3.84336	-3.635258	0	0
597	-2.070978	3.557831	0	0
598	2.652572	4.759115	0	0
599	-2.499816	3.167272	0	0
600	-1.856114	-5.663832	0	0
601	1.771281	4.149852	0	0
602	2.328102	-4.433821	0	0
603	-4.144691	-4.079324	0	0
604	2.426178	5.33796	0	0
605	-5.379378	-0.9451691	0	0
606	-3.247524	-0.5474858	0	0
607	-1.870397	-5.094575	0	0
608	4.903303	-2.093772	0	0
609	-5.351566	-0.6627548	0	0
610	-3.276173	-4.410441	0	0
611	3.760079	-1.216405	0	0
612	-1.205537	-5.792823	0	0
613	2.84365	5.640893	0	0
614	-0.3663173	-0.5338511	0	0
615	-4.933195	3.493406	0	0
616	-5.167355	3.510109	0	0
617	5.116555	2.244585	0	0
618	3.841149	-0.9504486	0	0
619	-5.05993	-2.525165	0	0
620	-2.007637	-4.10689	0	0
621	-3.88743	4.415653	0	0
622	-2.416874	-5.571234	0	0
623	-5.513568	3.375282	0	0
624	1.151925	-3.673499	0	0
625	-2.964758	4.510954	0	0
626	4.504476	-4.4943	0	0
627	-4.39063	4.065278	0	0
628	-1.16157	-5.235825	0	0
629	3.69444	-3.769706	0	0
630	-4.460135	-2.6008	0	0
631	4.124405	1.967792	0	0
632	0.09104812	-2.024627	0	0
633	-5.486958	2.941816	0	0
634	-2.872426	-5.040882	0	0
635	4.762924	-2.331519	0	0
636	-5.750498	3.292347	0	0
637	3.882224	2.571525	0	0
638	4.236158	2.487607	0	0
639	-4.39369	-1.687226	0	0
640	1.299958	-4.657034	0	0
641	-3.863118	1.518822	0	0
642	1.021373	-3.232986	0	0
643	5.062033	-0.4728239	0	0
644	-5.587133	3.413638	0	0
645	-5.86267	0.1467931	0	0
646	-5.86643	3.098994	0	0
647	-4.238118	3.217084	0	0
648	3.224462	0.195637	0	0
649	3.683375	-2.703131	0	0
650	-1.856209	-5.74865	0	0
651	3.667163	-3.575633	0	0
652	1.288192	4.372282	0	0
653	-5.801489	1.077343	0	0
654	5.197743	-0.2832123	0	0
655	2.286534	4.160109	0	0
656	4.107491	4.682562	0	0
657	-0.4408344	4.52715	0	0
658	2.055887	5.144174	0	0
659	-4.250348	-2.562344	0	0
660	-1.162033	2.667012	0	0
661	4.734432	2.244657	0	0
662	5.010063	4.323393	0	0
663	-3.513688	-2.075297	0	0
664	-4.782889	4.215964	0	0
665	-4.081732	4.62362	0	0
666	3.705768	5.356467	0	0
667	-3.929994	4.462322	0	0
668	-0.2028607	-5.310981	0	0
669	-4.658131	-2.072777	0	0
670	-3.28338	-3.621547	0	0
671	2.839571	-3.697744	0	0
672	1.063035	-4.854296	0	0
673	-3.988171	-3.175882	0	0
674	-4.302312	4.242699	0	0
675	-2.692516	-4.729431	0	0
676	-0.5059528	4.907824	0	0
677	-1.973798	-4.833998	0	0
678	2.895884	5.693058	0	0
679	-1.875461	4.283479	0	0
680	-3.908527	4.247169	0	0
681	3.703541	3.15323	0	0
682	-4.440514	1.960634	0	0
683	-5.331967	-0.8585355	0	0
684	-1.843924	-5.742071	0	0
685	4.531742	1.994039	0	0
686	2.741828	5.274951	0	0
687	3.177275	5.296778	0	0
688	-1.480076	-5.789179	0	0
689	-0.9138521	-5.699502	0	0
690	-0.3408898	-5.203701	0	0
691	0.8322771	-4.113494	0	0
692	-0.3531755	-5.21028	0	0
693	3.759963	0.1726382	0	0
694	0.8245101	-3.381972	0	0
695	-6.156618	2.879991	0	0
696	-5.451672	3.004887	0	0
697	-3.300615	-4.539872	0	0
698	-5.457682	3.790163	0	0
699	2.736522	-1.689855	0	0
700	-5.003189	-2.272358	0	0
701	-6.070155	2.648646	0	0
702	-4.274212	-3.869902	0	0
703	-0.4936672	4.914403	0	0
704	-0.3392728	-5.432346	0	0
705	1.95057	6.121826	0	0
706	4.888195	3.297753	0	0
707	-2.992448	3.804449	0	0
708	-4.876854	4.32096	0	0
709	-2.124883	3.948683	0	0
710	-4.87148	3.491238	0	0
711	-4.465883	4.440518	0	0
712	-3.879347	-3.644498	0	0
713	2.555375	4.329078	0	0
714	-5.394209	3.362043	0	0
715	3.832325	-3.034766	0	0
716	-3.888833	3.637273	0	0
717	-3.452284	-4.896769	0	0
718	0.5186138	4.720261	0	0
719	-1.084025	-5.769004	0	0
720	1.480702	4.330904	0	0
721	1.967267	-4.675308	0	0
722	-4.486816	-3.747957	0	0
723	-4.021364	-1.829597	0	0
724	3.591702	5.34426	0	0
725	-5.257077	3.382311	0	0
726	-4.049761	4.356149	0	0
727	-1.410716	-4.845169	0	0
728	0.852943	-2.900528	0	0
729	-1.554596	-5.173356	0	0
730	3.71325	4.059577	0	0
731	4.318642	-2.397369	0	0
732	-4.841372	3.350279	0	0
733	4.790459	4.619608	0	0
734	-4.938495	-2.06037	0	0
735	-1.036998	-5.003403	0	0
736	2.680425	-4.034847	0	0
737	2.811464	4.898049	0	0
738	-5.450474	-0.1712075	0	0
739	0.7612346	1.919366	0	0
740	5.123448	1.479044	0	0
741	4.727064	2.855439	0	0
742	5.102246	0.07604785	0	0
743	-3.109984	-3.601324	0	0
744	0.6809345	-5.194509	0	0
745	-0.9417121	0.6280009	0	0
746	1.913212	5.351183	0	0
747	4.555735	-4.686372	0	0
748	5.061034	4.207207	0	0
749	3.804456	3.823572	0	0
750	4.414623	1.414002	0	0
751	-4.645846	-2.066198	0	0
752	-3.721048	3.635707	0	0
753	4.65867	4.324196	0	0
754	-0.4702059	4.786664	0	0
755	4.727298	4.45771	0	0
756	5.039949	2.032445	0	0
757	1.900927	5.344604	0	0
758	4.135741	1.322165	0	0
759	5.009608	-2.332312	0	0
760	1.374066	4.955007	0	0
761	-4.617024	-3.04726	0	0
762	-1.989437	-3.126448	0	0
763	4.96871	0.5539995	0	0
764	-5.18903	3.980812	0	0
765	4.468954	2.399673	0	0
766	-5.442162	-1.143795	0	0
767	-4.137923	-3.321511	0	0
768	4.581178	3.064536	0	0
769	5.215528	0.1979842	0	0
770	-4.220032	4.760789	0	0
771	-3.369087	-4.515196	0	0
772	1.439083	-5.204271	0	0
773	4.248443	2.494185	0	0
774	-0.9521148	-5.119474	0	0
775	-5.826192	1.187555	0	0
776	-4.505792	-3.52348	0	0
777	4.696191	4.420012	0	0
778	0.2672878	2.389214	0	0
779	5.08485	0.142886	0	0
780	5.209191	0.4078581	0	0
781	-3.210317	-1.752282	0	0
782	1.938284	6.115247	0	0
783	0.4445881	-3.902597	0	0
784	1.033659	-3.226407	0	0
785	2.240209	-5.617251	0	0
786	-4.973557	-2.189956	0	0
787	-5.351566	-0.6627548	0	0
788	-5.300377	0.8538417	0	0
789	2.422376	4.045948	0	0
790	2.60556	-0.9163334	0	0
791	-3.698026	4.582234	0	0
792	3.030688	3.67738	0	0
793	-5.507192	3.35958	0	0
794	4.647861	-2.080584	0	0
795	-4.236315	-2.692575	0	0
796	-4.490775	-2.871284	0	0
797	-1.46251	4.907478	0	0
798	2.662252	5.807333	0	0
799	-4.712412	3.979642	0	0
800	-2.273554	-5.612508	0	0
801	4.932275	-0.3421785	0	0
802	2.465002	5.176652	0	0
803	-4.110856	4.0843	0	0
804	-1.887747	4.276901	0	0
805	4.426453	4.236344	0	0
806	-3.288459	-4.41702	0	0
807	-3.744492	-3.92843	0	0
808	-3.271307	-4.889943	0	0
809	2.270288	4.106685	0	0
810	4.204205	-3.021885	0	0
811	2.34257	5.039881	0	0
812	-4.986258	-2.319538	0	0
813	-5.561979	3.49926	0	0
814	2.683994	5.854597	0	0
815	-1.040302	-4.963774	0	0
816	2.672136	-2.900078	0	0
817	0.7764411	-3.038619	0	0
818	-5.00837	4.169677	0	0
819	5.20627	-0.186544	0	0
820	-2.911607	-3.905815	0	0
821	-3.999165	4.460257	0	0
822	2.849679	-2.250562	0	0
823	-3.752514	4.00125	0	0
824	4.977143	1.630628	0	0
825	-2.36336	4.465763	0	0
826	-5.875056	2.724227	0	0
827	2.330285	5.033302	0	0
828	4.081967	2.003558	0	0
829	4.622463	-2.028733	0	0
830	-5.900026	2.938693	0	0
831	4.747974	1.248014	0	0
832	-4.104734	3.620935	0	0
833	-6.023838	2.383585	0	0
834	3.696944	3.200681	0	0
835	4.178098	-5.101492	0	0
836	4.178359	2.834419	0	0
837	-3.649017	-1.859424	0	0
838	1.991839	-4.662151	0	0
839	5.14825	0.3773351	0	0
840	-3.471339	1.951603	0	0
841	-3.698264	4.012952	0	0
842	-1.181227	2.515865	0	0
843	4.525825	-2.532671	0	0
844	-3.073851	-2.433232	0	0
845	-6.235112	1.787999	0	0
846	3.227118	5.389105	0	0
847	-5.976819	1.579827	0	0
848	-4.861915	2.725288	0	0
849	-5.502345	-0.4046975	0	0
850	5.092727	2.774092	0	0
851	-1.791537	3.694029	0	0
852	-1.461643	-4.4551	0	0
853	5.319683	0.01655248	0	0
854	-6.069742	2.939896	0	0
855	-3.276566	-4.823804	0	0
856	5.207066	2.157126	0	0
857	2.81551	4.549615	0	0
858	3.328438	-5.375011	0	0
859	4.844761	4.695611	0	0
860	2.254474	5.437933	0	0
861	0.1375046	-4.885889	0	0
862	-4.611298	4.304341	0	0
863	4.662053	4.796936	0	0
864	-0.07464499	-2.213393	0	0
865	2.171494	5.125794	0	0
866	-3.469166	2.543071	0	0
867	4.779794	-3.662831	0	0
868	4.1244	-3.434295	0	0
869	-3.688796	-2.56526	0	0
870	3.60768	3.363761	0	0
871	-5.387358	-0.305478	0	0
872	4.586396	-2.304319	0	0
873	2.912616	5.504648	0	0
874	2.29882	4.166688	0	0
875	-3.604279	-4.198393	0	0
876	-4.846404	-1.904001	0	0
877	-3.548454	1.288418	0	0
878	1.84531	5.636729	0	0
879	5.165037	0.9625979	0	0
880	2.571518	-3.629635	0	0
881	0.3193521	3.317305	0	0
882	-5.974887	0.9397586	0	0
883	-4.409509	-1.673137	0	0
884	-0.5449112	0.2760793	0	0
885	-4.62949	-2.910688	0	0
886	-3.74837	-2.173484	0	0
887	-1.070236	1.295168	0	0
888	-2.999229	-4.781465	0	0
889	2.697147	-5.401796	0	0
890	4.734302	4.998254	0	0
891	4.915589	-2.087193	0	0
892	3.177753	-2.200942	0	0
893	3.104829	5.480296	0	0
894	0.5057242	-4.691342	0	0
895	-3.320847	3.843902	0	0
896	3.869683	-1.403839	0	0
897	3.159471	-5.059098	0	0
898	-5.46557	3.309741	0	0
899	4.627902	2.601658	0	0
900	-1.261946	-5.304118	0	0
901	-3.393801	4.638425	0	0
902	4.593137	-2.408026	0	0
903	-5.819961	1.383444	0	0
904	-3.307205	4.636391	0	0
905	3.222054	-5.12743	0	0
906	0.4617846	-3.001824	0	0
907	5.032765	-0.15761	0	0
908	-1.7981	4.849275	0	0
909	-0.3514578	-4.520753	0	0
910	2.351762	4.755153	0	0
911	-5.155928	3.855551	0	0
912	3.905801	-3.374019	0	0
913	5.370857	0.8991286	0	0
914	4.88939	-1.885642	0	0
915	-4.487468	-1.764812	0	0
916	4.942436	2.675851	0	0
917	-1.030673	-4.876714	0	0
918	-5.147763	3.136953	0	0
919	-1.284993	-5.747285	0	0
920	-5.340936	3.929078	0	0
921	2.505884	4.318993	0	0
922	-2.911389	-4.697853	0	0
923	0.5947694	-4.841311	0	0
924	0.9164317	-5.243671	0	0
925	3.89451	2.578104	0	0
926	-3.722597	4.569077	0	0
927	3.796895	0.7667759	0	0
928	-3.937961	-4.238899	0	0
929	-5.936587	2.783105	0	0
930	-4.921176	-2.227669	0	0
931	-0.1543021	-4.349481	0	0
932	4.994462	-2.967447	0	0
933	1.028137	-3.833314	0	0
934	4.45667	-2.86546	0	0
935	2.976216	5.476627	0	0
936	-1.904896	-4.444489	0	0
937	3.216544	-1.327636	0	0
938	-5.37148	-1.463355	0	0
939	3.867215	-2.488486	0	0
940	5.045414	1.135518	0	0
941	-2.797429	-4.993816	0	0
942	3.194906	-3.930507	0	0
943	-0.5578382	-5.539217	0	0
944	5.049004	2.756987	0	0
945	4.407414	-4.11582	0	0
946	3.976338	3.506322	0	0
947	4.497823	4.606753	0	0
948	1.079781	1.390477	0	0
949	-4.684722	2.654856	0	0
950	-3.610759	-3.621902	0	0
951	-4.731434	-2.695718	0	0
952	-1.585828	-4.986478	0	0
953	4.606608	-4.105265	0	0
954	-3.473324	-3.986122	0	0
955	-6.160927	1.84912	0	0
956	3.737016	-3.505103	0	0
957	-1.254811	-5.243535	0	0
958	-4.940413	-2.163228	0	0
959	-5.583422	2.937861	0	0
960	4.548868	-2.486544	0	0
961	1.099572	-3.504633	0	0
962	4.513539	-2.539249	0	0
963	-5.517336	-0.1302409	0	0
964	5.198207	0.5323274	0	0
965	-3.538369	-4.681414	0	0
966	1.351492	3.974331	0	0
967	-2.749927	-4.640825	0	0
968	4.148026	1.328744	0	0
969	-0.3861422	-4.535582	0	0
970	0.04249651	-5.209984	0	0
971	4.510108	4.613332	0	0
972	-3.843184	-2.146779	0	0
973	3.865636	4.546376	0	0
974	-4.271298	-3.549529	0	0
975	4.709322	-3.818372	0	0
976	-3.858524	-1.597947	0	0
977	4.573741	-2.292466	0	0
